YEAR,DOY,GWETPROF,GWETROOT,GWETTOP,PS,WS2M,WD2M,PRECTOTCORR,RH2M,QV2M,T2M_MIN,T2M_MAX,T2MDEW,ALLSKY_SFC_SW_DWN
1981,2,0.74,0.76,0.8,95.99,4.78,317.81,7.02,87.31,5.55,6.04,7.94,4.73,-999.0
1981,3,0.75,0.77,0.79,95.97,2.03,306.31,1.18,87.19,5.68,4.41,11.51,4.92,-999.0
1981,4,0.74,0.76,0.78,95.42,2.86,274.25,0.25,88.0,5.74,3.76,13.06,4.9,-999.0
1981,5,0.74,0.76,0.79,95.48,3.66,309.44,1.99,91.94,6.23,3.08,10.28,6.07,-999.0
1981,6,0.75,0.76,0.78,95.89,2.34,311.25,0.46,82.88,4.58,1.44,10.27,1.87,-999.0
1981,7,0.75,0.77,0.8,95.45,4.9,302.69,7.78,88.81,5.13,0.66,9.08,3.33,-999.0
1981,8,0.76,0.77,0.82,95.76,6.12,348.38,19.41,82.69,3.91,0.26,4.25,-0.37,-999.0
1981,9,0.77,0.78,0.8,95.93,3.28,347.62,1.69,86.06,3.85,-0.45,3.78,-0.47,-999.0
1981,10,0.77,0.78,0.82,95.19,1.99,272.56,3.72,89.06,4.52,0.06,7.51,1.64,-999.0
1981,11,0.77,0.78,0.8,94.6,3.59,195.69,0.0,78.06,4.09,-0.26,10.37,0.04,-999.0
1981,12,0.77,0.78,0.8,94.83,1.53,244.12,1.05,82.69,4.46,1.44,8.98,1.33,-999.0
1981,13,0.77,0.78,0.8,94.07,2.32,250.44,1.53,82.75,4.03,0.62,6.21,-0.17,-999.0
1981,14,0.77,0.78,0.8,94.79,4.29,309.56,2.73,84.44,4.27,1.74,5.19,0.81,-999.0
1981,15,0.77,0.78,0.8,94.91,5.63,279.0,0.67,86.31,5.37,1.9,9.8,3.98,-999.0
1981,16,0.77,0.78,0.8,95.01,4.73,311.12,2.52,94.62,6.9,4.85,10.28,7.6,-999.0
1981,17,0.77,0.78,0.8,95.41,2.3,282.0,0.9,87.88,6.35,4.83,14.17,6.44,-999.0
1981,18,0.77,0.78,0.8,95.54,3.5,306.94,1.86,87.88,5.68,4.65,10.04,4.93,-999.0
1981,19,0.77,0.78,0.8,95.83,2.48,305.19,0.62,87.44,5.55,2.44,11.05,4.69,-999.0
1981,20,0.77,0.78,0.8,95.06,5.62,277.38,3.28,82.44,5.8,2.0,14.22,4.87,-999.0
1981,21,0.77,0.79,0.81,95.1,6.3,331.62,5.91,80.62,4.94,4.68,8.08,2.94,-999.0
1981,22,0.77,0.79,0.81,95.29,4.25,337.38,3.14,82.44,4.82,4.1,8.06,2.65,-999.0
1981,23,0.77,0.79,0.8,95.43,3.1,211.06,0.69,82.56,4.52,2.67,7.23,1.78,-999.0
1981,24,0.77,0.79,0.8,95.66,1.77,325.06,0.23,85.81,5.0,2.5,9.15,3.05,-999.0
1981,25,0.77,0.79,0.8,95.93,1.23,217.12,0.13,78.81,4.88,2.9,12.09,2.81,-999.0
1981,26,0.77,0.78,0.8,95.95,1.77,275.88,0.01,77.44,4.58,0.44,14.23,1.58,-999.0
1981,27,0.77,0.78,0.8,96.26,1.55,211.44,0.75,90.19,5.86,3.18,10.7,5.48,-999.0
1981,28,0.77,0.78,0.8,96.28,2.17,338.0,1.52,87.62,5.62,4.85,9.99,4.88,-999.0
1981,29,0.77,0.78,0.8,96.21,2.14,89.88,1.68,74.12,4.09,0.8,8.41,0.02,-999.0
1981,30,0.77,0.78,0.8,96.22,1.6,318.19,0.94,78.44,3.78,-0.99,8.15,-0.7,-999.0
1981,31,0.77,0.78,0.8,96.49,1.58,313.69,0.92,84.0,4.58,1.79,8.66,1.94,-999.0
1981,32,0.77,0.78,0.81,96.56,1.63,157.06,3.95,90.12,5.37,3.39,8.85,4.2,-999.0
1981,33,0.77,0.79,0.81,96.57,1.38,206.38,2.95,84.75,5.07,3.86,9.25,3.45,-999.0
1981,34,0.77,0.79,0.81,96.16,1.77,287.75,2.22,89.69,5.07,2.02,9.27,3.36,-999.0
1981,35,0.77,0.79,0.8,94.95,3.12,245.25,0.27,71.12,4.27,-0.92,15.06,0.6,-999.0
1981,36,0.77,0.79,0.82,94.72,5.19,307.12,6.89,83.06,5.31,5.08,8.03,3.83,-999.0
1981,37,0.78,0.79,0.81,95.76,4.32,327.06,3.53,85.94,5.62,3.68,9.94,4.71,-999.0
1981,38,0.78,0.8,0.81,96.24,2.54,315.0,2.22,92.12,6.1,6.08,10.26,6.11,-999.0
1981,39,0.78,0.79,0.8,96.13,1.04,188.06,0.28,80.44,5.62,4.73,16.14,4.82,-999.0
1981,40,0.78,0.79,0.8,95.6,2.66,220.69,0.0,73.0,5.68,4.42,19.47,4.73,-999.0
1981,41,0.77,0.79,0.8,95.31,1.5,214.38,0.01,67.75,5.43,4.15,18.73,4.16,-999.0
1981,42,0.77,0.78,0.8,95.17,1.57,205.25,2.9,84.12,6.29,6.23,14.23,6.27,-999.0
1981,43,0.78,0.79,0.81,94.46,1.26,150.25,4.51,77.25,5.98,5.94,16.17,5.41,-999.0
1981,44,0.78,0.79,0.8,94.02,3.52,206.0,1.16,78.62,6.16,6.21,14.41,5.72,-999.0
1981,45,0.78,0.79,0.82,94.94,2.07,230.75,5.34,88.31,6.35,5.93,11.94,6.39,-999.0
1981,46,0.78,0.8,0.8,95.05,1.43,164.81,0.2,80.69,5.98,4.68,16.58,5.57,-999.0
1981,47,0.78,0.79,0.81,94.44,1.45,142.62,3.34,84.69,6.59,4.59,15.7,6.8,-999.0
1981,48,0.79,0.8,0.85,94.44,1.95,144.06,14.55,91.69,6.71,6.2,11.44,7.2,-999.0
1981,49,0.8,0.81,0.83,94.79,2.39,300.69,3.99,87.81,5.37,1.45,9.64,4.06,-999.0
1981,50,0.8,0.81,0.82,94.52,2.32,238.19,0.94,82.06,4.88,1.23,12.72,2.62,-999.0
1981,51,0.8,0.8,0.82,94.49,2.06,250.38,3.35,84.94,5.19,3.06,10.59,3.41,-999.0
1981,52,0.8,0.81,0.84,94.7,4.22,306.69,5.7,87.38,4.52,2.63,5.43,1.48,-999.0
1981,53,0.8,0.82,0.84,95.06,3.37,305.88,3.81,83.25,4.64,2.4,9.05,1.92,-999.0
1981,54,0.8,0.81,0.82,95.21,2.48,285.31,1.0,83.5,4.88,2.23,10.38,2.56,-999.0
1981,55,0.8,0.81,0.82,95.33,1.62,270.31,0.63,71.19,4.58,-0.15,14.4,1.69,-999.0
1981,56,0.8,0.81,0.82,95.46,1.7,311.94,0.04,84.12,5.55,3.68,12.55,4.62,-999.0
1981,57,0.8,0.81,0.82,95.42,1.34,234.0,0.0,78.19,4.94,3.19,13.08,2.88,-999.0
1981,58,0.8,0.8,0.81,94.94,2.0,226.06,0.05,75.25,5.92,3.33,15.54,5.3,-999.0
1981,59,0.8,0.8,0.81,94.75,2.56,241.75,0.0,68.38,6.9,7.45,22.19,7.43,-999.0
1981,60,0.79,0.8,0.81,94.83,1.4,204.0,0.0,72.56,7.26,8.23,20.64,8.24,-999.0
1981,61,0.79,0.8,0.81,94.88,1.1,247.56,0.19,82.31,8.24,10.36,18.83,10.24,-999.0
1981,62,0.79,0.8,0.8,94.65,1.61,278.25,0.04,80.44,7.45,8.46,19.9,8.69,-999.0
1981,63,0.78,0.79,0.8,94.61,1.79,307.81,0.01,82.56,6.77,6.3,15.77,7.29,-999.0
1981,64,0.78,0.79,0.8,95.11,1.23,65.94,0.04,76.12,6.71,7.81,18.36,7.23,-999.0
1981,65,0.78,0.79,0.8,95.37,1.39,281.56,0.05,85.31,7.45,8.25,17.83,8.86,-999.0
1981,66,0.77,0.78,0.8,95.71,1.89,191.75,0.0,82.5,6.9,6.8,17.56,7.75,-999.0
1981,67,0.77,0.78,0.8,95.85,1.53,230.25,0.0,73.31,6.77,5.25,20.67,7.51,-999.0
1981,68,0.77,0.77,0.79,95.95,1.65,229.25,0.0,73.75,7.08,8.37,19.9,8.15,-999.0
1981,69,0.77,0.77,0.79,95.92,1.34,206.38,0.0,73.0,6.9,7.51,21.23,7.77,-999.0
1981,70,0.77,0.77,0.78,95.68,1.41,240.88,0.0,66.94,7.63,8.68,23.64,9.15,-999.0
1981,71,0.76,0.77,0.78,95.16,1.79,274.31,0.0,69.56,8.79,12.06,24.06,11.14,-999.0
1981,72,0.76,0.77,0.78,94.94,2.27,290.81,0.22,73.44,8.12,10.03,21.4,9.98,-999.0
1981,73,0.76,0.77,0.8,94.66,2.07,178.94,8.21,88.81,8.12,10.13,14.24,10.07,-999.0
1981,74,0.76,0.77,0.8,94.65,1.74,290.31,1.34,85.06,7.93,8.77,17.36,9.7,-999.0
1981,75,0.76,0.77,0.79,94.9,1.5,126.44,0.02,80.69,6.77,8.13,16.55,7.35,-999.0
1981,76,0.76,0.77,0.81,94.6,2.61,61.25,9.69,92.44,6.35,6.05,8.56,6.33,-999.0
1981,77,0.77,0.79,0.83,94.61,4.84,321.12,8.63,82.44,5.49,5.48,10.35,4.29,-999.0
1981,78,0.77,0.78,0.8,94.81,3.27,252.69,0.19,72.94,5.13,4.83,13.83,3.36,-999.0
1981,79,0.77,0.78,0.79,94.73,2.05,254.12,0.02,64.19,5.86,4.98,20.69,5.03,-999.0
1981,80,0.77,0.77,0.79,95.13,1.82,297.69,0.53,76.69,6.59,7.63,16.88,6.98,-999.0
1981,81,0.77,0.77,0.78,95.08,3.08,278.31,0.13,76.31,6.71,4.95,19.1,7.16,-999.0
1981,82,0.76,0.77,0.78,95.34,2.39,300.19,0.08,84.5,7.87,7.05,18.48,9.56,-999.0
1981,83,0.76,0.76,0.78,95.55,1.66,220.62,0.03,75.62,7.63,6.6,21.42,9.12,-999.0
1981,84,0.75,0.76,0.77,95.33,1.41,221.25,0.0,68.44,8.67,10.97,26.15,11.02,-999.0
1981,85,0.75,0.75,0.77,95.16,2.1,272.0,0.0,67.81,8.36,12.13,24.25,10.44,-999.0
1981,86,0.74,0.74,0.77,94.92,1.65,215.56,0.0,69.81,7.87,11.19,23.33,9.53,-999.0
1981,87,0.74,0.74,0.76,94.48,1.74,199.62,0.38,71.25,8.24,11.47,23.87,10.19,-999.0
1981,88,0.73,0.74,0.77,94.29,3.16,142.06,1.13,78.56,8.12,10.55,19.74,9.92,-999.0
1981,89,0.73,0.74,0.79,94.2,3.21,154.19,11.11,87.38,6.71,5.3,13.07,7.16,-999.0
1981,90,0.76,0.77,0.84,94.07,4.28,288.12,17.29,91.94,6.29,3.87,10.32,5.94,-999.0
1981,91,0.76,0.77,0.79,94.44,4.73,270.88,0.72,76.0,6.1,5.23,14.73,5.67,-999.0
1981,92,0.76,0.77,0.78,94.63,2.11,204.31,0.0,68.5,5.92,4.16,19.89,4.98,-999.0
1981,93,0.75,0.76,0.77,94.62,2.69,222.31,0.38,70.56,6.35,7.01,22.64,6.12,-999.0
1981,94,0.75,0.76,0.77,95.15,1.89,301.25,0.24,81.06,7.02,6.48,17.47,7.83,-999.0
1981,95,0.74,0.75,0.77,95.21,2.09,255.75,0.32,82.25,7.02,6.69,16.46,7.95,-999.0
1981,96,0.74,0.75,0.77,95.09,2.35,202.62,0.0,67.06,7.02,6.28,24.12,7.85,-999.0
1981,97,0.73,0.74,0.76,95.32,1.61,191.88,0.0,60.38,7.57,9.98,26.92,8.89,-999.0
1981,98,0.73,0.73,0.76,95.57,1.66,234.44,0.0,56.12,7.69,11.77,26.68,9.13,-999.0
1981,99,0.73,0.73,0.75,95.62,1.92,218.19,0.0,63.0,8.42,13.12,25.45,10.48,-999.0
1981,100,0.73,0.73,0.75,95.26,1.45,165.0,0.0,66.62,9.34,15.02,24.35,12.05,-999.0
1981,101,0.72,0.72,0.74,94.95,1.76,215.62,0.0,67.12,8.73,12.9,25.46,11.01,-999.0
1981,102,0.72,0.72,0.74,94.73,1.62,110.56,0.0,79.31,9.7,12.35,24.36,12.7,-999.0
1981,103,0.71,0.72,0.73,94.95,1.52,134.5,0.06,78.44,9.58,12.35,23.43,12.51,-999.0
1981,104,0.71,0.71,0.73,95.41,2.25,320.69,0.36,85.81,9.22,11.33,19.1,12.04,-999.0
1981,105,0.71,0.71,0.73,95.36,1.27,204.5,1.37,79.12,8.48,10.94,22.2,10.77,-999.0
1981,106,0.71,0.72,0.77,94.48,3.24,228.75,11.58,79.38,8.36,8.9,19.97,10.42,-999.0
1981,107,0.72,0.73,0.77,94.24,2.44,304.5,8.45,81.94,7.39,8.31,16.25,8.56,-999.0
1981,108,0.73,0.73,0.78,94.47,2.67,305.81,5.43,82.12,7.2,7.51,15.97,8.19,-999.0
1981,109,0.72,0.73,0.76,94.91,1.09,249.12,1.17,70.62,6.96,9.37,21.39,7.67,-999.0
1981,110,0.72,0.73,0.75,94.83,1.37,224.62,0.96,69.12,6.9,7.08,21.05,7.46,-999.0
1981,111,0.72,0.72,0.75,94.45,1.64,138.56,1.89,79.5,8.18,10.86,18.81,10.02,-999.0
1981,112,0.72,0.73,0.76,94.02,1.85,237.94,3.69,84.94,8.73,9.9,18.34,11.02,-999.0
1981,113,0.72,0.73,0.77,94.11,2.12,206.25,6.99,89.38,8.18,7.58,16.8,10.03,-999.0
1981,114,0.72,0.73,0.75,94.7,2.73,223.5,0.07,72.19,6.77,5.75,20.64,7.19,-999.0
1981,115,0.72,0.72,0.74,94.73,1.52,213.12,0.05,70.19,7.2,8.99,23.49,8.08,-999.0
1981,116,0.71,0.72,0.73,94.74,3.29,287.0,0.24,73.5,6.41,5.58,18.06,6.39,-999.0
1981,117,0.71,0.71,0.73,94.95,1.73,198.56,0.0,63.06,4.94,3.47,20.09,2.41,-999.0
1981,118,0.7,0.7,0.72,94.99,1.98,128.62,0.01,70.62,6.77,4.96,24.1,7.27,-999.0
1981,119,0.7,0.7,0.72,94.99,2.66,55.56,0.24,82.75,8.73,10.15,19.94,11.08,-999.0
1981,120,0.7,0.7,0.71,94.31,2.05,215.12,0.06,73.75,8.61,10.59,26.05,10.74,-999.0
1981,121,0.7,0.7,0.72,94.31,2.55,318.88,4.75,82.25,8.18,9.42,18.74,10.09,-999.0
1981,122,0.7,0.7,0.72,94.73,2.57,294.88,1.44,72.81,7.26,9.07,19.16,8.35,-999.0
1981,123,0.7,0.7,0.74,94.64,3.22,281.94,12.65,75.25,7.45,8.28,21.88,8.61,-999.0
1981,124,0.7,0.7,0.73,94.73,2.6,285.88,0.22,67.31,6.47,6.9,21.03,6.55,-999.0
1981,125,0.7,0.7,0.71,94.84,3.03,287.25,0.0,70.62,7.14,9.09,19.58,8.08,-999.0
1981,126,0.7,0.7,0.7,95.17,1.46,107.5,0.0,61.88,6.96,8.18,24.26,7.62,-999.0
1981,127,0.69,0.69,0.69,94.82,2.26,237.25,0.03,61.44,9.03,11.33,30.98,11.44,-999.0
1981,128,0.68,0.68,0.69,94.75,2.41,148.5,0.91,76.31,9.34,12.24,25.09,12.12,-999.0
1981,129,0.68,0.68,0.69,94.09,2.85,215.0,1.0,71.06,9.16,10.72,30.55,11.65,-999.0
1981,130,0.68,0.68,0.71,94.41,2.45,283.88,5.3,75.38,7.51,9.62,17.71,8.79,-999.0
1981,131,0.68,0.68,0.69,94.86,2.66,283.44,0.15,68.31,6.96,7.76,20.31,7.68,-999.0
1981,132,0.67,0.67,0.68,94.94,2.57,280.06,0.02,69.75,6.96,7.84,20.55,7.75,-999.0
1981,133,0.67,0.67,0.68,94.8,1.73,209.75,0.08,68.38,6.96,8.04,21.87,7.49,-999.0
1981,134,0.67,0.67,0.68,94.61,2.2,77.88,2.04,73.19,8.61,10.48,25.21,10.82,-999.0
1981,135,0.66,0.66,0.68,94.97,3.49,128.5,1.91,84.0,8.73,10.62,16.73,11.07,-999.0
1981,136,0.66,0.66,0.67,95.31,1.48,195.06,0.01,65.5,7.2,9.01,23.27,8.23,-999.0
1981,137,0.66,0.66,0.66,95.31,1.5,225.06,0.46,62.06,7.75,11.35,25.58,9.32,-999.0
1981,138,0.66,0.66,0.66,95.34,1.98,196.62,1.66,60.19,8.91,12.4,26.91,11.4,-999.0
1981,139,0.66,0.65,0.64,95.42,2.1,207.12,0.0,48.5,7.93,13.52,31.02,9.55,-999.0
1981,140,0.65,0.64,0.63,95.32,2.3,211.69,0.01,44.81,8.12,15.64,33.38,9.93,-999.0
1981,141,0.64,0.63,0.63,95.3,1.95,196.19,0.02,55.62,8.97,15.44,30.36,11.37,-999.0
1981,142,0.64,0.63,0.64,95.6,1.51,203.12,0.52,71.19,9.46,14.13,25.5,12.41,-999.0
1981,143,0.64,0.63,0.64,95.54,1.72,86.38,0.68,75.31,10.13,13.55,25.45,13.53,-999.0
1981,144,0.63,0.62,0.62,95.23,1.94,209.88,0.0,65.75,9.95,13.79,28.62,13.12,-999.0
1981,145,0.62,0.62,0.61,94.7,2.27,206.12,0.0,51.0,9.16,16.11,33.26,11.64,-999.0
1981,146,0.62,0.62,0.62,94.7,2.73,290.69,0.0,68.06,9.4,11.48,26.81,12.17,-999.0
1981,147,0.62,0.62,0.62,95.22,1.74,99.56,0.0,60.56,6.59,10.51,24.62,6.84,-999.0
1981,148,0.62,0.61,0.61,95.4,1.74,166.5,0.0,56.56,7.57,9.99,28.69,8.94,-999.0
1981,149,0.62,0.61,0.61,95.17,1.4,190.94,0.0,54.62,8.54,14.29,28.87,10.72,-999.0
1981,150,0.61,0.6,0.6,94.95,1.73,182.62,0.0,53.31,9.16,16.76,33.18,11.69,-999.0
1981,151,0.61,0.6,0.59,94.81,1.82,273.38,0.02,59.38,10.01,15.96,31.33,13.13,-999.0
1981,152,0.6,0.59,0.59,95.0,2.1,86.44,0.04,69.81,10.86,15.19,30.26,14.49,-999.0
1981,153,0.6,0.59,0.59,95.2,2.09,252.0,0.04,73.56,10.93,15.37,26.78,14.59,-999.0
1981,154,0.6,0.59,0.59,95.26,1.79,317.56,0.03,66.25,9.52,14.32,27.54,12.5,-999.0
1981,155,0.59,0.59,0.59,95.52,2.27,245.25,0.0,66.81,8.79,13.28,25.24,11.21,-999.0
1981,156,0.59,0.59,0.59,95.49,1.68,142.0,0.0,62.25,8.12,12.44,27.33,10.05,-999.0
1981,157,0.59,0.58,0.58,95.25,1.74,164.44,0.0,57.56,8.61,13.5,30.22,10.98,-999.0
1981,158,0.59,0.58,0.58,95.15,1.5,160.38,0.0,58.31,9.46,14.19,32.48,12.31,-999.0
1981,159,0.58,0.57,0.57,95.04,1.45,135.38,0.0,50.69,10.19,17.98,35.49,13.4,-999.0
1981,160,0.58,0.57,0.56,94.96,2.07,231.5,0.0,51.06,10.44,19.73,35.73,13.75,-999.0
1981,161,0.57,0.56,0.55,95.2,1.68,202.88,0.0,56.94,10.99,19.19,33.69,14.6,-999.0
1981,162,0.57,0.56,0.55,95.46,1.69,214.38,0.0,56.81,10.62,18.62,33.13,14.15,-999.0
1981,163,0.56,0.55,0.55,95.65,2.06,189.69,0.0,57.69,9.64,16.58,29.58,12.66,-999.0
1981,164,0.56,0.55,0.54,95.56,2.79,305.44,0.0,58.94,9.77,15.91,29.32,12.9,-999.0
1981,165,0.56,0.55,0.53,95.42,1.9,134.62,0.0,55.81,9.58,15.8,30.67,12.51,-999.0
1981,166,0.55,0.55,0.52,95.37,1.73,157.5,0.02,52.56,10.07,16.66,33.55,13.3,-999.0
1981,167,0.55,0.54,0.51,95.16,1.82,193.81,0.0,45.06,9.52,18.3,34.97,12.37,-999.0
1981,168,0.55,0.54,0.49,94.91,1.77,161.06,0.0,48.5,10.19,20.17,34.0,13.33,-999.0
1981,169,0.55,0.54,0.48,95.04,2.54,35.56,0.01,56.19,9.09,15.09,28.74,11.61,-999.0
1981,170,0.55,0.53,0.48,95.16,2.37,37.19,0.03,55.19,7.81,14.2,26.76,9.49,-999.0
1981,171,0.55,0.53,0.48,95.21,2.13,124.75,0.96,58.31,8.61,14.59,27.74,10.96,-999.0
1981,172,0.54,0.53,0.47,95.11,1.9,188.31,0.13,54.0,8.36,13.83,30.05,10.45,-999.0
1981,173,0.54,0.53,0.46,94.88,2.05,208.44,0.0,59.69,8.73,14.86,26.89,11.02,-999.0
1981,174,0.54,0.53,0.46,94.76,2.09,43.56,0.0,62.94,8.79,14.73,26.37,11.14,-999.0
1981,175,0.54,0.53,0.48,94.94,2.12,38.12,2.39,70.81,9.28,14.34,21.76,12.09,-999.0
1981,176,0.54,0.54,0.52,94.79,3.05,31.25,4.36,81.75,10.07,14.35,21.3,13.26,-999.0
1981,177,0.54,0.54,0.51,94.88,1.95,76.44,0.56,66.0,9.46,14.05,26.98,12.27,-999.0
1981,178,0.54,0.54,0.52,94.65,1.59,176.88,3.58,53.38,9.58,13.87,34.08,12.07,-999.0
1981,179,0.54,0.54,0.55,94.92,2.49,241.38,3.23,72.38,12.15,16.34,30.02,16.17,-999.0
1981,180,0.54,0.54,0.53,95.38,3.16,63.31,0.38,67.62,10.44,14.88,28.4,13.9,-999.0
1981,181,0.54,0.53,0.51,95.32,2.8,49.12,0.0,69.5,11.35,15.48,29.76,15.19,-999.0
1981,182,0.54,0.53,0.49,94.98,1.81,136.81,0.0,59.19,11.54,16.59,37.5,15.33,-999.0
1981,183,0.53,0.52,0.45,94.69,2.98,205.56,0.0,36.06,8.91,21.71,41.2,10.97,-999.0
1981,184,0.53,0.52,0.45,95.27,2.34,289.81,0.0,65.5,11.41,17.98,28.41,15.24,-999.0
1981,185,0.53,0.52,0.44,95.62,2.35,87.69,0.0,64.06,10.62,16.23,29.59,14.24,-999.0
1981,186,0.53,0.52,0.43,95.61,2.09,45.62,0.15,61.94,9.95,15.47,30.36,13.19,-999.0
1981,187,0.52,0.52,0.42,95.64,1.87,63.94,0.0,57.25,9.28,15.43,31.37,11.98,-999.0
1981,188,0.52,0.52,0.41,95.34,1.65,183.12,0.34,50.0,10.19,16.75,35.73,13.42,-999.0
1981,189,0.52,0.52,0.42,95.0,1.91,211.25,1.29,44.0,10.62,21.24,37.3,14.02,-999.0
1981,190,0.52,0.52,0.42,94.82,2.03,264.94,0.97,55.19,11.54,21.73,33.59,15.23,-999.0
1981,191,0.52,0.52,0.43,94.83,1.99,278.25,0.19,59.38,11.05,17.93,31.63,14.65,-999.0
1981,192,0.52,0.52,0.42,95.23,3.05,319.62,0.3,72.25,10.99,16.49,25.91,14.58,-999.0
1981,193,0.52,0.51,0.41,95.47,2.48,340.69,0.07,70.25,10.74,16.07,26.06,14.41,-999.0
1981,194,0.52,0.51,0.41,95.56,1.89,151.88,0.0,60.19,9.34,15.87,28.3,12.21,-999.0
1981,195,0.52,0.51,0.41,95.5,2.13,268.88,0.0,63.25,9.89,15.9,28.69,13.04,-999.0
1981,196,0.52,0.51,0.4,95.51,2.09,249.94,0.0,64.31,9.83,15.3,28.41,12.92,-999.0
1981,197,0.52,0.51,0.39,95.41,1.87,200.56,0.0,53.38,8.79,15.15,32.08,11.05,-999.0
1981,198,0.52,0.5,0.38,95.02,1.34,221.38,0.04,43.69,9.46,17.1,35.82,12.26,-999.0
1981,199,0.51,0.5,0.37,94.79,3.73,250.62,0.06,53.19,10.62,17.96,36.37,13.86,-999.0
1981,200,0.51,0.5,0.38,95.53,3.31,138.62,0.01,60.81,8.48,13.8,24.76,10.8,-999.0
1981,201,0.51,0.5,0.38,95.64,2.21,256.62,0.0,62.44,8.18,13.29,24.83,10.26,-999.0
1981,202,0.51,0.5,0.37,95.41,1.95,192.81,0.0,60.06,8.91,13.85,28.26,11.43,-999.0
1981,203,0.51,0.5,0.36,94.92,1.87,206.56,0.03,48.69,8.61,14.11,34.36,10.76,-999.0
1981,204,0.51,0.49,0.35,94.8,2.56,221.81,0.04,37.06,8.0,18.73,35.76,9.51,-999.0
1981,205,0.5,0.49,0.34,95.06,2.5,204.81,0.02,46.44,9.4,18.4,36.91,12.02,-999.0
1981,206,0.5,0.49,0.35,95.69,3.3,78.38,0.08,65.19,10.5,16.51,28.55,14.01,-999.0
1981,207,0.5,0.49,0.35,95.86,2.6,41.38,0.02,63.69,9.64,15.31,27.95,12.82,-999.0
1981,208,0.5,0.49,0.35,95.71,2.41,314.31,0.0,63.75,9.09,14.62,27.37,11.69,-999.0
1981,209,0.5,0.49,0.35,95.36,2.34,318.12,0.0,65.0,9.77,14.33,27.71,12.85,-999.0
1981,210,0.5,0.49,0.34,95.32,1.49,184.12,0.0,55.0,8.97,14.4,32.89,11.33,-999.0
1981,211,0.5,0.48,0.34,95.45,1.61,180.81,0.0,43.69,8.48,16.75,36.19,10.53,-999.0
1981,212,0.49,0.48,0.33,95.23,1.88,181.88,0.0,34.38,7.93,19.74,38.68,9.55,-999.0
1981,213,0.49,0.48,0.32,94.92,2.27,214.31,0.0,36.44,8.18,20.69,36.83,9.98,-999.0
1981,214,0.49,0.48,0.32,95.15,1.68,114.69,0.0,38.0,8.48,20.33,37.44,10.54,-999.0
1981,215,0.49,0.48,0.31,95.55,2.07,165.44,0.0,43.0,9.09,19.98,36.27,11.59,-999.0
1981,216,0.49,0.48,0.3,95.52,1.77,100.75,0.0,38.62,7.63,19.3,35.71,8.62,-999.0
1981,217,0.48,0.48,0.3,95.16,1.73,102.75,0.0,35.75,7.75,18.71,37.23,9.29,-999.0
1981,218,0.48,0.48,0.3,94.99,2.07,219.06,0.0,31.62,7.57,19.98,37.69,8.77,-999.0
1981,219,0.48,0.48,0.29,95.04,2.28,216.88,0.01,32.69,7.93,21.11,37.62,9.34,-999.0
1981,220,0.48,0.48,0.29,95.15,2.37,219.31,0.03,33.75,8.18,21.28,38.01,9.71,-999.0
1981,221,0.48,0.48,0.34,95.31,1.46,222.12,3.47,52.88,11.29,21.83,32.99,14.9,-999.0
1981,222,0.48,0.48,0.4,95.23,1.87,151.19,1.21,58.94,12.08,20.82,35.32,15.97,-999.0
1981,223,0.48,0.48,0.4,95.05,1.91,149.75,0.99,55.88,11.47,20.4,35.92,15.17,-999.0
1981,224,0.48,0.48,0.42,94.99,1.75,230.94,2.27,56.06,11.17,19.81,32.98,14.78,-999.0
1981,225,0.49,0.48,0.49,94.98,1.65,154.0,4.45,71.75,12.45,18.57,28.64,16.51,-999.0
1981,226,0.49,0.49,0.47,95.15,2.09,79.38,0.07,66.75,10.93,17.29,29.36,14.48,-999.0
1981,227,0.49,0.48,0.44,95.19,1.61,149.69,0.48,62.94,10.5,16.37,31.58,13.79,-999.0
1981,228,0.48,0.48,0.41,95.21,1.94,132.69,0.0,60.75,10.62,17.09,32.06,14.05,-999.0
1981,229,0.48,0.48,0.4,95.28,1.96,218.5,0.0,56.44,9.89,17.39,31.67,12.87,-999.0
1981,230,0.48,0.48,0.38,95.42,1.84,129.5,0.0,51.19,9.16,17.43,31.99,11.58,-999.0
1981,231,0.48,0.48,0.37,95.41,1.9,216.81,0.0,50.56,9.4,17.39,32.84,12.21,-999.0
1981,232,0.48,0.48,0.35,94.92,2.59,266.81,0.24,42.0,8.73,18.76,33.88,11.08,-999.0
1981,233,0.48,0.48,0.35,94.82,1.86,215.75,0.82,48.62,9.52,19.23,32.37,12.25,-999.0
1981,234,0.48,0.48,0.39,95.1,1.78,166.69,2.35,63.19,12.08,19.94,30.94,16.06,-999.0
1981,235,0.48,0.48,0.44,95.2,3.66,73.5,2.77,76.75,12.63,18.31,28.21,16.87,-999.0
1981,236,0.5,0.5,0.58,95.21,3.73,324.19,19.26,77.56,11.41,17.32,23.13,15.23,-999.0
1981,237,0.51,0.52,0.55,95.47,2.87,182.62,4.55,75.06,11.41,15.42,25.08,15.21,-999.0
1981,238,0.51,0.52,0.49,95.84,1.89,28.62,0.06,63.0,8.91,14.8,26.15,11.58,-999.0
1981,239,0.51,0.51,0.48,95.83,1.81,71.56,0.0,60.38,8.48,14.3,27.32,10.69,-999.0
1981,240,0.5,0.51,0.48,95.34,1.88,181.75,0.0,57.38,8.0,12.47,29.46,9.64,-999.0
1981,241,0.5,0.5,0.47,94.93,1.7,201.94,0.0,47.81,8.06,13.83,32.55,9.63,-999.0
1981,242,0.5,0.5,0.46,94.88,2.6,212.56,0.0,45.19,8.67,17.32,33.9,10.55,-999.0
1981,243,0.5,0.49,0.46,95.18,1.88,210.81,0.63,53.94,10.56,19.99,33.16,13.91,-999.0
1981,244,0.5,0.5,0.52,95.24,1.66,199.81,6.94,59.44,11.41,18.92,32.01,15.08,-999.0
1981,245,0.5,0.51,0.53,95.44,1.66,144.44,4.76,70.44,12.45,18.8,28.75,16.59,-999.0
1981,246,0.5,0.51,0.5,95.52,1.83,46.56,1.08,72.38,11.78,17.28,27.41,15.75,-999.0
1981,247,0.51,0.51,0.52,95.4,1.77,166.56,3.66,70.75,11.17,16.62,28.4,14.87,-999.0
1981,248,0.51,0.51,0.49,95.48,1.93,56.19,0.31,67.88,10.31,16.27,27.76,13.71,-999.0
1981,249,0.5,0.5,0.48,95.59,1.78,55.31,0.0,68.62,9.77,15.3,26.79,12.77,-999.0
1981,250,0.5,0.5,0.48,95.73,1.55,72.25,0.01,68.44,9.58,15.08,27.16,12.38,-999.0
1981,251,0.5,0.5,0.47,95.76,1.66,143.81,0.0,59.19,8.91,13.52,31.22,11.24,-999.0
1981,252,0.5,0.49,0.45,95.6,1.49,138.06,0.0,43.19,7.81,16.08,35.35,9.24,-999.0
1981,253,0.49,0.49,0.44,95.28,2.38,263.25,0.0,43.88,8.85,18.09,34.73,11.19,-999.0
1981,254,0.49,0.48,0.43,95.21,1.66,220.88,0.1,47.69,9.7,20.38,32.26,12.67,-999.0
1981,255,0.49,0.48,0.41,95.18,1.94,192.44,0.14,52.56,9.64,18.37,31.71,12.6,-999.0
1981,256,0.49,0.48,0.41,95.43,1.86,197.12,0.0,56.19,9.58,16.68,31.17,12.47,-999.0
1981,257,0.49,0.48,0.4,95.63,1.66,54.88,0.31,60.12,10.07,17.28,31.16,13.25,-999.0
1981,258,0.48,0.48,0.39,95.59,1.84,58.31,0.06,67.81,11.11,17.07,29.98,14.79,-999.0
1981,259,0.48,0.48,0.39,95.49,1.53,126.19,0.61,63.0,10.38,16.73,30.96,13.76,-999.0
1981,260,0.48,0.48,0.4,95.26,1.59,198.44,0.95,53.38,9.95,17.12,32.89,13.13,-999.0
1981,261,0.49,0.49,0.49,95.12,2.28,209.56,9.2,64.62,11.6,19.73,30.25,15.39,-999.0
1981,262,0.49,0.49,0.48,95.15,1.12,205.25,0.45,63.0,11.05,18.22,30.73,14.66,-999.0
1981,263,0.49,0.49,0.46,95.08,1.74,213.25,0.4,52.81,10.01,17.45,33.66,13.11,-999.0
1981,264,0.49,0.49,0.45,95.0,2.48,210.56,0.01,43.31,9.22,20.49,33.83,11.76,-999.0
1981,265,0.49,0.48,0.42,95.04,2.04,195.5,0.0,45.06,9.09,18.8,34.02,11.67,-999.0
1981,266,0.48,0.48,0.41,95.24,1.76,232.44,0.38,53.25,10.44,19.9,32.03,13.57,-999.0
1981,267,0.49,0.49,0.52,95.21,2.12,201.25,7.22,78.12,12.21,17.2,24.53,16.27,-999.0
1981,268,0.5,0.5,0.53,94.95,1.24,189.88,5.27,79.94,12.45,17.4,25.2,16.52,-999.0
1981,269,0.5,0.5,0.49,94.72,1.7,203.44,0.8,64.69,10.99,16.71,30.82,14.51,-999.0
1981,270,0.5,0.5,0.48,94.92,2.05,308.62,0.53,64.12,9.64,16.43,27.03,12.44,-999.0
1981,271,0.5,0.5,0.48,95.15,3.82,285.75,0.33,63.44,7.63,12.15,21.88,9.08,-999.0
1981,272,0.49,0.49,0.47,95.46,2.82,310.44,0.0,64.06,7.32,10.6,22.98,8.55,-999.0
1981,273,0.49,0.49,0.47,95.33,1.18,214.88,0.02,57.75,6.71,11.42,25.34,6.87,-999.0
1981,274,0.49,0.49,0.45,94.73,2.81,221.12,0.0,46.94,6.84,11.7,29.83,7.18,-999.0
1981,275,0.49,0.48,0.45,94.71,2.95,292.88,0.05,63.88,9.22,15.75,25.38,11.73,-999.0
1981,276,0.49,0.48,0.45,94.81,1.81,237.69,0.0,58.81,8.18,14.07,28.34,9.61,-999.0
1981,277,0.49,0.48,0.42,95.09,2.45,226.25,0.0,45.0,6.9,12.78,30.83,7.54,-999.0
1981,278,0.48,0.48,0.41,95.19,3.8,205.31,0.0,35.12,6.53,18.12,33.06,6.77,-999.0
1981,279,0.48,0.48,0.38,95.34,2.09,195.06,0.0,34.0,6.59,18.4,35.24,6.76,-999.0
1981,280,0.48,0.48,0.38,95.64,1.52,157.94,0.0,49.62,8.06,17.23,31.22,9.76,-999.0
1981,281,0.48,0.48,0.38,95.72,1.22,98.25,0.0,53.69,8.36,15.87,30.83,10.41,-999.0
1981,282,0.48,0.48,0.37,95.49,1.99,242.44,0.0,41.81,6.9,15.69,32.01,7.63,-999.0
1981,283,0.48,0.48,0.36,95.55,1.88,260.0,0.0,54.5,8.54,16.75,28.12,10.29,-999.0
1981,284,0.48,0.48,0.36,95.43,1.8,283.19,0.0,70.81,9.83,14.6,26.15,12.9,-999.0
1981,285,0.48,0.48,0.36,95.25,1.98,282.19,0.0,62.75,8.85,13.25,27.44,11.37,-999.0
1981,286,0.48,0.48,0.35,95.19,1.85,283.25,0.0,60.88,9.46,15.33,29.61,12.19,-999.0
1981,287,0.48,0.48,0.35,95.48,1.75,222.94,0.0,70.88,10.56,15.45,27.96,14.03,-999.0
1981,288,0.48,0.47,0.34,95.26,1.81,242.12,0.0,50.38,8.06,14.9,31.22,9.83,-999.0
1981,289,0.48,0.47,0.34,95.26,1.33,194.0,0.0,46.38,7.75,15.86,32.13,9.3,-999.0
1981,290,0.48,0.47,0.33,95.4,1.73,223.38,0.0,38.44,6.41,16.82,32.62,6.18,-999.0
1981,291,0.48,0.47,0.33,95.68,1.87,267.5,0.12,49.62,7.39,14.71,30.58,8.31,-999.0
1981,292,0.48,0.47,0.33,95.65,1.09,187.12,0.12,63.69,9.22,15.76,28.01,11.78,-999.0
1981,293,0.48,0.47,0.34,95.2,1.39,206.25,1.04,78.5,10.13,14.78,23.21,13.4,-999.0
1981,294,0.48,0.47,0.36,94.72,2.8,245.06,0.1,59.44,8.48,14.01,26.41,10.64,-999.0
1981,295,0.48,0.47,0.37,94.89,2.21,255.88,0.95,79.0,9.89,14.88,19.57,13.01,-999.0
1981,296,0.48,0.48,0.5,95.08,2.48,286.81,7.21,84.06,9.58,12.37,19.25,12.5,-999.0
1981,297,0.48,0.48,0.49,95.39,1.73,126.12,1.44,74.62,7.69,11.67,19.2,9.38,-999.0
1981,298,0.49,0.51,0.59,95.36,1.53,88.25,13.3,84.25,8.06,9.76,15.71,10.08,-999.0
1981,299,0.5,0.51,0.52,94.95,4.2,258.88,2.73,74.69,6.9,8.4,21.47,7.54,-999.0
1981,300,0.5,0.51,0.5,95.41,4.04,292.81,0.33,68.19,5.92,7.91,16.82,5.48,-999.0
1981,301,0.5,0.51,0.48,95.98,1.15,199.31,0.0,59.0,4.94,5.34,22.33,2.37,-999.0
1981,302,0.5,0.5,0.48,95.89,2.2,224.62,0.0,50.69,4.88,7.33,23.2,2.72,-999.0
1981,303,0.5,0.5,0.48,95.68,2.0,273.81,0.0,58.25,5.8,8.65,22.99,4.7,-999.0
1981,304,0.5,0.5,0.48,95.92,1.47,214.12,0.0,77.75,7.69,9.64,21.74,9.31,-999.0
1981,305,0.5,0.49,0.48,96.15,1.34,141.94,0.0,79.25,8.06,9.09,21.75,10.01,-999.0
1981,306,0.49,0.49,0.48,96.17,1.28,162.25,0.0,74.81,8.12,9.79,24.37,10.15,-999.0
1981,307,0.49,0.49,0.48,95.96,1.63,202.19,0.0,66.0,7.26,9.87,25.11,8.27,-999.0
1981,308,0.49,0.49,0.48,95.8,1.25,116.0,0.0,66.94,7.45,10.97,24.76,8.65,-999.0
1981,309,0.49,0.49,0.48,95.65,1.19,113.19,0.0,73.75,8.06,10.37,23.56,9.75,-999.0
1981,310,0.49,0.49,0.48,95.47,1.3,178.56,0.0,79.94,8.61,9.8,22.19,10.87,-999.0
1981,311,0.49,0.49,0.48,95.35,2.0,309.75,0.35,80.12,8.18,10.81,19.77,10.17,-999.0
1981,312,0.49,0.49,0.48,95.17,3.08,312.0,0.9,81.69,8.12,9.98,17.38,10.0,-999.0
1981,313,0.49,0.49,0.48,95.39,1.23,216.06,0.13,77.5,7.14,9.26,18.21,8.23,-999.0
1981,314,0.49,0.49,0.48,95.64,2.05,273.31,0.04,73.88,6.96,8.32,19.19,7.9,-999.0
1981,315,0.49,0.49,0.48,96.06,2.07,291.5,0.61,73.0,6.23,7.75,15.3,6.27,-999.0
1981,316,0.49,0.48,0.48,95.84,1.78,277.81,0.0,66.69,5.13,5.08,18.44,3.21,-999.0
1981,317,0.49,0.48,0.48,95.87,1.86,309.56,0.26,80.75,6.96,6.59,17.73,7.61,-999.0
1981,318,0.49,0.49,0.49,96.03,3.15,322.5,1.3,81.06,6.65,7.8,14.51,7.27,-999.0
1981,319,0.49,0.49,0.48,95.7,2.76,310.5,0.08,77.38,6.71,7.43,17.14,7.37,-999.0
1981,320,0.49,0.48,0.48,95.62,1.46,282.81,0.02,75.31,6.1,6.78,17.06,5.84,-999.0
1981,321,0.48,0.48,0.47,95.87,1.03,135.0,0.0,69.38,5.55,6.58,15.33,4.71,-999.0
1981,322,0.48,0.48,0.47,95.86,1.23,186.25,0.0,64.75,5.31,5.53,19.55,3.87,-999.0
1981,323,0.48,0.48,0.47,95.88,1.26,202.06,0.0,70.81,6.29,6.08,21.47,6.45,-999.0
1981,324,0.48,0.48,0.46,96.11,1.41,222.5,0.0,71.06,6.59,7.2,21.61,7.15,-999.0
1981,325,0.48,0.48,0.45,96.32,1.41,160.12,0.0,73.69,6.53,7.45,21.93,6.92,-999.0
1981,326,0.48,0.48,0.45,96.28,1.0,192.94,0.0,63.94,5.74,7.23,21.62,5.14,-999.0
1981,327,0.48,0.48,0.45,96.09,1.62,249.5,0.0,60.38,5.31,6.28,21.12,3.95,-999.0
1981,328,0.48,0.48,0.44,95.96,1.35,278.56,0.07,65.44,5.62,7.27,16.98,4.65,-999.0
1981,329,0.48,0.48,0.48,95.88,1.83,294.75,2.82,89.88,7.57,7.26,16.07,9.02,-999.0
1981,330,0.48,0.48,0.49,95.96,3.56,326.56,1.82,80.81,6.71,8.87,14.3,7.39,-999.0
1981,331,0.49,0.49,0.49,96.22,1.88,311.69,1.07,81.38,6.41,5.3,15.0,6.82,-999.0
1981,332,0.49,0.49,0.48,95.59,2.87,276.69,2.24,77.25,6.04,3.89,17.58,5.24,-999.0
1981,333,0.5,0.51,0.58,95.01,3.17,318.19,12.25,90.38,6.71,5.94,11.85,7.17,-999.0
1981,334,0.51,0.52,0.55,95.59,3.81,316.19,5.09,80.12,5.49,5.87,11.11,4.44,-999.0
1981,335,0.51,0.52,0.51,95.45,2.34,254.69,0.02,72.44,4.94,2.59,17.62,2.73,-999.0
1981,336,0.51,0.52,0.51,95.42,1.77,217.88,2.18,82.38,5.86,3.76,13.25,5.01,-999.0
1981,337,0.52,0.54,0.62,95.31,3.84,306.19,19.51,88.38,5.86,5.62,8.99,5.37,-999.0
1981,338,0.54,0.55,0.62,95.44,4.05,288.12,9.28,87.94,5.68,6.01,8.26,4.95,-999.0
1981,339,0.55,0.56,0.59,95.03,3.93,288.88,4.69,89.69,6.77,6.38,12.59,7.36,-999.0
1981,340,0.55,0.56,0.56,94.7,1.97,243.56,0.79,79.62,5.92,4.42,15.12,5.22,-999.0
1981,341,0.55,0.55,0.55,94.61,2.02,258.62,0.0,75.31,5.49,3.44,16.97,4.18,-999.0
1981,342,0.55,0.55,0.54,94.73,2.16,256.25,0.0,77.38,5.49,4.23,15.55,4.19,-999.0
1981,343,0.55,0.55,0.54,94.96,2.97,253.88,0.0,81.12,5.86,3.69,15.98,5.18,-999.0
1981,344,0.55,0.55,0.54,95.08,2.23,243.44,0.0,83.62,6.59,4.96,16.61,6.95,-999.0
1981,345,0.55,0.55,0.53,94.98,3.51,262.5,0.0,81.31,7.45,8.22,18.51,8.73,-999.0
1981,346,0.55,0.55,0.53,94.88,4.02,262.19,0.0,73.88,6.96,8.51,18.62,7.74,-999.0
1981,347,0.54,0.55,0.52,94.81,4.16,270.06,0.0,73.69,7.45,10.27,19.08,8.75,-999.0
1981,348,0.54,0.55,0.52,94.9,5.48,270.88,0.0,81.44,8.06,10.46,17.87,9.97,-999.0
1981,349,0.54,0.54,0.52,95.11,3.3,274.94,0.0,76.81,6.47,6.58,16.33,6.56,-999.0
1981,350,0.54,0.54,0.52,94.78,3.56,273.5,0.0,76.0,7.26,9.14,19.48,8.34,-999.0
1981,351,0.54,0.54,0.52,94.68,1.71,232.25,0.02,75.75,7.02,7.29,19.88,7.77,-999.0
1981,352,0.54,0.54,0.52,94.1,4.55,241.12,0.37,65.81,6.1,8.13,17.57,5.58,-999.0
1981,353,0.54,0.54,0.53,94.64,7.1,286.31,2.54,63.06,4.52,5.45,10.85,1.38,-999.0
1981,354,0.54,0.54,0.52,95.13,3.02,275.94,0.0,59.06,3.66,1.67,11.62,-1.37,-999.0
1981,355,0.54,0.54,0.52,94.21,4.48,220.5,0.58,70.62,4.33,0.93,10.7,0.58,-999.0
1981,356,0.55,0.57,0.7,93.47,4.5,275.88,31.83,90.0,7.51,8.16,12.98,8.55,-999.0
1981,357,0.57,0.59,0.62,94.12,4.41,283.0,1.53,82.38,7.02,6.62,15.88,7.69,-999.0
1981,358,0.58,0.59,0.61,94.34,3.86,261.06,2.72,85.56,7.02,7.19,14.22,7.74,-999.0
1981,359,0.58,0.59,0.6,94.91,1.71,306.81,0.8,86.88,6.1,4.8,11.69,5.84,-999.0
1981,360,0.58,0.59,0.59,95.05,1.6,282.81,0.38,78.31,5.25,3.68,12.75,3.64,-999.0
1981,361,0.58,0.59,0.58,94.47,4.49,225.69,0.09,67.19,5.07,3.83,16.19,2.97,-999.0
1981,362,0.58,0.58,0.58,94.34,4.2,213.81,0.0,72.5,5.55,3.48,15.92,4.47,-999.0
1981,363,0.57,0.58,0.57,94.17,3.31,225.44,0.0,67.12,6.1,7.43,19.18,5.67,-999.0
1981,364,0.57,0.58,0.57,94.3,3.98,198.5,0.0,65.62,6.04,7.06,21.67,5.57,-999.0
1981,365,0.57,0.57,0.56,94.36,3.22,220.88,0.0,68.06,6.77,9.83,21.02,7.29,-999.0
1982,1,0.57,0.57,0.56,95.1,3.19,280.5,0.0,77.81,6.23,6.9,13.9,6.19,-999.0
1982,2,0.57,0.57,0.56,95.82,1.58,260.94,0.0,83.81,6.16,5.06,14.71,6.03,-999.0
1982,3,0.57,0.57,0.56,95.79,1.87,223.25,0.0,68.69,4.88,2.93,18.15,2.65,-999.0
1982,4,0.57,0.57,0.56,95.76,1.85,266.38,0.0,62.19,4.76,3.9,18.56,2.27,-999.0
1982,5,0.56,0.57,0.56,95.73,1.73,286.81,0.0,83.69,6.41,5.76,16.35,6.58,-999.0
1982,6,0.56,0.57,0.56,95.58,1.96,267.44,0.0,81.69,6.04,3.56,16.46,5.76,-999.0
1982,7,0.56,0.56,0.55,95.4,2.66,273.38,0.0,79.31,6.53,4.87,18.4,6.94,-999.0
1982,8,0.56,0.56,0.55,95.56,1.68,237.31,0.0,66.06,6.29,7.14,21.22,6.37,-999.0
1982,9,0.56,0.56,0.55,95.28,2.33,233.69,0.0,68.81,6.59,7.89,22.0,7.0,-999.0
1982,10,0.56,0.56,0.55,94.85,1.91,238.44,0.0,58.62,4.88,5.33,20.88,2.56,-999.0
1982,11,0.56,0.56,0.55,94.31,1.65,218.69,0.0,59.5,5.07,5.3,19.58,2.99,-999.0
1982,12,0.56,0.56,0.55,94.44,1.9,185.31,0.01,59.75,4.76,6.1,15.52,2.04,-999.0
1982,13,0.55,0.55,0.55,94.94,2.23,187.56,0.0,50.31,4.64,6.27,20.77,1.73,-999.0
1982,14,0.55,0.55,0.54,94.71,2.45,156.06,0.0,47.19,4.09,7.73,21.36,0.1,-999.0
1982,15,0.56,0.56,0.59,94.78,1.66,156.25,6.47,74.88,5.98,6.9,16.14,5.33,-999.0
1982,16,0.56,0.57,0.57,95.06,1.55,251.06,1.14,83.0,6.41,5.98,15.98,6.35,-999.0
1982,17,0.56,0.56,0.56,95.09,1.66,148.81,0.0,65.0,5.37,6.73,17.77,3.95,-999.0
1982,18,0.56,0.57,0.59,95.19,1.52,115.12,6.04,83.06,6.65,7.93,13.86,7.02,-999.0
1982,19,0.57,0.59,0.64,95.16,1.77,45.62,8.47,92.31,6.84,7.25,11.59,7.53,-999.0
1982,20,0.58,0.59,0.66,95.57,1.5,160.62,9.23,87.69,6.47,7.01,12.61,6.81,-999.0
1982,21,0.59,0.6,0.63,95.78,2.05,311.06,2.78,91.56,6.53,6.13,11.52,6.98,-999.0
1982,22,0.59,0.61,0.68,95.62,2.9,316.12,11.78,89.19,5.98,5.02,9.75,5.65,-999.0
1982,23,0.6,0.62,0.7,95.2,3.28,315.19,14.77,91.88,5.49,3.9,6.98,4.38,-999.0
1982,24,0.62,0.65,0.77,94.9,4.09,334.25,22.04,91.12,5.55,3.9,8.32,4.52,-999.0
1982,25,0.65,0.67,0.77,94.61,3.27,287.06,18.89,91.12,5.07,2.54,6.22,3.19,-999.0
1982,26,0.66,0.7,0.77,95.11,2.22,311.62,11.06,89.5,5.19,3.11,7.73,3.53,-999.0
1982,27,0.66,0.69,0.74,94.45,3.41,251.56,6.85,83.75,5.13,1.67,12.68,3.2,-999.0
1982,28,0.69,0.71,0.81,94.58,3.54,318.31,25.11,94.0,5.8,4.73,7.08,5.05,-999.0
1982,29,0.71,0.74,0.81,95.67,4.23,328.12,16.44,91.19,5.74,5.36,7.76,5.07,-999.0
1982,30,0.71,0.73,0.77,95.97,2.91,298.56,0.31,89.75,6.04,4.05,11.83,5.81,-999.0
1982,31,0.71,0.73,0.76,95.82,2.38,287.94,0.0,86.31,5.92,3.06,14.33,5.37,-999.0
1982,32,0.71,0.72,0.75,95.52,2.04,295.56,0.0,86.75,6.23,3.05,15.05,6.06,-999.0
1982,33,0.71,0.72,0.75,95.3,1.54,181.62,0.0,82.62,5.68,3.48,14.98,4.7,-999.0
1982,34,0.7,0.71,0.74,95.39,1.52,184.44,0.0,80.62,5.62,2.16,16.33,4.65,-999.0
1982,35,0.7,0.71,0.74,95.86,1.31,203.25,0.0,75.81,5.49,2.12,17.57,4.48,-999.0
1982,36,0.7,0.71,0.74,96.24,2.12,287.94,0.0,86.38,6.16,3.47,15.22,6.1,-999.0
1982,37,0.7,0.71,0.73,96.14,1.19,197.19,0.0,78.56,5.62,4.45,16.47,4.8,-999.0
1982,38,0.7,0.7,0.73,95.74,1.51,235.81,0.0,77.12,5.55,2.23,16.89,4.51,-999.0
1982,39,0.7,0.7,0.73,95.57,1.78,262.69,0.0,73.56,5.8,4.84,17.15,5.03,-999.0
1982,40,0.7,0.7,0.73,95.7,1.59,200.12,0.0,88.81,6.77,6.35,14.37,7.47,-999.0
1982,41,0.7,0.7,0.73,95.65,1.07,145.0,0.01,77.75,6.1,5.55,18.06,5.8,-999.0
1982,42,0.7,0.7,0.73,95.64,1.37,205.0,0.0,76.12,5.8,4.76,15.78,5.13,-999.0
1982,43,0.69,0.7,0.73,95.68,1.48,247.81,0.08,77.19,6.29,5.81,16.74,6.29,-999.0
1982,44,0.69,0.7,0.73,95.45,1.3,257.94,1.26,80.44,6.53,6.18,15.47,6.91,-999.0
1982,45,0.69,0.7,0.73,95.21,1.21,214.06,0.38,85.19,6.77,6.76,14.35,7.42,-999.0
1982,46,0.69,0.7,0.73,94.43,2.55,194.75,1.56,78.06,6.9,7.05,17.25,7.51,-999.0
1982,47,0.7,0.7,0.76,93.85,1.8,204.0,8.74,80.0,5.68,4.29,13.63,4.63,-999.0
1982,48,0.7,0.71,0.76,93.95,2.42,280.56,3.94,87.38,5.43,2.61,9.88,3.94,-999.0
1982,49,0.72,0.73,0.82,94.43,2.98,297.81,23.4,92.0,6.77,5.0,12.44,7.18,-999.0
1982,50,0.72,0.74,0.77,95.05,0.8,140.88,1.65,82.06,6.35,6.98,14.9,6.38,-999.0
1982,51,0.73,0.74,0.79,95.08,1.2,290.12,6.9,92.25,6.59,7.1,10.21,6.93,-999.0
1982,52,0.73,0.74,0.79,94.97,2.91,295.81,6.48,89.94,6.59,6.77,11.65,6.96,-999.0
1982,53,0.73,0.75,0.79,94.38,2.61,274.5,3.42,86.38,6.53,6.42,14.16,6.74,-999.0
1982,54,0.73,0.75,0.78,94.35,1.75,271.62,5.2,79.06,5.74,6.0,13.6,4.78,-999.0
1982,55,0.74,0.77,0.81,94.45,2.88,296.12,9.46,90.38,5.25,3.21,7.54,3.69,-999.0
1982,56,0.75,0.77,0.79,94.25,3.08,251.5,3.28,77.44,5.19,2.62,13.57,3.29,-999.0
1982,57,0.76,0.78,0.84,94.28,4.38,305.19,19.5,90.5,5.86,5.08,9.47,5.18,-999.0
1982,58,0.77,0.79,0.83,94.75,4.66,327.5,9.79,86.81,6.23,6.39,10.67,6.06,-999.0
1982,59,0.77,0.8,0.82,95.39,2.67,322.81,5.19,90.31,6.29,4.21,11.52,6.31,-999.0
1982,60,0.77,0.79,0.8,95.82,1.66,293.0,0.08,84.0,6.71,4.26,17.28,7.31,-999.0
1982,61,0.77,0.78,0.8,96.05,3.04,296.25,0.59,85.19,6.77,4.56,18.08,7.44,-999.0
1982,62,0.77,0.78,0.8,96.14,1.87,268.12,0.01,81.81,5.8,4.42,15.4,5.33,-999.0
1982,63,0.77,0.77,0.79,95.45,3.09,261.19,0.22,67.38,6.1,4.51,22.99,5.44,-999.0
1982,64,0.77,0.77,0.8,95.52,4.35,306.56,5.83,79.62,5.19,5.26,9.97,3.56,-999.0
1982,65,0.77,0.79,0.84,95.42,5.48,312.94,16.07,82.19,4.94,3.69,7.88,2.94,-999.0
1982,66,0.78,0.8,0.82,95.48,2.7,251.06,3.05,74.5,4.27,0.83,10.83,0.97,-999.0
1982,67,0.78,0.8,0.81,95.27,2.56,268.25,2.96,75.19,4.39,-0.15,12.47,1.05,-999.0
1982,68,0.78,0.8,0.81,95.38,1.23,146.81,0.92,76.38,5.19,4.43,14.77,3.44,-999.0
1982,69,0.78,0.79,0.8,95.39,1.77,209.44,0.6,74.69,5.49,4.39,15.46,4.31,-999.0
1982,70,0.78,0.79,0.8,95.56,2.22,275.06,0.07,77.88,5.74,3.47,16.43,4.86,-999.0
1982,71,0.77,0.78,0.8,95.53,1.1,99.06,0.0,72.75,6.16,6.58,19.2,6.05,-999.0
1982,72,0.77,0.78,0.8,95.53,2.65,123.69,0.0,75.31,5.92,4.51,16.47,5.47,-999.0
1982,73,0.77,0.77,0.8,95.81,1.87,33.88,0.0,76.56,5.07,3.71,13.8,3.28,-999.0
1982,74,0.77,0.77,0.79,95.48,1.3,199.62,0.0,71.94,5.07,-0.07,17.47,3.16,-999.0
1982,75,0.77,0.77,0.79,95.12,2.29,253.0,0.0,68.38,6.1,5.57,18.62,5.51,-999.0
1982,76,0.76,0.77,0.79,94.93,1.98,244.94,0.74,74.44,7.14,6.95,19.33,7.94,-999.0
1982,77,0.76,0.77,0.8,94.94,2.55,291.06,5.16,82.25,7.08,7.37,16.32,8.03,-999.0
1982,78,0.76,0.77,0.79,95.21,2.58,296.38,0.04,76.25,5.62,4.19,14.4,4.65,-999.0
1982,79,0.76,0.77,0.78,95.14,2.65,276.12,0.12,78.0,6.53,4.45,18.13,6.79,-999.0
1982,80,0.76,0.77,0.82,94.89,4.54,317.19,13.22,87.62,6.16,6.15,9.75,5.93,-999.0
1982,81,0.77,0.78,0.8,95.18,4.3,323.62,2.97,85.44,5.62,5.16,9.72,4.73,-999.0
1982,82,0.77,0.78,0.82,95.21,4.02,328.75,7.21,87.06,5.92,5.37,9.83,5.5,-999.0
1982,83,0.77,0.79,0.8,95.34,2.14,228.56,1.69,78.0,5.13,4.85,11.69,3.37,-999.0
1982,84,0.77,0.78,0.8,95.4,1.72,121.5,2.43,80.88,5.43,4.1,12.75,4.19,-999.0
1982,85,0.77,0.78,0.8,94.97,2.2,115.06,0.67,83.62,6.47,4.47,16.8,6.63,-999.0
1982,86,0.77,0.78,0.8,94.66,1.16,183.25,0.72,73.38,7.02,5.47,22.23,7.73,-999.0
1982,87,0.77,0.77,0.79,94.56,1.77,191.19,0.0,61.69,7.08,8.65,26.4,7.82,-999.0
1982,88,0.76,0.77,0.78,94.34,3.64,205.81,2.44,57.88,7.32,10.3,26.39,8.22,-999.0
1982,89,0.77,0.78,0.84,93.95,3.01,225.75,17.0,86.0,9.03,8.16,19.43,11.39,-999.0
1982,90,0.77,0.79,0.82,93.95,1.55,197.12,7.39,85.31,7.87,7.61,16.49,9.37,-999.0
1982,91,0.78,0.8,0.83,94.68,1.81,276.62,7.98,86.19,7.39,7.55,14.06,8.64,-999.0
1982,92,0.78,0.8,0.81,95.4,3.77,288.88,2.0,78.69,6.16,6.19,14.65,6.09,-999.0
1982,93,0.78,0.79,0.8,95.47,1.54,233.81,0.03,71.38,5.74,4.82,19.58,4.87,-999.0
1982,94,0.77,0.79,0.8,95.04,1.7,220.12,0.0,52.19,5.62,5.98,23.39,4.36,-999.0
1982,95,0.77,0.78,0.8,94.74,1.67,257.69,0.07,60.88,6.04,8.12,23.45,5.28,-999.0
1982,96,0.77,0.79,0.83,95.14,2.89,161.88,11.5,89.5,8.06,8.88,15.07,9.98,-999.0
1982,97,0.78,0.79,0.8,95.65,2.0,99.94,1.37,80.75,7.26,7.64,17.83,8.46,-999.0
1982,98,0.77,0.78,0.8,95.41,1.46,209.75,0.0,64.69,6.16,5.32,22.67,5.89,-999.0
1982,99,0.77,0.78,0.79,95.05,1.36,209.81,0.0,59.06,6.77,9.83,24.07,7.23,-999.0
1982,100,0.77,0.77,0.79,94.86,1.8,204.12,0.0,69.06,7.69,9.75,22.96,9.01,-999.0
1982,101,0.76,0.77,0.78,94.57,1.17,167.62,0.0,70.69,8.36,9.55,25.3,10.18,-999.0
1982,102,0.76,0.76,0.78,94.21,0.95,177.19,0.31,61.88,8.18,12.17,25.75,9.76,-999.0
1982,103,0.76,0.76,0.78,93.57,2.87,244.81,2.43,71.25,8.48,11.9,24.87,10.4,-999.0
1982,104,0.76,0.77,0.8,93.97,2.35,207.75,10.06,86.44,7.63,7.55,14.39,8.88,-999.0
1982,105,0.77,0.78,0.82,94.42,1.39,199.44,7.87,88.31,6.04,6.44,8.84,5.64,-999.0
1982,106,0.77,0.78,0.8,94.65,1.38,86.38,4.04,79.19,6.59,6.62,16.85,6.89,-999.0
1982,107,0.77,0.78,0.8,94.7,1.6,179.12,4.89,80.69,7.45,7.58,18.62,8.75,-999.0
1982,108,0.77,0.79,0.84,94.53,1.27,72.88,13.0,88.12,8.06,9.21,15.58,9.91,-999.0
1982,109,0.78,0.8,0.84,94.42,1.53,217.81,14.21,86.62,7.93,8.39,16.44,9.6,-999.0
1982,110,0.79,0.81,0.83,94.81,2.38,318.88,4.83,83.38,6.84,5.97,15.39,7.5,-999.0
1982,111,0.79,0.8,0.81,95.01,2.62,260.12,1.69,80.81,6.65,4.35,16.62,6.97,-999.0
1982,112,0.79,0.8,0.8,94.82,1.39,160.62,0.05,73.06,6.35,5.78,20.09,6.21,-999.0
1982,113,0.78,0.79,0.8,94.74,1.84,76.31,0.39,76.38,7.02,6.41,18.51,7.83,-999.0
1982,114,0.78,0.79,0.8,94.99,1.65,305.12,0.06,69.12,6.16,6.83,18.12,5.97,-999.0
1982,115,0.78,0.8,0.83,95.08,2.52,233.88,10.97,86.44,6.1,5.69,10.38,5.84,-999.0
1982,116,0.79,0.8,0.81,95.15,1.88,330.94,1.47,76.88,5.86,4.38,14.05,5.21,-999.0
1982,117,0.78,0.8,0.8,94.78,2.42,206.75,1.23,81.94,6.47,6.3,14.44,6.68,-999.0
1982,118,0.78,0.79,0.8,94.93,2.45,327.06,1.79,81.25,6.53,6.14,14.94,6.79,-999.0
1982,119,0.78,0.79,0.8,95.02,2.87,307.31,1.25,80.94,6.65,6.33,16.38,7.08,-999.0
1982,120,0.77,0.78,0.8,95.05,2.26,222.25,0.69,74.94,6.47,4.69,17.54,6.55,-999.0
1982,121,0.77,0.78,0.79,95.4,2.89,314.81,0.06,76.06,6.23,6.13,14.83,6.15,-999.0
1982,122,0.77,0.77,0.79,95.72,1.7,145.94,0.12,76.75,6.47,5.11,18.08,6.82,-999.0
1982,123,0.77,0.77,0.78,95.49,1.64,228.06,0.0,60.19,6.41,6.83,23.65,6.49,-999.0
1982,124,0.76,0.76,0.77,95.11,3.7,212.06,0.01,59.25,7.45,10.62,24.85,8.58,-999.0
1982,125,0.76,0.76,0.77,94.94,3.38,181.94,0.9,69.19,8.85,14.54,23.39,11.12,-999.0
1982,126,0.75,0.76,0.77,94.99,2.08,45.56,0.82,83.62,10.01,12.43,21.8,13.23,-999.0
1982,127,0.75,0.76,0.77,94.77,2.95,46.94,0.83,88.44,9.16,11.65,19.4,11.85,-999.0
1982,128,0.75,0.76,0.78,94.65,2.9,341.81,3.48,92.12,8.91,9.22,15.14,11.31,-999.0
1982,129,0.75,0.76,0.79,94.83,2.66,80.0,3.31,91.12,8.36,9.08,14.32,10.4,-999.0
1982,130,0.76,0.77,0.8,94.87,2.86,112.0,9.09,90.88,8.61,8.92,16.52,10.83,-999.0
1982,131,0.76,0.77,0.79,95.4,2.34,91.44,1.58,80.25,8.12,8.92,21.06,10.01,-999.0
1982,132,0.76,0.77,0.8,95.61,2.17,34.88,6.92,90.88,9.4,11.26,17.72,12.33,-999.0
1982,133,0.76,0.77,0.79,95.72,1.59,62.06,1.48,84.06,9.58,11.76,20.73,12.65,-999.0
1982,134,0.76,0.77,0.78,95.6,1.68,87.75,0.04,74.62,9.16,10.16,24.87,11.9,-999.0
1982,135,0.75,0.76,0.77,95.23,1.59,104.19,1.51,69.0,8.91,11.16,26.2,11.41,-999.0
1982,136,0.75,0.75,0.77,95.08,1.95,220.12,2.36,72.06,9.83,12.87,24.44,12.73,-999.0
1982,137,0.75,0.75,0.78,95.16,0.95,213.56,5.77,74.81,10.5,14.78,24.32,13.89,-999.0
1982,138,0.75,0.76,0.8,95.18,1.7,195.62,8.03,80.31,10.68,13.87,23.4,14.24,-999.0
1982,139,0.75,0.77,0.79,95.45,1.38,194.56,3.45,82.69,9.95,13.22,20.14,13.17,-999.0
1982,140,0.75,0.76,0.77,95.68,1.46,75.25,1.57,78.56,9.58,11.32,22.53,12.64,-999.0
1982,141,0.75,0.76,0.77,95.78,1.33,60.06,2.81,79.12,9.7,12.34,21.62,12.87,-999.0
1982,142,0.74,0.75,0.77,95.6,1.53,92.12,0.43,74.44,9.22,12.32,23.14,11.97,-999.0
1982,143,0.74,0.74,0.75,95.09,1.88,227.44,0.01,64.5,9.16,10.78,26.55,11.81,-999.0
1982,144,0.73,0.73,0.74,95.02,1.72,177.5,0.75,66.06,9.89,14.08,28.15,12.85,-999.0
1982,145,0.73,0.73,0.73,95.24,1.79,79.19,0.51,71.38,9.95,12.89,27.22,13.15,-999.0
1982,146,0.73,0.73,0.74,95.24,1.68,180.19,2.23,73.69,10.86,14.37,26.82,14.48,-999.0
1982,147,0.73,0.73,0.74,95.28,1.52,210.06,2.62,74.88,11.29,15.41,25.37,15.12,-999.0
1982,148,0.72,0.72,0.73,95.24,1.52,185.06,0.85,76.25,11.41,13.82,25.61,15.26,-999.0
1982,149,0.72,0.72,0.73,95.14,1.43,122.38,2.07,72.06,11.78,15.88,27.63,15.71,-999.0
1982,150,0.72,0.72,0.73,95.18,1.86,83.62,1.6,70.81,11.11,15.67,26.6,14.85,-999.0
1982,151,0.71,0.71,0.72,95.24,1.77,189.44,2.61,64.5,9.89,14.5,29.66,12.94,-999.0
1982,152,0.71,0.71,0.73,95.4,1.84,129.94,3.43,78.62,11.29,15.05,26.26,15.06,-999.0
1982,153,0.71,0.71,0.75,95.28,2.57,121.0,12.04,75.38,10.93,15.65,23.19,14.55,-999.0
1982,154,0.72,0.73,0.74,95.12,1.77,99.62,3.86,71.25,11.29,16.73,27.1,14.97,-999.0
1982,155,0.72,0.72,0.73,95.24,1.38,189.69,1.57,66.31,11.11,17.57,29.56,14.73,-999.0
1982,156,0.71,0.71,0.72,95.31,1.47,206.56,0.24,65.88,10.56,16.41,27.56,14.0,-999.0
1982,157,0.71,0.71,0.7,95.34,1.83,274.19,0.34,69.44,10.31,16.08,24.93,13.73,-999.0
1982,158,0.7,0.7,0.7,95.37,1.87,176.44,0.0,68.81,9.64,14.24,25.67,12.64,-999.0
1982,159,0.7,0.7,0.69,95.24,1.77,91.25,0.0,65.19,9.7,13.11,28.73,12.69,-999.0
1982,160,0.7,0.69,0.69,95.17,1.69,81.06,0.71,63.38,10.13,16.0,28.69,13.44,-999.0
1982,161,0.69,0.68,0.68,95.07,1.59,93.44,0.0,58.69,9.83,15.99,30.3,12.9,-999.0
1982,162,0.68,0.68,0.67,95.0,1.38,233.06,0.12,54.88,9.58,15.81,32.18,12.36,-999.0
1982,163,0.68,0.67,0.66,95.08,2.2,267.31,0.15,63.94,11.9,17.63,30.23,15.83,-999.0
1982,164,0.67,0.66,0.66,95.06,2.9,289.5,0.0,67.0,10.8,16.14,28.96,14.32,-999.0
1982,165,0.66,0.66,0.66,95.29,2.09,262.88,0.0,67.44,10.01,15.33,26.6,13.19,-999.0
1982,166,0.66,0.66,0.65,95.38,1.96,190.06,0.0,59.88,9.52,14.19,29.19,12.54,-999.0
1982,167,0.66,0.65,0.64,95.46,1.64,90.12,0.0,58.0,9.95,15.55,31.24,13.12,-999.0
1982,168,0.66,0.64,0.63,95.22,1.98,192.19,0.0,54.0,11.23,17.53,34.77,14.93,-999.0
1982,169,0.65,0.64,0.63,95.21,1.89,266.06,0.41,58.31,12.51,20.7,34.24,16.55,-999.0
1982,170,0.64,0.63,0.62,95.09,2.77,234.12,0.23,62.44,13.18,20.33,33.91,17.48,-999.0
1982,171,0.64,0.63,0.64,95.09,2.67,218.0,4.1,53.88,12.76,20.99,37.22,16.87,-999.0
1982,172,0.64,0.63,0.62,95.32,1.69,216.25,0.02,54.81,12.27,20.94,34.91,16.23,-999.0
1982,173,0.63,0.62,0.61,95.11,2.02,211.69,0.0,44.56,10.8,21.33,37.58,14.01,-999.0
1982,174,0.62,0.62,0.6,94.89,1.77,212.38,0.01,40.0,9.58,20.27,38.12,12.28,-999.0
1982,175,0.62,0.61,0.59,94.86,2.67,191.06,0.0,38.31,9.46,20.74,39.12,12.04,-999.0
1982,176,0.62,0.6,0.59,94.89,2.51,209.75,0.01,37.25,9.4,22.2,38.76,11.85,-999.0
1982,177,0.61,0.59,0.59,94.94,2.66,291.94,0.17,55.19,11.23,18.87,35.04,14.85,-999.0
1982,178,0.61,0.59,0.59,95.36,3.02,163.94,0.0,64.81,10.44,16.48,27.61,13.82,-999.0
1982,179,0.6,0.59,0.59,95.49,1.95,60.31,0.0,62.62,9.77,15.65,28.25,12.86,-999.0
1982,180,0.6,0.59,0.59,95.35,1.72,190.31,0.0,55.25,10.13,14.9,33.58,13.37,-999.0
1982,181,0.59,0.59,0.58,95.61,1.69,159.75,0.0,56.38,10.8,18.55,34.08,14.44,-999.0
1982,182,0.59,0.58,0.58,95.69,1.79,78.69,0.0,56.38,10.62,17.87,33.54,14.23,-999.0
1982,183,0.59,0.58,0.57,95.22,1.51,100.56,0.0,46.44,9.16,17.72,35.69,11.61,-999.0
1982,184,0.59,0.57,0.55,94.86,1.91,234.62,0.0,42.38,10.25,20.35,37.99,13.39,-999.0
1982,185,0.58,0.56,0.53,95.14,1.78,194.94,0.0,41.75,9.89,21.16,37.76,12.83,-999.0
1982,186,0.58,0.56,0.52,95.47,1.38,146.75,0.0,42.38,10.56,22.02,38.95,13.83,-999.0
1982,187,0.57,0.55,0.49,95.51,1.52,100.31,0.0,39.81,10.44,22.73,39.17,13.69,-999.0
1982,188,0.57,0.55,0.48,95.35,1.84,176.19,0.0,33.75,8.48,23.08,38.69,10.37,-999.0
1982,189,0.56,0.55,0.47,95.21,1.46,203.56,0.0,37.81,9.09,23.34,37.42,11.3,-999.0
1982,190,0.56,0.55,0.46,95.27,1.54,260.25,0.0,48.62,11.47,23.05,35.71,15.2,-999.0
1982,191,0.56,0.55,0.46,95.29,1.42,108.62,0.01,47.94,10.68,21.14,36.03,13.93,-999.0
1982,192,0.55,0.55,0.45,95.05,1.65,225.69,0.0,37.38,8.97,20.94,37.16,11.35,-999.0
1982,193,0.55,0.54,0.44,94.8,1.73,228.44,0.0,34.12,8.3,21.07,37.15,10.08,-999.0
1982,194,0.55,0.54,0.44,94.83,1.21,247.06,0.05,40.94,10.19,22.12,36.12,13.21,-999.0
1982,195,0.55,0.54,0.43,94.84,1.34,215.31,0.0,41.5,10.38,21.29,39.94,13.33,-999.0
1982,196,0.55,0.53,0.41,94.92,2.32,180.81,0.07,36.94,9.7,23.11,40.76,12.2,-999.0
1982,197,0.55,0.53,0.41,95.12,1.88,198.69,0.22,41.31,10.56,23.3,38.0,13.56,-999.0
1982,198,0.54,0.53,0.41,95.3,2.01,268.31,0.36,48.56,11.41,22.08,37.21,14.98,-999.0
1982,199,0.54,0.53,0.41,95.36,2.12,305.88,0.2,55.12,11.41,20.48,33.45,15.15,-999.0
1982,200,0.54,0.52,0.41,95.4,1.62,114.12,0.0,51.0,10.38,19.6,34.11,13.69,-999.0
1982,201,0.54,0.52,0.41,95.52,1.95,186.12,0.04,46.38,10.68,21.65,34.07,14.23,-999.0
1982,202,0.53,0.52,0.4,95.53,1.77,223.25,0.0,40.06,10.56,23.08,38.99,13.98,-999.0
1982,203,0.53,0.52,0.39,95.31,2.23,299.5,0.01,45.75,10.74,20.67,36.3,14.19,-999.0
1982,204,0.53,0.52,0.39,95.23,2.06,233.75,0.0,53.31,10.01,18.0,32.55,13.05,-999.0
1982,205,0.53,0.52,0.38,95.28,1.92,187.38,0.0,53.75,10.13,17.54,34.08,13.15,-999.0
1982,206,0.53,0.52,0.38,95.47,1.87,142.25,0.0,61.25,11.47,18.73,32.61,15.19,-999.0
1982,207,0.52,0.52,0.38,95.33,2.05,224.94,0.0,57.69,10.68,18.57,31.3,14.08,-999.0
1982,208,0.52,0.52,0.38,94.99,2.05,208.69,0.0,53.56,10.74,18.76,35.23,13.94,-999.0
1982,209,0.52,0.51,0.37,94.77,2.34,209.81,0.0,41.19,9.22,19.19,38.71,11.5,-999.0
1982,210,0.52,0.51,0.36,94.8,1.86,200.56,0.0,28.5,7.14,21.47,40.8,7.86,-999.0
1982,211,0.52,0.51,0.34,94.92,1.98,237.25,0.0,33.12,7.87,20.96,38.15,9.13,-999.0
1982,212,0.52,0.5,0.34,94.94,1.77,185.06,0.0,40.69,9.09,20.02,39.86,10.98,-999.0
1982,213,0.52,0.5,0.34,94.64,3.17,206.25,0.0,23.69,6.47,23.9,39.71,6.45,-999.0
1982,214,0.52,0.5,0.34,94.74,2.22,197.06,0.0,40.88,9.03,20.23,36.65,11.01,-999.0
1982,215,0.51,0.5,0.34,94.98,1.82,110.69,0.0,55.31,10.74,18.49,37.52,13.74,-999.0
1982,216,0.51,0.5,0.34,95.21,2.35,117.94,0.02,63.25,11.9,18.96,34.56,15.73,-999.0
1982,217,0.51,0.5,0.34,95.06,2.59,51.12,0.01,64.31,11.9,17.98,33.37,15.83,-999.0
1982,218,0.51,0.49,0.34,94.87,2.11,57.94,0.0,58.06,11.66,18.96,33.36,15.55,-999.0
1982,219,0.51,0.49,0.34,94.92,2.59,35.69,0.02,62.0,11.96,18.87,31.76,15.93,-999.0
1982,220,0.51,0.49,0.34,95.2,2.82,192.5,0.05,67.81,11.66,18.52,26.72,15.54,-999.0
1982,221,0.51,0.49,0.36,95.34,3.39,320.5,1.4,70.62,11.54,17.08,26.3,15.44,-999.0
1982,222,0.51,0.49,0.38,95.47,2.66,229.0,0.28,65.44,11.17,18.07,29.08,14.92,-999.0
1982,223,0.5,0.49,0.37,95.43,1.66,163.06,0.07,56.81,10.62,16.51,33.87,14.13,-999.0
1982,224,0.5,0.49,0.37,95.49,1.99,175.69,0.61,56.44,10.99,19.16,32.68,14.66,-999.0
1982,225,0.5,0.49,0.38,95.39,1.46,70.88,1.11,59.69,11.29,18.08,32.84,14.9,-999.0
1982,226,0.5,0.49,0.37,95.19,1.58,193.5,0.61,48.81,10.74,19.12,35.46,14.23,-999.0
1982,227,0.5,0.49,0.35,95.12,2.07,182.25,0.0,44.31,9.89,20.06,36.2,12.94,-999.0
1982,228,0.5,0.49,0.34,95.24,1.74,124.25,0.04,42.0,9.16,20.05,35.87,11.45,-999.0
1982,229,0.5,0.49,0.34,95.28,2.34,261.94,0.18,50.38,10.31,20.02,34.32,13.41,-999.0
1982,230,0.49,0.48,0.34,95.38,2.03,224.44,0.07,63.5,11.66,18.15,32.23,15.55,-999.0
1982,231,0.49,0.48,0.34,95.27,1.87,226.25,0.0,51.38,9.7,17.81,33.71,12.65,-999.0
1982,232,0.49,0.48,0.33,94.94,1.72,224.38,0.0,39.62,8.79,19.42,38.59,10.82,-999.0
1982,233,0.49,0.48,0.33,95.02,2.61,122.75,0.23,54.06,11.23,20.15,34.26,14.81,-999.0
1982,234,0.49,0.48,0.33,95.44,2.46,60.56,0.04,58.56,10.68,18.4,31.65,14.23,-999.0
1982,235,0.49,0.48,0.32,95.17,1.67,200.94,0.0,49.44,10.68,18.31,36.38,14.14,-999.0
1982,236,0.49,0.48,0.33,95.13,2.12,189.62,0.65,56.38,11.84,20.12,33.15,15.77,-999.0
1982,237,0.49,0.48,0.33,95.07,2.23,71.5,0.08,59.25,11.29,17.46,34.15,15.01,-999.0
1982,238,0.49,0.48,0.32,94.79,1.91,193.25,0.03,42.31,9.83,20.25,38.8,12.69,-999.0
1982,239,0.48,0.48,0.31,94.9,1.84,217.38,0.06,41.88,10.07,20.89,39.93,12.9,-999.0
1982,240,0.48,0.48,0.33,95.25,2.55,129.69,1.01,64.19,12.7,20.08,33.27,16.8,-999.0
1982,241,0.48,0.48,0.34,95.45,2.23,89.69,0.9,62.94,11.96,18.94,35.16,15.83,-999.0
1982,242,0.48,0.48,0.35,95.23,1.36,181.25,1.0,53.31,11.47,19.5,36.06,15.14,-999.0
1982,243,0.48,0.48,0.37,94.99,2.12,164.12,1.78,50.38,10.31,20.12,36.4,13.16,-999.0
1982,244,0.49,0.48,0.43,95.05,3.36,82.69,2.32,79.12,10.86,14.56,21.17,14.26,-999.0
1982,245,0.49,0.48,0.45,95.25,2.97,310.25,0.68,69.62,9.03,14.65,22.02,11.71,-999.0
1982,246,0.49,0.48,0.47,95.28,2.04,130.19,3.02,74.44,10.56,15.48,24.46,14.03,-999.0
1982,247,0.49,0.49,0.48,95.47,2.53,137.44,2.22,69.75,11.11,15.48,30.08,14.74,-999.0
1982,248,0.49,0.49,0.46,95.5,3.06,166.75,0.13,45.56,9.77,19.92,35.23,12.6,-999.0
1982,249,0.49,0.48,0.42,95.39,2.26,220.5,0.02,41.31,8.97,20.6,35.47,11.36,-999.0
1982,250,0.48,0.48,0.43,95.29,3.03,197.62,1.84,56.88,10.07,17.26,30.41,13.24,-999.0
1982,251,0.48,0.48,0.42,95.39,2.33,76.5,0.03,61.75,8.79,15.38,26.1,11.26,-999.0
1982,252,0.48,0.48,0.4,95.39,1.86,156.69,0.01,58.75,8.67,13.64,31.21,11.01,-999.0
1982,253,0.48,0.48,0.38,95.44,1.6,186.75,0.11,57.56,10.13,16.07,33.76,13.33,-999.0
1982,254,0.48,0.48,0.38,95.64,1.77,78.06,0.02,61.0,10.25,17.25,29.67,13.46,-999.0
1982,255,0.48,0.48,0.38,95.51,1.53,42.0,0.12,70.44,10.99,16.99,25.4,14.64,-999.0
1982,256,0.48,0.48,0.38,95.33,1.81,251.69,0.64,67.81,10.07,15.45,25.95,13.19,-999.0
1982,257,0.48,0.48,0.39,95.11,1.55,197.25,1.12,69.88,10.07,15.87,25.05,13.3,-999.0
1982,258,0.48,0.48,0.4,95.21,1.48,167.81,0.49,66.81,10.07,16.05,27.51,13.23,-999.0
1982,259,0.48,0.48,0.39,95.38,1.72,169.56,0.58,62.62,10.07,15.71,30.9,13.29,-999.0
1982,260,0.48,0.48,0.41,95.36,1.77,185.81,1.71,60.06,10.07,16.69,31.55,13.26,-999.0
1982,261,0.48,0.48,0.41,95.29,1.61,214.19,0.55,54.88,10.44,18.0,32.46,13.85,-999.0
1982,262,0.48,0.48,0.39,95.37,1.75,247.94,0.21,53.56,10.99,19.51,32.97,14.67,-999.0
1982,263,0.48,0.48,0.38,95.5,1.82,207.5,0.01,51.0,10.44,20.17,34.59,13.82,-999.0
1982,264,0.48,0.48,0.36,95.41,1.9,205.75,0.01,46.31,9.7,21.24,34.4,12.68,-999.0
1982,265,0.48,0.48,0.36,95.2,2.42,210.5,0.87,54.12,10.01,19.26,31.72,12.92,-999.0
1982,266,0.48,0.48,0.37,95.07,1.61,223.0,0.39,58.38,9.64,17.35,29.43,12.44,-999.0
1982,267,0.48,0.48,0.36,94.94,1.65,224.38,0.18,51.75,9.28,15.39,32.57,12.01,-999.0
1982,268,0.48,0.48,0.34,94.98,1.93,224.5,0.0,41.25,8.48,19.12,35.45,10.48,-999.0
1982,269,0.48,0.47,0.34,95.29,2.46,299.44,0.14,53.56,9.34,17.91,30.19,11.9,-999.0
1982,270,0.48,0.47,0.34,95.35,1.84,99.5,0.12,63.12,10.56,17.21,32.43,13.76,-999.0
1982,271,0.48,0.47,0.33,95.22,1.69,93.62,0.14,46.94,8.24,17.14,33.31,9.94,-999.0
1982,272,0.48,0.47,0.33,95.19,1.26,118.25,0.0,43.94,8.24,17.78,33.49,10.04,-999.0
1982,273,0.48,0.47,0.34,95.26,2.37,194.06,1.56,61.25,10.5,18.73,30.01,13.8,-999.0
1982,274,0.48,0.47,0.38,95.26,1.58,108.88,1.27,74.75,11.9,17.64,27.3,15.9,-999.0
1982,275,0.48,0.47,0.38,95.13,2.04,196.06,0.1,71.06,10.99,16.42,29.04,14.55,-999.0
1982,276,0.48,0.47,0.37,95.23,1.46,176.62,0.02,61.56,8.54,15.16,27.5,10.38,-999.0
1982,277,0.48,0.47,0.36,95.03,1.72,288.81,0.18,64.56,9.09,14.78,25.98,11.65,-999.0
1982,278,0.48,0.47,0.37,94.59,2.0,256.69,0.13,67.44,10.38,15.8,27.23,13.56,-999.0
1982,279,0.48,0.47,0.36,94.22,3.31,293.44,0.26,68.12,9.34,14.55,22.52,12.0,-999.0
1982,280,0.48,0.47,0.36,94.59,2.11,303.44,0.03,63.19,7.69,12.65,23.94,9.03,-999.0
1982,281,0.48,0.47,0.35,94.89,1.48,242.62,0.1,60.75,7.32,12.94,22.97,8.41,-999.0
1982,282,0.48,0.47,0.35,94.86,1.87,213.81,0.0,62.5,7.45,11.54,25.85,8.4,-999.0
1982,283,0.48,0.47,0.35,95.0,1.51,139.62,0.25,70.56,8.85,12.48,23.8,11.2,-999.0
1982,284,0.48,0.47,0.35,95.47,2.02,328.31,0.17,73.94,8.79,13.44,22.94,11.11,-999.0
1982,285,0.47,0.47,0.34,95.3,2.04,275.31,0.0,69.19,8.12,10.84,25.5,9.85,-999.0
1982,286,0.47,0.47,0.34,94.76,2.38,259.44,0.0,53.25,7.39,12.42,27.6,8.37,-999.0
1982,287,0.47,0.47,0.33,94.71,3.45,283.5,0.0,52.06,7.14,12.46,28.16,7.44,-999.0
1982,288,0.47,0.47,0.33,95.18,2.13,307.5,0.0,71.12,8.06,10.65,22.98,9.93,-999.0
1982,289,0.47,0.47,0.33,95.14,1.21,197.69,0.0,64.25,7.51,12.33,23.86,8.76,-999.0
1982,290,0.47,0.47,0.32,94.95,1.5,246.5,0.0,59.75,7.57,11.36,26.83,8.88,-999.0
1982,291,0.47,0.47,0.32,94.68,1.83,189.44,0.16,56.44,8.06,14.54,29.05,9.59,-999.0
1982,292,0.47,0.47,0.33,94.83,2.73,111.31,1.11,55.06,8.12,15.72,27.5,9.71,-999.0
1982,293,0.47,0.47,0.35,94.58,3.62,120.81,0.26,72.06,10.62,16.62,24.87,14.07,-999.0
1982,294,0.47,0.47,0.34,93.99,3.46,168.19,0.19,61.88,8.61,12.83,26.27,9.84,-999.0
1982,295,0.47,0.47,0.34,94.02,4.39,207.44,0.3,54.62,6.04,10.69,19.93,5.38,-999.0
1982,296,0.47,0.47,0.34,94.75,3.88,269.75,0.11,61.0,6.77,11.2,20.87,7.26,-999.0
1982,297,0.47,0.47,0.38,95.6,3.11,294.06,1.6,67.25,6.23,9.04,18.3,6.12,-999.0
1982,298,0.47,0.47,0.39,95.83,2.19,312.19,0.45,72.38,6.77,9.54,18.24,7.51,-999.0
1982,299,0.48,0.47,0.45,95.6,2.23,313.25,4.24,82.06,7.87,10.21,16.51,9.64,-999.0
1982,300,0.48,0.48,0.52,95.4,2.31,345.31,5.36,76.44,7.63,11.01,18.26,9.16,-999.0
1982,301,0.48,0.49,0.55,95.42,2.23,234.75,18.95,81.44,7.87,9.96,17.3,9.67,-999.0
1982,302,0.53,0.57,0.75,95.17,2.82,87.81,41.97,92.62,9.83,11.69,17.3,12.93,-999.0
1982,303,0.55,0.59,0.62,95.43,1.98,126.0,6.06,73.75,7.81,11.31,20.62,9.4,-999.0
1982,304,0.56,0.59,0.67,95.53,2.59,73.75,11.78,90.0,9.89,11.46,18.63,13.02,-999.0
1982,305,0.57,0.59,0.62,95.67,1.92,97.38,1.33,88.06,9.46,10.95,18.05,12.39,-999.0
1982,306,0.57,0.59,0.59,95.71,1.41,116.81,0.21,78.56,8.42,9.86,22.13,10.71,-999.0
1982,307,0.57,0.58,0.59,95.71,0.98,157.31,1.98,75.81,8.54,11.33,21.33,10.88,-999.0
1982,308,0.57,0.58,0.59,95.75,1.39,214.25,1.38,83.62,8.79,11.41,20.48,11.27,-999.0
1982,309,0.57,0.58,0.59,95.38,1.16,209.44,2.74,80.69,8.12,9.92,18.94,10.05,-999.0
1982,310,0.57,0.58,0.57,94.75,2.6,206.56,0.0,72.19,7.26,8.1,22.71,8.25,-999.0
1982,311,0.57,0.57,0.56,94.49,6.13,192.25,0.01,61.25,6.65,10.62,20.98,7.01,-999.0
1982,312,0.56,0.57,0.55,94.78,4.73,190.19,0.0,55.44,6.16,10.03,23.42,5.92,-999.0
1982,313,0.56,0.56,0.56,95.06,2.23,172.44,2.2,74.25,7.08,8.27,18.64,7.79,-999.0
1982,314,0.57,0.58,0.63,95.25,2.69,31.25,13.46,91.38,8.91,11.31,15.65,11.55,-999.0
1982,315,0.59,0.62,0.74,95.36,3.39,291.62,24.97,91.69,8.67,10.8,13.88,11.06,-999.0
1982,316,0.6,0.62,0.66,95.56,1.34,68.5,0.7,88.44,8.79,11.02,17.42,11.34,-999.0
1982,317,0.6,0.62,0.65,95.38,1.45,236.94,1.0,84.06,8.3,9.84,18.13,10.41,-999.0
1982,318,0.61,0.62,0.7,94.9,1.94,257.31,11.47,88.56,8.06,9.99,14.65,9.9,-999.0
1982,319,0.62,0.63,0.7,94.47,3.59,275.94,11.7,82.81,6.35,6.78,12.63,6.23,-999.0
1982,320,0.63,0.66,0.74,94.58,5.05,311.75,11.58,86.69,5.86,5.51,9.14,5.17,-999.0
1982,321,0.64,0.66,0.72,95.31,5.99,315.31,4.9,81.81,6.47,7.24,12.24,6.76,-999.0
1982,322,0.64,0.66,0.7,95.56,4.07,317.88,1.65,83.75,6.84,8.4,13.7,7.65,-999.0
1982,323,0.64,0.65,0.69,95.82,2.14,299.94,0.43,87.44,7.26,6.44,15.33,8.42,-999.0
1982,324,0.64,0.65,0.69,96.06,1.12,147.44,0.04,83.5,6.59,6.41,16.8,6.98,-999.0
1982,325,0.64,0.65,0.68,95.94,1.46,247.5,0.0,71.62,5.86,5.58,18.44,5.28,-999.0
1982,326,0.64,0.64,0.68,95.98,1.26,198.38,0.0,74.88,5.98,5.58,18.46,5.69,-999.0
1982,327,0.63,0.64,0.67,96.02,2.02,219.19,0.0,71.94,5.68,4.6,19.49,4.9,-999.0
1982,328,0.63,0.64,0.67,95.73,3.34,213.31,0.0,77.38,5.98,6.32,14.62,5.69,-999.0
1982,329,0.63,0.64,0.67,95.35,1.98,222.12,0.0,71.25,5.86,5.44,18.04,5.3,-999.0
1982,330,0.63,0.63,0.66,94.46,3.63,194.19,0.0,70.56,5.74,7.44,14.89,4.9,-999.0
1982,331,0.63,0.64,0.71,93.57,5.7,248.88,10.47,83.06,5.49,5.78,7.96,4.13,-999.0
1982,332,0.64,0.65,0.7,94.33,4.44,293.31,1.12,83.25,5.98,6.22,11.94,5.45,-999.0
1982,333,0.64,0.65,0.69,94.75,1.45,215.75,0.39,80.31,5.8,5.6,13.23,5.05,-999.0
1982,334,0.64,0.65,0.7,94.63,2.62,254.06,4.63,86.69,6.16,5.62,11.93,5.9,-999.0
1982,335,0.65,0.66,0.72,95.01,4.34,276.38,5.81,91.44,6.53,6.67,10.52,6.73,-999.0
1982,336,0.65,0.66,0.7,95.52,1.78,274.75,0.22,77.88,5.31,5.03,13.12,3.72,-999.0
1982,337,0.65,0.66,0.7,95.56,1.02,306.0,0.82,80.94,5.43,4.47,11.73,4.15,-999.0
1982,338,0.65,0.66,0.7,96.08,1.36,301.25,1.67,90.44,6.29,6.55,10.41,6.43,-999.0
1982,339,0.65,0.66,0.72,96.55,1.72,169.38,5.85,91.19,6.59,6.19,12.76,7.23,-999.0
1982,340,0.66,0.66,0.71,96.56,1.02,225.0,1.35,87.81,6.53,7.26,13.17,7.06,-999.0
1982,341,0.66,0.66,0.7,96.12,1.73,232.56,0.07,78.31,5.55,4.58,15.09,4.67,-999.0
1982,342,0.65,0.66,0.7,95.73,3.47,211.38,0.0,77.62,5.07,3.89,15.35,3.34,-999.0
1982,343,0.65,0.66,0.7,95.46,2.55,265.38,1.58,88.62,6.41,3.87,14.15,6.44,-999.0
1982,344,0.66,0.66,0.7,95.49,2.88,278.12,1.32,88.19,7.08,7.7,14.71,8.01,-999.0
1982,345,0.66,0.66,0.71,95.23,5.34,288.19,3.51,83.62,6.29,6.51,11.71,6.19,-999.0
1982,346,0.66,0.66,0.7,95.04,3.31,264.69,0.1,86.44,6.16,5.15,13.19,5.95,-999.0
1982,347,0.66,0.66,0.7,94.58,3.38,245.56,0.54,84.94,6.71,6.36,15.59,7.15,-999.0
1982,348,0.66,0.66,0.7,94.94,1.61,277.62,1.61,83.38,5.62,4.61,11.77,4.62,-999.0
1982,349,0.66,0.66,0.7,95.8,1.7,325.62,1.25,82.62,5.49,4.28,11.46,4.5,-999.0
1982,350,0.66,0.66,0.7,95.66,1.59,264.12,0.01,78.0,4.64,1.04,12.23,1.96,-999.0
1982,351,0.65,0.66,0.7,94.51,2.07,235.94,0.0,73.19,4.94,2.27,14.18,2.69,-999.0
1982,352,0.66,0.66,0.73,94.07,5.5,278.94,14.11,82.0,5.25,4.24,8.5,3.51,-999.0
1982,353,0.67,0.7,0.78,94.96,5.53,300.62,13.74,81.94,4.82,3.86,8.46,2.46,-999.0
1982,354,0.68,0.7,0.73,95.18,2.72,237.31,0.12,75.94,4.7,2.07,13.9,2.11,-999.0
1982,355,0.67,0.69,0.72,94.42,2.67,227.25,0.02,74.44,5.0,2.12,15.24,2.83,-999.0
1982,356,0.68,0.69,0.75,94.17,1.98,260.75,9.27,91.44,5.25,3.18,6.68,3.61,-999.0
1982,357,0.69,0.7,0.77,94.41,3.7,289.94,10.13,92.12,5.0,2.9,6.41,2.94,-999.0
1982,358,0.7,0.71,0.77,94.76,3.53,301.31,10.32,91.0,4.52,1.95,3.82,1.54,-999.0
1982,359,0.7,0.72,0.77,95.28,3.49,312.12,4.34,88.94,5.0,2.88,7.47,3.15,-999.0
1982,360,0.7,0.73,0.77,95.59,3.21,321.31,5.42,90.88,5.92,3.17,9.54,5.46,-999.0
1982,361,0.71,0.73,0.78,95.99,1.86,332.94,5.11,86.5,5.55,5.15,9.82,4.61,-999.0
1982,362,0.72,0.73,0.77,96.15,1.49,305.38,3.4,87.75,5.8,4.82,11.18,5.27,-999.0
1982,363,0.72,0.73,0.76,95.94,1.58,305.44,0.6,87.88,5.98,4.23,12.73,5.74,-999.0
1982,364,0.72,0.73,0.77,96.21,0.96,140.81,1.98,83.19,5.62,3.75,11.41,4.86,-999.0
1982,365,0.72,0.73,0.76,96.46,1.02,185.12,0.25,80.88,4.94,1.63,12.79,3.01,-999.0
1983,1,0.72,0.73,0.76,96.31,2.0,260.94,0.03,83.38,4.82,0.81,12.16,2.68,-999.0
1983,2,0.72,0.73,0.75,96.36,1.51,307.56,0.18,82.75,4.82,2.29,10.26,2.69,-999.0
1983,3,0.71,0.73,0.76,96.72,1.34,306.44,0.42,90.0,5.49,3.5,10.48,4.68,-999.0
1983,4,0.71,0.72,0.75,96.77,1.95,249.56,0.02,79.19,4.82,1.46,14.45,2.67,-999.0
1983,5,0.71,0.72,0.75,96.62,1.75,283.75,0.0,77.25,4.88,3.14,14.72,2.67,-999.0
1983,6,0.71,0.72,0.75,96.32,1.28,269.75,0.0,62.62,4.64,4.56,17.3,1.58,-999.0
1983,7,0.71,0.72,0.75,96.44,1.51,286.0,0.08,77.12,5.37,4.55,15.4,4.02,-999.0
1983,8,0.71,0.72,0.75,96.63,1.59,242.25,0.66,90.62,6.04,3.91,11.04,6.01,-999.0
1983,9,0.71,0.72,0.75,96.62,3.59,328.75,2.1,88.31,5.62,2.94,10.09,4.95,-999.0
1983,10,0.71,0.72,0.75,96.81,1.66,208.38,0.38,85.94,5.31,2.73,9.92,4.08,-999.0
1983,11,0.71,0.72,0.75,96.89,1.41,130.94,0.0,83.06,4.82,1.11,14.25,2.7,-999.0
1983,12,0.71,0.72,0.74,96.8,1.3,203.88,0.0,70.56,4.58,2.21,15.63,1.98,-999.0
1983,13,0.7,0.71,0.74,96.42,1.68,239.44,0.0,72.31,4.64,1.07,16.7,2.11,-999.0
1983,14,0.7,0.71,0.74,96.01,1.9,273.81,0.0,77.75,4.94,1.49,14.08,2.59,-999.0
1983,15,0.7,0.71,0.74,95.56,3.33,290.12,0.0,86.88,6.1,3.89,12.15,5.83,-999.0
1983,16,0.7,0.71,0.74,95.76,3.7,315.38,0.46,86.69,6.59,7.84,12.4,7.06,-999.0
1983,17,0.7,0.71,0.74,96.14,1.72,248.25,0.23,84.75,5.92,3.59,12.01,5.67,-999.0
1983,18,0.7,0.71,0.73,95.88,2.06,233.94,0.01,72.62,5.0,1.73,18.05,2.98,-999.0
1983,19,0.7,0.7,0.73,95.46,3.41,278.81,0.53,75.06,5.55,4.06,16.05,4.25,-999.0
1983,20,0.7,0.7,0.73,96.04,4.42,331.81,0.5,74.56,4.21,2.72,7.9,0.68,-999.0
1983,21,0.7,0.7,0.74,96.76,2.34,111.31,1.41,70.56,3.66,1.36,7.56,-1.06,-999.0
1983,22,0.7,0.7,0.73,96.82,1.0,188.81,0.0,68.75,3.42,-1.73,11.98,-1.98,-999.0
1983,23,0.7,0.7,0.73,96.66,1.27,208.56,0.0,61.69,3.66,-0.52,15.58,-1.41,-999.0
1983,24,0.7,0.7,0.73,96.66,1.31,157.75,0.01,68.94,4.03,1.19,14.94,-0.24,-999.0
1983,25,0.7,0.7,0.73,96.85,1.27,117.31,0.0,79.12,4.33,0.59,12.74,1.23,-999.0
1983,26,0.7,0.7,0.73,97.1,1.39,210.19,0.0,75.44,4.09,-0.97,14.36,0.15,-999.0
1983,27,0.69,0.7,0.73,96.83,1.53,283.31,0.0,78.06,4.58,1.12,13.27,1.8,-999.0
1983,28,0.69,0.7,0.73,96.38,1.8,292.19,0.0,85.44,5.62,2.62,13.65,4.75,-999.0
1983,29,0.69,0.7,0.73,96.12,1.58,291.5,0.0,87.5,5.98,4.07,13.72,5.65,-999.0
1983,30,0.69,0.7,0.73,95.86,2.19,272.88,0.0,79.56,5.74,3.33,16.18,5.08,-999.0
1983,31,0.69,0.7,0.73,95.9,2.23,295.38,0.0,89.38,6.16,3.94,13.49,6.11,-999.0
1983,32,0.69,0.69,0.72,95.75,1.55,261.38,0.0,69.25,5.25,2.47,18.22,3.79,-999.0
1983,33,0.68,0.69,0.72,95.87,2.34,202.88,0.0,79.06,5.37,1.92,13.4,3.91,-999.0
1983,34,0.68,0.69,0.72,96.4,1.46,248.31,0.0,80.5,4.46,1.49,11.04,1.65,-999.0
1983,35,0.68,0.69,0.72,96.12,1.78,280.12,0.0,80.38,4.52,-0.75,12.99,1.67,-999.0
1983,36,0.68,0.69,0.72,95.74,0.88,214.81,0.11,75.19,4.7,2.06,12.44,2.26,-999.0
1983,37,0.68,0.68,0.71,94.33,4.2,238.12,1.15,66.25,4.52,2.03,15.61,1.24,-999.0
1983,38,0.68,0.68,0.72,93.85,3.2,270.81,1.31,79.75,4.7,1.26,10.58,1.98,-999.0
1983,39,0.68,0.68,0.72,93.91,1.91,239.31,0.23,77.19,4.64,-0.12,13.22,1.7,-999.0
1983,40,0.67,0.68,0.72,93.96,1.54,275.94,0.03,79.56,5.0,1.1,12.58,2.69,-999.0
1983,41,0.68,0.69,0.74,93.6,2.44,256.12,7.14,92.94,4.82,1.18,5.97,2.31,-999.0
1983,42,0.68,0.69,0.73,93.85,3.11,250.44,1.09,76.38,3.48,-1.1,6.65,-2.34,-999.0
1983,43,0.68,0.69,0.72,93.87,3.84,184.06,0.0,60.19,3.11,-2.17,13.49,-3.52,-999.0
1983,44,0.68,0.69,0.72,94.23,1.3,232.75,0.37,65.56,3.66,1.19,12.8,-1.79,-999.0
1983,45,0.68,0.68,0.72,94.14,3.55,197.5,0.99,72.88,4.52,-0.6,15.42,1.16,-999.0
1983,46,0.67,0.68,0.71,94.71,2.66,247.38,0.11,72.5,4.46,0.6,13.58,1.26,-999.0
1983,47,0.68,0.69,0.73,95.18,2.55,275.94,5.73,84.25,4.82,2.12,9.85,2.52,-999.0
1983,48,0.68,0.69,0.72,95.48,1.55,190.62,0.03,74.38,4.09,1.46,12.35,0.23,-999.0
1983,49,0.68,0.69,0.72,95.5,1.6,71.81,0.45,84.44,5.0,1.93,11.69,3.11,-999.0
1983,50,0.68,0.69,0.73,95.83,1.73,63.62,1.45,79.69,4.64,1.13,10.19,2.02,-999.0
1983,51,0.68,0.68,0.71,95.57,2.25,218.31,0.0,71.44,3.97,-1.88,13.58,-0.08,-999.0
1983,52,0.67,0.68,0.71,95.38,1.98,212.75,0.01,77.75,5.0,1.58,14.47,2.92,-999.0
1983,53,0.67,0.68,0.71,95.53,1.85,202.44,0.0,78.75,5.43,2.96,16.22,4.26,-999.0
1983,54,0.67,0.68,0.71,95.86,1.21,197.0,0.03,79.88,6.35,3.26,16.12,6.44,-999.0
1983,55,0.67,0.67,0.71,96.24,1.45,181.88,0.15,80.56,6.77,6.97,16.12,7.58,-999.0
1983,56,0.67,0.67,0.7,96.21,1.58,194.12,0.0,82.19,6.84,5.14,18.27,7.63,-999.0
1983,57,0.66,0.67,0.7,95.93,1.8,273.0,0.2,82.31,7.26,8.05,16.43,8.54,-999.0
1983,58,0.66,0.67,0.7,95.9,2.72,294.31,0.16,84.12,6.59,5.65,15.41,7.05,-999.0
1983,59,0.66,0.66,0.7,95.79,2.01,286.31,0.03,80.25,5.74,4.76,15.31,5.12,-999.0
1983,60,0.66,0.66,0.7,95.24,3.12,289.81,0.47,79.38,6.1,4.2,15.55,5.79,-999.0
1983,61,0.66,0.66,0.7,95.46,3.95,322.75,1.29,79.88,5.25,4.26,11.23,3.74,-999.0
1983,62,0.66,0.66,0.7,95.92,2.09,193.25,0.62,81.75,5.19,4.26,10.9,3.66,-999.0
1983,63,0.66,0.66,0.7,96.27,1.08,79.75,0.04,75.56,5.07,4.23,14.97,3.26,-999.0
1983,64,0.66,0.66,0.69,96.22,1.73,110.19,0.01,75.12,4.94,2.94,16.19,2.9,-999.0
1983,65,0.66,0.66,0.69,96.03,1.16,186.25,0.06,79.0,5.25,2.94,13.62,3.82,-999.0
1983,66,0.66,0.66,0.69,96.01,1.23,170.0,0.39,79.38,5.8,4.77,16.38,5.25,-999.0
1983,67,0.65,0.66,0.68,96.07,1.1,133.0,0.0,73.44,5.49,3.24,18.62,4.41,-999.0
1983,68,0.65,0.65,0.67,96.01,1.22,205.31,0.0,61.81,5.37,4.54,21.88,3.94,-999.0
1983,69,0.65,0.65,0.66,95.55,1.78,236.88,0.0,56.62,5.74,5.95,24.26,4.85,-999.0
1983,70,0.64,0.65,0.69,95.43,3.05,306.75,5.55,86.06,6.96,6.19,14.77,7.79,-999.0
1983,71,0.65,0.65,0.69,95.68,2.07,301.19,0.3,84.56,6.71,6.83,15.53,7.38,-999.0
1983,72,0.65,0.65,0.67,95.85,1.45,184.75,0.0,66.56,5.8,5.67,21.9,5.12,-999.0
1983,73,0.64,0.64,0.66,95.64,2.05,227.81,0.0,59.12,6.1,6.99,23.73,5.76,-999.0
1983,74,0.64,0.64,0.66,94.86,3.77,261.19,1.64,63.25,6.41,6.79,24.26,6.51,-999.0
1983,75,0.64,0.64,0.67,94.96,2.91,297.56,2.4,81.12,5.37,4.27,9.64,3.9,-999.0
1983,76,0.65,0.65,0.73,95.34,4.52,304.38,16.37,89.81,5.92,4.21,9.06,5.51,-999.0
1983,77,0.66,0.67,0.73,95.8,3.7,329.56,6.41,88.62,6.77,7.66,12.88,7.51,-999.0
1983,78,0.66,0.67,0.7,95.88,1.66,233.56,0.81,81.88,6.53,6.04,16.26,6.94,-999.0
1983,79,0.66,0.66,0.69,95.46,1.6,224.19,0.0,62.81,5.86,4.87,22.03,5.14,-999.0
1983,80,0.66,0.66,0.69,95.39,1.56,226.25,0.46,67.62,7.32,8.35,20.74,8.36,-999.0
1983,81,0.65,0.66,0.68,95.33,1.78,235.56,0.75,82.0,8.61,9.26,20.55,10.96,-999.0
1983,82,0.65,0.66,0.68,94.95,1.47,186.56,0.98,84.62,8.61,9.13,20.18,10.92,-999.0
1983,83,0.65,0.65,0.68,94.12,2.8,217.5,1.04,75.69,8.54,10.37,24.68,10.63,-999.0
1983,84,0.65,0.66,0.7,93.97,4.93,281.31,7.61,77.94,6.04,5.11,14.37,5.48,-999.0
1983,85,0.66,0.66,0.69,94.6,5.53,291.06,1.09,72.81,5.43,5.42,14.08,4.07,-999.0
1983,86,0.65,0.66,0.69,94.3,1.99,240.81,0.67,78.69,6.1,5.17,15.52,5.78,-999.0
1983,87,0.65,0.66,0.7,93.57,3.73,241.69,4.42,73.69,5.43,3.82,13.09,3.93,-999.0
1983,88,0.65,0.66,0.69,94.16,2.04,148.88,0.32,77.5,5.25,2.58,14.03,3.57,-999.0
1983,89,0.65,0.66,0.69,94.49,4.05,178.31,1.82,87.44,5.62,4.61,8.68,4.68,-999.0
1983,90,0.65,0.66,0.68,94.47,3.62,307.62,0.2,79.19,5.31,3.38,12.12,3.87,-999.0
1983,91,0.65,0.65,0.67,93.97,3.09,259.06,0.15,71.62,6.04,2.97,19.75,5.46,-999.0
1983,92,0.65,0.65,0.67,94.16,2.16,217.88,0.11,71.88,5.68,4.54,16.01,4.67,-999.0
1983,93,0.64,0.65,0.67,94.51,1.29,265.94,0.16,80.62,6.04,4.87,12.99,5.66,-999.0
1983,94,0.64,0.64,0.66,94.67,2.44,290.06,0.01,72.56,5.25,4.15,15.94,3.37,-999.0
1983,95,0.64,0.64,0.66,95.03,2.79,277.69,0.01,75.5,6.04,3.18,17.54,5.53,-999.0
1983,96,0.63,0.64,0.65,95.03,1.9,212.44,0.0,72.75,6.53,4.01,21.19,6.83,-999.0
1983,97,0.63,0.63,0.65,95.22,1.46,217.31,0.0,68.06,6.35,7.78,21.28,6.5,-999.0
1983,98,0.63,0.63,0.64,95.54,1.68,221.5,0.0,65.69,6.23,6.48,22.23,6.23,-999.0
1983,99,0.62,0.62,0.63,95.56,1.64,202.56,0.0,57.62,6.16,7.66,25.79,5.93,-999.0
1983,100,0.62,0.62,0.62,95.42,2.01,215.31,0.0,45.19,5.74,9.57,28.44,4.79,-999.0
1983,101,0.62,0.61,0.61,95.23,2.61,236.06,0.02,46.44,6.53,11.05,30.17,6.44,-999.0
1983,102,0.62,0.61,0.62,95.4,2.35,240.0,0.72,74.88,7.51,8.79,18.55,8.9,-999.0
1983,103,0.61,0.61,0.62,95.83,2.88,312.12,0.33,70.31,5.25,5.19,15.07,3.85,-999.0
1983,104,0.61,0.61,0.62,95.84,1.79,81.88,0.0,64.44,4.76,5.41,17.05,2.41,-999.0
1983,105,0.61,0.61,0.61,95.8,1.87,190.0,0.0,66.81,5.0,3.75,17.87,3.15,-999.0
1983,106,0.61,0.6,0.6,95.2,2.05,214.06,0.0,58.44,5.92,4.04,24.33,5.23,-999.0
1983,107,0.6,0.6,0.6,94.58,3.77,195.25,0.0,61.69,7.39,11.33,23.44,8.37,-999.0
1983,108,0.6,0.59,0.59,94.03,3.22,212.62,0.0,53.62,7.14,12.14,25.09,7.76,-999.0
1983,109,0.6,0.59,0.59,94.59,2.2,241.75,0.0,69.38,7.87,10.52,21.49,9.47,-999.0
1983,110,0.59,0.59,0.59,94.75,2.52,168.69,0.0,57.69,7.45,9.28,30.22,8.76,-999.0
1983,111,0.59,0.59,0.59,95.07,3.48,243.06,0.07,60.81,6.96,9.98,22.41,7.73,-999.0
1983,112,0.59,0.59,0.58,95.23,1.15,232.5,0.0,53.75,5.86,8.35,25.69,4.98,-999.0
1983,113,0.59,0.58,0.58,94.8,1.94,293.12,0.17,65.88,7.39,10.61,21.15,8.66,-999.0
1983,114,0.59,0.58,0.59,94.88,1.52,193.12,2.24,66.12,7.14,9.65,24.39,8.17,-999.0
1983,115,0.59,0.58,0.58,94.68,1.21,166.0,0.08,58.69,7.45,9.19,28.11,8.64,-999.0
1983,116,0.58,0.58,0.58,94.85,1.83,90.94,0.43,78.19,9.22,12.93,20.43,11.98,-999.0
1983,117,0.58,0.58,0.58,94.93,1.76,101.19,0.82,68.81,8.97,10.73,27.1,11.51,-999.0
1983,118,0.58,0.57,0.57,94.86,2.12,274.75,0.1,66.69,8.54,12.23,26.77,10.74,-999.0
1983,119,0.58,0.57,0.56,95.11,2.3,200.94,0.25,64.75,8.97,11.58,30.47,11.49,-999.0
1983,120,0.57,0.57,0.57,94.89,2.23,226.75,1.98,64.31,10.19,15.54,31.52,13.33,-999.0
1983,121,0.57,0.57,0.59,95.12,2.04,310.0,3.95,76.31,8.0,10.15,16.23,9.63,-999.0
1983,122,0.57,0.57,0.57,95.36,1.41,228.31,0.0,58.31,5.98,8.18,24.31,5.33,-999.0
1983,123,0.57,0.57,0.56,95.3,1.45,228.5,0.02,57.94,7.26,9.85,26.99,8.44,-999.0
1983,124,0.57,0.56,0.55,95.29,1.76,227.56,0.09,52.81,8.3,13.05,28.9,10.27,-999.0
1983,125,0.56,0.56,0.58,95.3,1.47,127.31,3.29,81.75,10.93,15.2,19.98,14.63,-999.0
1983,126,0.56,0.56,0.56,95.19,1.87,189.38,0.11,68.69,9.46,13.21,26.94,12.33,-999.0
1983,127,0.56,0.56,0.55,94.88,1.98,235.31,0.92,60.81,10.07,13.9,30.19,13.25,-999.0
1983,128,0.56,0.55,0.55,94.78,1.73,287.62,0.05,70.25,10.19,13.8,25.55,13.41,-999.0
1983,129,0.56,0.55,0.55,94.82,2.43,296.62,0.64,72.0,8.73,11.76,22.55,11.14,-999.0
1983,130,0.55,0.55,0.55,94.54,1.2,242.12,0.02,61.88,7.93,9.78,25.49,9.55,-999.0
1983,131,0.55,0.55,0.56,94.42,1.55,311.38,1.84,66.5,8.42,12.1,22.48,10.44,-999.0
1983,132,0.55,0.55,0.55,94.8,1.64,225.06,0.0,54.5,7.2,9.87,27.57,8.13,-999.0
1983,133,0.55,0.55,0.53,94.87,2.02,201.44,0.0,49.25,8.36,15.62,30.9,10.33,-999.0
1983,134,0.55,0.54,0.52,94.62,1.77,211.31,0.0,42.94,7.57,16.32,33.81,8.53,-999.0
1983,135,0.55,0.54,0.52,94.54,2.44,243.69,0.17,58.19,7.87,11.52,30.69,9.3,-999.0
1983,136,0.54,0.53,0.52,95.01,2.0,139.44,0.0,57.25,6.29,9.27,24.61,6.15,-999.0
1983,137,0.54,0.53,0.52,95.32,1.85,182.0,0.0,55.12,6.77,9.01,27.48,7.36,-999.0
1983,138,0.54,0.53,0.52,95.31,1.17,176.31,0.0,47.94,7.2,13.46,30.38,8.26,-999.0
1983,139,0.53,0.52,0.51,94.98,1.43,223.94,0.0,45.25,7.63,15.08,31.9,8.99,-999.0
1983,140,0.53,0.52,0.49,94.49,2.99,217.75,0.0,34.75,5.92,14.97,34.59,4.76,-999.0
1983,141,0.53,0.52,0.5,94.48,2.84,324.94,0.15,61.94,7.08,10.83,20.75,7.84,-999.0
1983,142,0.53,0.52,0.55,94.77,3.47,319.12,8.0,69.81,6.65,9.33,21.01,6.98,-999.0
1983,143,0.53,0.53,0.54,95.26,2.77,307.19,0.54,59.75,5.98,8.21,21.73,5.48,-999.0
1983,144,0.53,0.53,0.52,95.2,2.17,210.31,0.0,48.5,5.31,7.35,25.58,3.65,-999.0
1983,145,0.53,0.52,0.52,95.15,2.08,215.69,0.0,57.06,6.47,10.52,23.14,6.68,-999.0
1983,146,0.53,0.52,0.52,95.08,2.48,74.5,0.0,63.19,6.71,9.37,22.31,7.34,-999.0
1983,147,0.53,0.52,0.52,95.08,2.52,84.88,0.51,73.94,8.12,10.34,21.37,10.08,-999.0
1983,148,0.52,0.52,0.51,95.23,1.88,58.06,0.01,59.62,6.84,11.09,24.4,7.44,-999.0
1983,149,0.52,0.52,0.49,94.95,1.84,212.56,0.0,45.19,6.65,10.87,29.71,6.96,-999.0
1983,150,0.52,0.52,0.48,94.89,1.98,221.62,0.7,50.0,7.93,14.45,29.39,9.45,-999.0
1983,151,0.52,0.52,0.46,94.91,1.47,200.62,0.06,43.19,7.63,14.57,34.48,8.69,-999.0
1983,152,0.52,0.51,0.45,95.08,1.65,227.75,0.19,42.56,7.51,16.22,32.69,8.78,-999.0
1983,153,0.52,0.51,0.43,95.37,1.9,98.5,0.0,52.25,8.36,14.65,32.67,10.37,-999.0
1983,154,0.52,0.51,0.42,95.45,1.55,92.06,0.0,47.38,8.54,15.65,34.61,10.76,-999.0
1983,155,0.52,0.5,0.41,95.43,2.24,174.88,0.0,38.12,7.63,18.26,34.74,9.06,-999.0
1983,156,0.51,0.5,0.39,95.26,2.05,94.88,0.0,36.81,7.39,18.25,35.78,8.51,-999.0
1983,157,0.51,0.5,0.38,95.13,1.64,151.75,0.0,35.38,7.08,18.42,35.19,7.88,-999.0
1983,158,0.51,0.49,0.37,95.18,2.16,178.38,0.0,36.56,7.45,18.96,34.61,8.74,-999.0
1983,159,0.51,0.49,0.37,95.53,1.99,87.19,0.0,39.25,7.87,18.88,34.44,9.62,-999.0
1983,160,0.5,0.49,0.36,95.7,1.8,154.38,0.0,37.44,7.02,17.96,34.0,7.83,-999.0
1983,161,0.5,0.49,0.36,95.51,1.88,116.31,0.0,32.56,6.35,17.73,35.01,6.3,-999.0
1983,162,0.5,0.49,0.35,95.04,2.56,241.0,0.07,40.0,8.42,20.11,36.83,10.33,-999.0
1983,163,0.5,0.49,0.35,94.99,2.55,254.94,0.01,51.12,10.68,19.99,32.01,14.18,-999.0
1983,164,0.5,0.49,0.35,95.13,2.14,174.0,0.03,57.0,10.13,16.65,31.87,13.4,-999.0
1983,165,0.5,0.48,0.35,95.51,4.26,322.69,0.04,67.0,8.97,14.22,22.96,11.46,-999.0
1983,166,0.5,0.48,0.35,95.87,3.41,315.0,0.0,60.69,7.63,12.02,24.49,9.1,-999.0
1983,167,0.49,0.48,0.35,95.63,2.44,305.19,0.0,48.12,6.65,12.9,27.34,7.2,-999.0
1983,168,0.49,0.48,0.34,95.11,1.49,163.12,0.0,38.0,6.47,14.63,33.41,6.46,-999.0
1983,169,0.49,0.48,0.34,95.03,2.91,213.0,0.0,61.75,8.73,13.87,25.69,11.03,-999.0
1983,170,0.49,0.48,0.34,94.84,2.91,72.94,0.0,58.88,8.48,12.15,29.53,10.69,-999.0
1983,171,0.49,0.48,0.39,94.92,2.12,205.44,3.26,71.25,10.99,16.09,27.76,14.65,-999.0
1983,172,0.49,0.49,0.38,95.35,2.48,258.12,0.23,66.25,9.34,14.65,25.91,12.1,-999.0
1983,173,0.49,0.48,0.37,95.21,1.86,166.62,0.0,46.38,6.96,12.48,30.83,7.55,-999.0
1983,174,0.49,0.48,0.4,95.06,2.38,198.81,3.27,57.44,9.83,17.45,30.33,12.82,-999.0
1983,175,0.49,0.49,0.42,95.14,1.92,169.69,1.85,55.56,10.13,18.08,31.36,13.3,-999.0
1983,176,0.49,0.49,0.4,95.14,1.44,152.19,0.0,41.56,8.24,17.51,34.82,9.98,-999.0
1983,177,0.49,0.48,0.38,94.95,1.22,236.88,0.06,34.88,8.3,19.9,38.76,10.22,-999.0
1983,178,0.49,0.48,0.38,94.78,2.44,318.81,0.98,59.69,10.74,18.08,28.92,14.21,-999.0
1983,179,0.49,0.48,0.39,95.03,3.27,324.94,0.8,69.31,10.68,16.05,26.01,14.19,-999.0
1983,180,0.49,0.48,0.38,95.2,2.12,125.75,0.01,61.06,9.22,14.94,28.63,11.81,-999.0
1983,181,0.49,0.48,0.37,95.13,1.9,161.81,0.0,49.44,8.67,14.81,32.62,10.98,-999.0
1983,182,0.48,0.48,0.35,95.33,2.52,230.44,0.18,44.88,8.97,19.58,33.74,11.47,-999.0
1983,183,0.48,0.48,0.34,95.43,2.2,188.38,0.0,45.19,8.42,18.01,32.97,10.58,-999.0
1983,184,0.48,0.48,0.34,95.15,1.56,173.75,0.02,50.44,9.89,17.05,32.3,13.02,-999.0
1983,185,0.48,0.48,0.34,95.11,2.14,192.75,0.12,59.25,11.41,19.0,32.12,15.15,-999.0
1983,186,0.48,0.48,0.41,95.01,3.18,182.56,5.43,44.31,10.44,22.21,36.45,13.68,-999.0
1983,187,0.49,0.48,0.44,95.17,1.92,133.06,0.15,55.19,11.35,19.54,34.13,15.01,-999.0
1983,188,0.48,0.48,0.41,95.16,2.27,66.06,0.26,62.81,11.35,18.09,29.83,15.13,-999.0
1983,189,0.48,0.48,0.39,95.06,2.06,63.69,0.0,52.5,9.64,17.28,33.62,12.54,-999.0
1983,190,0.48,0.48,0.37,95.06,2.27,82.44,0.0,45.56,8.79,17.12,35.55,11.07,-999.0
1983,191,0.48,0.48,0.34,95.09,2.07,82.56,0.0,38.25,8.36,19.72,37.02,10.29,-999.0
1983,192,0.48,0.48,0.34,95.13,1.96,148.31,0.0,41.75,9.34,20.94,35.69,12.19,-999.0
1983,193,0.48,0.47,0.33,95.2,2.07,119.0,0.0,44.88,9.58,20.55,34.38,12.58,-999.0
1983,194,0.48,0.47,0.32,95.28,1.88,95.56,0.0,43.75,8.79,19.01,33.62,11.02,-999.0
1983,195,0.48,0.47,0.31,95.07,2.27,287.38,0.0,39.88,8.73,19.98,35.45,10.96,-999.0
1983,196,0.48,0.47,0.3,95.04,2.55,257.44,0.0,52.81,10.01,18.63,31.58,13.12,-999.0
1983,197,0.48,0.47,0.3,95.12,1.94,154.06,0.0,49.12,8.79,16.32,33.44,10.76,-999.0
1983,198,0.48,0.47,0.3,95.26,2.07,108.38,0.0,35.69,7.39,18.18,35.91,8.53,-999.0
1983,199,0.48,0.47,0.29,95.33,1.84,164.75,0.0,27.94,6.9,20.11,40.22,7.64,-999.0
1983,200,0.48,0.46,0.27,95.48,2.51,125.75,0.0,25.06,6.71,23.21,40.09,7.15,-999.0
1983,201,0.47,0.46,0.26,95.38,2.29,119.19,0.0,25.56,6.77,22.51,41.19,7.23,-999.0
1983,202,0.47,0.46,0.25,95.21,2.38,134.62,0.0,23.19,6.16,22.44,41.37,5.69,-999.0
1983,203,0.47,0.46,0.23,95.15,1.81,176.19,0.0,22.94,6.53,23.19,42.18,6.52,-999.0
1983,204,0.47,0.46,0.23,95.1,2.29,222.0,0.0,20.56,5.86,23.29,41.3,5.09,-999.0
1983,205,0.47,0.46,0.22,94.96,2.33,203.19,0.0,17.69,5.07,23.4,41.32,2.9,-999.0
1983,206,0.47,0.46,0.21,94.85,3.2,185.0,0.0,17.44,5.19,24.26,40.86,3.35,-999.0
1983,207,0.47,0.46,0.2,94.98,2.61,166.31,0.0,16.0,4.52,23.34,41.46,1.54,-999.0
1983,208,0.47,0.46,0.2,95.14,1.78,155.88,0.0,16.19,4.39,22.71,40.76,0.85,-999.0
1983,209,0.47,0.46,0.19,95.3,1.88,180.25,0.0,17.06,4.76,23.06,41.37,2.03,-999.0
1983,210,0.47,0.46,0.19,95.27,1.82,144.94,0.0,16.88,4.94,24.01,41.58,2.58,-999.0
1983,211,0.47,0.46,0.18,95.14,1.91,117.94,0.0,17.38,5.25,25.76,41.18,3.56,-999.0
1983,212,0.47,0.46,0.18,94.97,1.69,195.19,0.0,18.94,5.31,24.51,42.05,3.74,-999.0
1983,213,0.47,0.46,0.17,94.94,2.01,186.12,0.0,28.06,7.32,23.5,40.01,7.58,-999.0
1983,214,0.47,0.46,0.17,94.95,2.12,148.12,0.0,40.75,9.95,22.7,39.8,12.41,-999.0
1983,215,0.47,0.46,0.17,95.34,3.64,41.44,0.0,60.38,12.27,20.54,32.6,16.33,-999.0
1983,216,0.47,0.46,0.2,95.4,2.96,56.88,1.0,53.0,10.56,19.15,33.02,14.01,-999.0
1983,217,0.47,0.46,0.23,95.15,2.33,90.94,1.39,47.75,9.83,18.93,34.31,12.97,-999.0
1983,218,0.47,0.46,0.25,95.12,2.4,57.25,0.13,48.94,9.28,17.84,32.81,12.02,-999.0
1983,219,0.47,0.46,0.24,94.96,2.1,118.44,0.01,41.25,9.16,18.28,37.68,11.73,-999.0
1983,220,0.47,0.46,0.23,94.84,1.14,180.56,0.0,34.56,8.91,22.32,41.57,10.77,-999.0
1983,221,0.47,0.46,0.22,95.18,2.68,330.25,0.0,56.81,12.45,21.37,35.03,16.46,-999.0
1983,222,0.47,0.46,0.22,95.23,2.1,300.19,0.0,41.75,8.48,20.46,34.55,10.45,-999.0
1983,223,0.47,0.46,0.21,95.05,2.29,283.75,0.0,47.75,8.91,18.0,32.46,11.08,-999.0
1983,224,0.47,0.46,0.21,94.96,2.29,267.38,0.0,51.25,9.28,17.47,32.51,11.67,-999.0
1983,225,0.47,0.46,0.2,95.19,2.39,233.38,0.0,51.94,9.34,16.72,31.15,11.97,-999.0
1983,226,0.47,0.46,0.2,95.35,2.12,213.88,0.0,44.69,8.42,17.51,32.86,10.36,-999.0
1983,227,0.47,0.46,0.2,95.54,2.1,201.38,0.0,39.5,7.69,18.93,33.9,9.12,-999.0
1983,228,0.46,0.46,0.2,95.29,1.84,238.38,0.0,34.75,6.96,18.27,38.08,6.96,-999.0
1983,229,0.46,0.46,0.19,95.26,2.37,219.12,0.0,45.31,8.36,18.34,31.17,10.12,-999.0
1983,230,0.46,0.46,0.19,95.11,2.1,103.25,0.0,48.5,9.7,19.14,33.82,12.52,-999.0
1983,231,0.46,0.46,0.2,95.11,2.15,213.69,0.57,48.31,10.44,20.16,36.95,13.75,-999.0
1983,232,0.47,0.46,0.24,95.27,2.16,121.56,2.15,53.88,11.17,20.17,32.84,14.87,-999.0
1983,233,0.47,0.46,0.28,95.33,1.99,75.62,0.0,58.12,10.86,18.61,31.6,14.33,-999.0
1983,234,0.47,0.46,0.29,95.17,1.38,189.56,0.92,56.31,10.86,18.51,30.94,14.38,-999.0
1983,235,0.47,0.47,0.45,94.97,2.02,221.0,9.07,67.31,13.18,19.33,32.48,17.39,-999.0
1983,236,0.48,0.48,0.48,95.09,2.52,186.44,1.07,68.19,11.96,18.87,28.59,15.87,-999.0
1983,237,0.48,0.48,0.45,95.08,1.97,151.81,0.01,60.56,10.56,18.03,29.62,14.05,-999.0
1983,238,0.47,0.47,0.41,95.04,1.98,186.75,0.0,54.31,9.89,16.55,33.41,12.8,-999.0
1983,239,0.47,0.47,0.41,95.08,1.72,86.31,1.82,59.44,11.96,19.51,34.03,15.85,-999.0
1983,240,0.47,0.47,0.41,94.94,1.42,268.06,0.46,61.69,12.02,20.24,35.26,15.32,-999.0
1983,241,0.47,0.47,0.38,94.96,2.31,88.81,0.0,66.44,12.63,19.37,33.14,16.63,-999.0
1983,242,0.47,0.47,0.34,94.92,1.87,133.75,0.0,53.31,10.86,20.09,37.27,13.61,-999.0
1983,243,0.47,0.46,0.32,94.95,2.23,75.12,0.0,56.62,11.47,18.44,36.65,15.09,-999.0
1983,244,0.47,0.46,0.3,95.0,3.13,268.31,0.0,55.25,11.11,20.0,31.05,14.63,-999.0
1983,245,0.47,0.46,0.3,95.33,2.72,234.81,0.0,62.94,11.11,17.95,29.06,14.73,-999.0
1983,246,0.47,0.46,0.28,95.54,2.21,195.31,0.03,65.81,11.05,17.44,30.3,14.65,-999.0
1983,247,0.47,0.46,0.27,95.67,2.33,127.06,0.02,67.69,10.74,16.62,29.12,14.33,-999.0
1983,248,0.47,0.46,0.27,95.78,1.95,127.62,0.0,59.94,8.79,14.99,28.53,11.21,-999.0
1983,249,0.47,0.46,0.26,95.7,2.23,314.25,0.0,61.88,9.89,15.12,30.3,12.82,-999.0
1983,250,0.47,0.46,0.25,95.36,1.81,153.94,0.02,59.5,9.52,15.71,31.41,11.95,-999.0
1983,251,0.47,0.46,0.24,95.08,1.38,148.56,0.0,46.5,8.18,17.05,33.21,9.79,-999.0
1983,252,0.47,0.46,0.23,94.88,1.9,230.25,0.0,29.94,6.47,18.59,37.0,6.63,-999.0
1983,253,0.47,0.46,0.22,94.74,2.97,197.25,0.0,28.88,6.71,21.53,37.58,6.98,-999.0
1983,254,0.47,0.46,0.21,94.76,2.74,197.75,0.0,41.5,9.16,21.0,36.19,11.21,-999.0
1983,255,0.46,0.46,0.21,95.2,3.5,57.62,0.0,66.31,11.54,18.3,28.89,15.31,-999.0
1983,256,0.47,0.47,0.32,95.52,2.57,68.5,6.52,63.38,10.31,16.94,29.51,13.78,-999.0
1983,257,0.48,0.48,0.48,95.55,1.5,173.06,6.46,62.44,11.05,16.81,32.66,14.76,-999.0
1983,258,0.48,0.48,0.45,95.23,1.93,211.25,0.04,52.19,10.68,18.96,34.96,14.12,-999.0
1983,259,0.48,0.48,0.41,94.78,3.41,225.56,0.14,42.81,9.46,21.65,36.43,12.14,-999.0
1983,260,0.48,0.48,0.45,94.8,3.82,293.88,5.43,57.69,10.31,17.46,31.67,13.29,-999.0
1983,261,0.48,0.48,0.48,95.42,2.16,26.56,0.0,63.56,8.73,14.65,25.58,11.05,-999.0
1983,262,0.48,0.48,0.44,95.54,1.61,83.5,0.0,54.56,7.2,13.12,28.14,7.93,-999.0
1983,263,0.48,0.48,0.41,95.62,2.01,228.31,0.0,51.44,7.87,13.88,28.82,9.44,-999.0
1983,264,0.47,0.47,0.4,95.57,1.76,183.12,0.0,54.31,9.03,16.9,30.15,11.56,-999.0
1983,265,0.47,0.47,0.38,95.52,1.61,98.31,0.0,52.44,8.61,15.98,31.87,10.83,-999.0
1983,266,0.47,0.47,0.35,95.64,1.48,173.06,0.0,41.69,7.39,16.4,33.82,8.62,-999.0
1983,267,0.47,0.47,0.33,95.91,1.78,109.19,0.0,37.75,7.14,17.88,34.26,8.16,-999.0
1983,268,0.47,0.46,0.31,95.93,2.22,305.06,0.0,53.81,8.73,16.15,29.86,10.95,-999.0
1983,269,0.47,0.46,0.3,95.53,2.19,315.06,0.15,74.56,11.11,15.64,27.93,14.73,-999.0
1983,270,0.47,0.46,0.3,95.22,2.98,36.62,0.57,61.19,8.24,14.15,23.52,9.89,-999.0
1983,271,0.48,0.48,0.48,95.04,2.12,295.94,8.51,81.25,9.34,13.41,18.4,12.14,-999.0
1983,272,0.48,0.48,0.47,94.97,1.84,223.81,0.21,64.5,8.67,11.67,27.44,10.8,-999.0
1983,273,0.48,0.48,0.48,95.25,1.7,213.12,2.7,63.69,9.03,13.82,26.8,11.38,-999.0
1983,274,0.48,0.48,0.48,95.57,2.12,291.31,1.34,76.12,10.01,14.28,23.88,13.28,-999.0
1983,275,0.48,0.48,0.53,95.81,2.3,170.06,7.18,81.62,10.86,14.57,23.57,14.59,-999.0
1983,276,0.48,0.49,0.5,95.85,2.05,72.25,1.67,77.0,10.31,14.39,24.48,13.75,-999.0
1983,277,0.48,0.49,0.48,95.76,1.27,161.62,0.09,68.25,9.95,13.91,26.97,13.12,-999.0
1983,278,0.48,0.48,0.48,95.8,1.22,218.0,1.68,59.81,9.4,16.06,26.17,12.29,-999.0
1983,279,0.48,0.48,0.48,95.82,1.91,299.12,0.43,66.12,9.4,14.83,26.08,12.26,-999.0
1983,280,0.48,0.48,0.48,95.79,1.48,199.88,0.72,78.0,10.5,14.75,23.92,13.94,-999.0
1983,281,0.48,0.48,0.47,95.51,1.8,287.56,0.3,67.38,9.28,13.31,26.81,11.92,-999.0
1983,282,0.48,0.48,0.48,95.6,1.82,240.12,0.99,78.69,10.31,13.99,23.05,13.69,-999.0
1983,283,0.48,0.48,0.47,95.66,1.47,219.81,0.0,65.38,8.24,12.47,25.69,10.21,-999.0
1983,284,0.48,0.48,0.47,95.78,1.96,280.25,1.26,60.06,8.42,13.9,29.13,10.4,-999.0
1983,285,0.48,0.48,0.48,95.88,1.88,107.69,0.82,76.75,9.64,12.74,23.07,12.71,-999.0
1983,286,0.48,0.48,0.46,95.58,1.56,194.56,0.0,63.62,8.18,10.94,27.86,10.07,-999.0
1983,287,0.48,0.48,0.46,95.57,2.01,274.06,0.17,62.94,9.22,14.03,27.83,11.91,-999.0
1983,288,0.48,0.48,0.45,95.73,1.88,241.88,0.1,57.25,8.48,15.4,27.09,10.67,-999.0
1983,289,0.48,0.48,0.45,95.52,1.39,251.12,0.18,58.0,8.3,15.02,26.9,10.39,-999.0
1983,290,0.48,0.48,0.45,95.33,3.97,303.19,0.7,73.75,8.97,12.71,21.62,11.4,-999.0
1983,291,0.48,0.48,0.55,95.62,5.61,334.44,14.19,73.38,7.45,11.59,15.9,8.83,-999.0
1983,292,0.49,0.5,0.52,95.63,3.29,338.81,1.36,72.56,7.57,11.19,19.11,9.11,-999.0
1983,293,0.49,0.5,0.48,95.75,1.88,330.38,0.87,76.12,8.3,11.85,21.15,10.52,-999.0
1983,294,0.49,0.49,0.48,95.73,1.8,215.5,0.03,75.88,8.24,10.8,22.47,10.33,-999.0
1983,295,0.49,0.49,0.47,95.6,1.86,199.31,0.0,68.44,7.57,9.73,25.46,8.76,-999.0
1983,296,0.49,0.49,0.48,95.54,1.32,188.88,0.0,76.94,8.79,12.11,21.26,11.22,-999.0
1983,297,0.49,0.49,0.48,95.4,1.34,118.81,0.0,78.94,8.85,12.54,20.75,11.4,-999.0
1983,298,0.49,0.49,0.48,95.68,1.31,51.88,0.0,79.44,8.54,12.19,19.18,10.99,-999.0
1983,299,0.48,0.48,0.47,95.88,1.42,160.88,0.0,75.31,7.93,10.52,22.03,9.9,-999.0
1983,300,0.48,0.48,0.47,95.77,1.55,204.75,0.0,67.75,6.59,8.73,21.8,6.97,-999.0
1983,301,0.48,0.48,0.47,95.4,1.23,163.56,0.0,57.81,5.31,8.33,21.54,3.56,-999.0
1983,302,0.48,0.48,0.46,95.08,2.29,215.44,0.0,49.19,5.62,7.81,26.66,4.35,-999.0
1983,303,0.48,0.48,0.48,95.32,2.95,269.5,4.23,66.5,8.42,13.62,23.87,10.23,-999.0
1983,304,0.49,0.5,0.54,95.54,4.22,310.75,5.73,78.06,7.63,9.79,16.41,9.03,-999.0
1983,305,0.5,0.51,0.55,95.6,4.71,328.25,9.9,84.62,8.3,10.29,16.48,10.42,-999.0
1983,306,0.51,0.52,0.59,95.42,1.83,227.44,9.39,79.44,7.45,9.54,16.09,8.74,-999.0
1983,307,0.52,0.52,0.52,95.21,1.1,220.12,0.21,67.12,6.35,8.04,19.65,6.45,-999.0
1983,308,0.52,0.52,0.5,95.08,1.91,222.62,0.2,67.44,7.26,10.05,20.98,8.43,-999.0
1983,309,0.52,0.52,0.5,95.18,1.63,218.06,0.87,72.81,8.61,9.99,23.06,10.82,-999.0
1983,310,0.52,0.52,0.53,94.81,2.38,172.75,4.65,64.44,8.42,13.41,24.19,10.48,-999.0
1983,311,0.52,0.52,0.53,94.6,1.88,233.75,3.49,79.56,8.97,11.94,20.05,11.41,-999.0
1983,312,0.52,0.52,0.52,95.19,1.53,232.0,1.46,84.5,8.97,10.82,19.35,11.54,-999.0
1983,313,0.52,0.52,0.51,95.26,1.48,178.44,0.1,71.25,8.06,10.63,23.7,9.89,-999.0
1983,314,0.52,0.52,0.5,95.27,2.58,266.31,0.27,72.31,8.06,10.81,22.54,9.87,-999.0
1983,315,0.52,0.52,0.51,95.3,1.61,296.44,0.94,75.19,7.75,10.37,19.21,9.26,-999.0
1983,316,0.52,0.52,0.52,95.15,2.18,289.75,1.95,84.12,7.69,8.43,16.71,9.15,-999.0
1983,317,0.52,0.52,0.5,95.06,1.2,187.19,0.08,69.25,6.41,7.55,20.9,6.35,-999.0
1983,318,0.52,0.52,0.5,94.74,2.92,213.19,0.0,61.88,6.23,9.12,22.04,6.12,-999.0
1983,319,0.52,0.52,0.49,94.47,2.41,235.81,0.02,63.44,7.08,10.88,22.63,7.76,-999.0
1983,320,0.52,0.52,0.49,94.11,1.91,221.06,0.0,60.19,7.08,11.05,25.3,7.75,-999.0
1983,321,0.52,0.52,0.5,94.21,1.39,257.0,2.01,75.69,8.24,9.71,21.51,10.03,-999.0
1983,322,0.52,0.52,0.54,94.61,3.23,292.06,4.69,85.25,8.18,9.68,15.95,10.05,-999.0
1983,323,0.52,0.53,0.53,95.27,1.98,270.19,1.16,79.19,7.14,8.31,15.9,8.17,-999.0
1983,324,0.52,0.52,0.51,95.24,1.85,232.88,0.0,71.31,6.53,5.26,20.07,6.86,-999.0
1983,325,0.52,0.52,0.52,94.77,2.97,246.75,2.77,72.81,7.93,11.3,21.53,9.56,-999.0
1983,326,0.52,0.53,0.55,94.72,1.96,281.25,4.93,85.88,8.3,9.83,16.89,10.26,-999.0
1983,327,0.53,0.54,0.55,95.13,1.43,303.44,2.86,89.81,8.42,10.66,16.31,10.68,-999.0
1983,328,0.53,0.54,0.54,95.85,1.59,312.31,0.91,86.38,8.18,9.87,17.49,10.28,-999.0
1983,329,0.53,0.54,0.52,96.21,1.61,284.75,0.31,83.62,7.51,7.87,19.09,9.06,-999.0
1983,330,0.53,0.53,0.52,95.95,1.66,271.75,0.08,89.31,7.93,6.95,16.94,9.8,-999.0
1983,331,0.53,0.53,0.52,95.13,3.1,261.31,0.0,69.38,6.84,6.3,22.32,7.4,-999.0
1983,332,0.53,0.53,0.53,94.88,4.4,305.19,2.6,81.31,7.93,10.05,15.08,9.58,-999.0
1983,333,0.53,0.54,0.53,95.38,3.39,313.88,1.52,86.75,7.87,9.15,14.8,9.64,-999.0
1983,334,0.53,0.54,0.53,95.56,2.02,322.75,1.07,88.31,7.81,8.08,15.94,9.56,-999.0
1983,335,0.53,0.54,0.53,95.36,3.62,180.06,1.72,79.38,6.29,2.89,13.71,5.8,-999.0
1983,336,0.54,0.54,0.57,95.28,3.1,327.25,10.16,74.81,4.64,2.01,10.33,1.94,-999.0
1983,337,0.55,0.55,0.58,95.25,1.97,304.19,2.76,79.5,5.25,4.05,10.87,3.69,-999.0
1983,338,0.55,0.55,0.57,95.59,1.7,124.31,2.67,82.0,5.55,6.38,10.94,4.65,-999.0
1983,339,0.55,0.55,0.56,95.69,1.38,322.62,2.12,80.06,5.49,4.92,11.92,4.47,-999.0
1983,340,0.55,0.55,0.55,95.68,1.58,286.06,0.77,81.88,5.25,3.59,12.25,3.87,-999.0
1983,341,0.55,0.55,0.55,95.57,4.55,295.31,0.76,81.69,5.74,2.06,13.69,4.98,-999.0
1983,342,0.55,0.55,0.55,95.73,3.86,322.44,1.4,79.38,5.31,5.76,10.26,3.99,-999.0
1983,343,0.55,0.55,0.55,95.24,1.93,293.25,0.14,80.88,5.62,3.83,12.45,4.68,-999.0
1983,344,0.55,0.55,0.54,94.6,2.27,251.38,0.54,77.81,5.25,1.66,14.94,3.4,-999.0
1983,345,0.55,0.55,0.55,94.86,1.66,295.56,1.33,88.56,6.23,5.57,11.1,6.13,-999.0
1983,346,0.55,0.55,0.55,95.0,1.78,255.75,0.78,79.75,5.19,3.97,12.51,3.49,-999.0
1983,347,0.55,0.55,0.55,94.9,1.67,269.19,1.15,90.75,5.31,3.32,7.8,3.89,-999.0
1983,348,0.55,0.55,0.55,95.05,2.16,300.94,1.59,94.06,6.23,3.48,10.1,6.01,-999.0
1983,349,0.55,0.55,0.55,94.94,2.41,219.19,0.31,74.56,4.88,3.18,14.92,2.54,-999.0
1983,350,0.55,0.55,0.54,94.18,5.78,201.56,0.14,51.56,3.36,3.15,15.43,-2.49,-999.0
1983,351,0.55,0.55,0.54,94.46,2.74,220.69,0.01,66.69,4.64,2.52,14.26,1.84,-999.0
1983,352,0.55,0.55,0.53,94.34,4.27,211.25,0.04,61.88,4.94,5.09,17.61,2.7,-999.0
1983,353,0.55,0.55,0.53,94.33,4.2,223.38,0.62,65.56,5.8,8.29,18.84,5.01,-999.0
1983,354,0.55,0.55,0.54,94.99,2.57,242.19,0.02,76.19,5.86,5.16,15.89,5.19,-999.0
1983,355,0.55,0.55,0.53,94.4,6.14,233.5,0.43,66.12,5.62,7.71,17.41,4.48,-999.0
1983,356,0.55,0.55,0.56,95.17,5.9,285.69,3.93,79.62,6.23,6.48,13.61,6.1,-999.0
1983,357,0.55,0.55,0.54,95.77,2.72,285.25,0.05,91.31,7.14,6.38,15.08,8.16,-999.0
1983,358,0.55,0.55,0.54,95.96,1.45,228.81,0.0,76.88,6.35,5.35,19.29,6.55,-999.0
1983,359,0.55,0.55,0.53,95.83,1.82,222.19,0.0,62.06,5.43,5.96,22.21,4.23,-999.0
1983,360,0.55,0.55,0.53,96.19,2.12,262.5,0.46,68.12,5.68,6.34,21.33,4.87,-999.0
1983,361,0.55,0.55,0.54,96.4,3.88,335.62,0.07,85.44,6.47,5.38,13.51,6.9,-999.0
1983,362,0.55,0.55,0.53,96.31,2.33,115.5,0.01,76.62,5.0,4.91,13.52,3.04,-999.0
1983,363,0.55,0.55,0.53,96.34,1.38,46.5,0.03,90.31,6.59,5.05,13.65,7.19,-999.0
1983,364,0.55,0.55,0.53,96.19,1.34,284.25,0.02,88.31,6.71,7.22,14.47,7.44,-999.0
1983,365,0.55,0.55,0.53,96.0,1.84,295.0,0.03,88.06,6.59,5.39,15.23,7.11,-999.0
1984,1,0.55,0.55,0.53,95.94,1.36,247.19,0.42,88.88,6.71,5.83,14.32,7.34,9.1
1984,2,0.54,0.55,0.53,96.02,1.41,222.44,0.0,76.5,5.49,3.79,16.83,4.4,10.06
1984,3,0.54,0.55,0.53,95.69,2.06,228.69,0.0,65.88,4.52,3.57,16.24,1.61,9.19
1984,4,0.55,0.55,0.58,95.18,2.31,281.06,10.44,89.56,5.62,3.4,9.71,4.38,3.95
1984,5,0.55,0.57,0.61,95.46,4.17,258.94,6.8,83.69,4.82,3.14,7.69,2.68,3.84
1984,6,0.56,0.58,0.62,95.54,3.34,323.12,6.29,84.88,4.88,3.48,8.06,2.69,4.21
1984,7,0.57,0.58,0.62,95.11,2.01,278.44,5.26,94.31,6.23,4.18,9.48,6.04,5.14
1984,8,0.57,0.59,0.59,94.82,1.75,256.69,1.24,87.69,6.35,4.94,12.96,6.36,9.14
1984,9,0.58,0.59,0.64,94.72,2.59,234.19,15.78,91.06,6.53,3.23,11.98,6.75,6.94
1984,10,0.59,0.61,0.68,95.25,2.88,282.19,7.56,87.12,4.58,2.4,6.66,1.87,3.57
1984,11,0.61,0.63,0.77,95.43,3.53,314.0,28.94,89.12,4.52,1.32,5.55,1.62,1.54
1984,12,0.63,0.66,0.74,95.4,4.2,299.88,11.36,84.5,5.25,2.8,9.36,3.62,2.76
1984,13,0.65,0.68,0.77,95.6,5.34,327.19,12.17,80.69,4.88,4.05,7.98,2.73,2.8
1984,14,0.65,0.67,0.71,95.85,1.7,272.31,0.29,80.0,5.25,3.15,13.74,3.76,11.18
1984,15,0.65,0.66,0.7,95.79,2.52,279.12,1.23,85.25,5.92,2.53,14.51,5.4,9.65
1984,16,0.65,0.66,0.7,96.35,1.0,135.19,0.03,80.69,5.68,3.46,14.56,4.99,10.45
1984,17,0.65,0.66,0.69,96.01,2.37,239.0,0.0,81.06,5.55,2.69,16.37,4.62,11.98
1984,18,0.64,0.65,0.69,95.74,1.37,250.56,0.05,87.62,5.86,3.93,12.57,5.34,9.03
1984,19,0.64,0.65,0.69,95.3,2.13,239.25,0.01,75.81,5.31,2.34,16.51,3.83,10.63
1984,20,0.64,0.65,0.68,95.28,2.04,256.5,0.0,77.5,6.1,5.07,16.27,5.64,11.74
1984,21,0.64,0.65,0.68,95.25,1.89,245.38,0.25,75.75,5.92,5.63,18.31,5.35,12.31
1984,22,0.64,0.65,0.68,95.16,2.72,273.44,1.31,83.12,6.16,4.11,13.33,5.9,10.07
1984,23,0.64,0.65,0.69,94.85,3.2,271.56,0.95,82.56,7.08,7.69,16.98,7.94,8.39
1984,24,0.64,0.65,0.69,94.79,5.23,292.81,2.53,85.75,7.14,7.69,14.09,8.0,3.21
1984,25,0.64,0.65,0.68,95.6,3.46,292.69,0.02,72.31,4.82,2.25,12.23,2.63,11.63
1984,26,0.64,0.64,0.67,95.23,2.76,210.94,0.0,65.38,4.21,1.05,17.69,0.42,12.26
1984,27,0.63,0.64,0.67,95.29,2.03,187.25,0.52,74.81,5.68,4.46,15.26,4.34,11.82
1984,28,0.64,0.64,0.7,95.65,1.79,32.12,3.68,92.56,6.96,7.78,11.02,7.87,8.75
1984,29,0.64,0.65,0.7,95.74,1.41,37.94,4.78,89.62,6.53,7.05,11.82,7.02,5.27
1984,30,0.65,0.66,0.75,95.53,1.94,187.12,11.28,92.31,5.98,5.9,7.85,5.65,2.31
1984,31,0.66,0.66,0.7,95.2,1.52,290.5,1.06,82.81,5.43,4.76,11.09,4.16,11.24
1984,32,0.66,0.67,0.72,94.87,2.98,293.75,3.85,83.31,5.74,4.12,12.62,4.97,10.26
1984,33,0.66,0.67,0.74,94.21,3.21,264.94,21.41,86.25,5.86,3.55,13.08,5.05,5.25
1984,34,0.72,0.77,0.95,94.55,7.12,335.94,80.91,94.25,6.35,5.35,8.94,6.27,1.32
1984,35,0.76,0.8,0.84,95.44,3.59,327.62,7.47,93.81,6.65,6.1,9.55,7.11,2.79
1984,36,0.76,0.8,0.82,95.61,3.03,327.62,2.22,91.75,7.14,8.17,11.65,8.22,9.44
1984,37,0.76,0.78,0.8,96.01,1.99,325.75,0.88,90.0,6.59,4.47,13.19,7.15,9.28
1984,38,0.76,0.77,0.8,95.58,2.59,273.25,0.01,81.81,5.62,2.97,14.41,4.65,14.69
1984,39,0.76,0.77,0.79,94.96,4.8,289.56,0.51,83.88,7.14,6.83,14.82,8.08,10.98
1984,40,0.76,0.77,0.8,94.81,7.69,330.56,4.12,77.06,5.31,5.26,10.7,3.67,10.86
1984,41,0.77,0.78,0.84,95.35,5.14,333.38,14.25,78.25,4.58,3.55,8.27,1.88,2.71
1984,42,0.77,0.79,0.82,95.54,3.28,330.69,6.94,79.56,4.58,2.62,8.71,1.76,5.38
1984,43,0.77,0.8,0.82,95.57,2.34,163.19,5.35,71.88,4.15,2.71,9.73,0.28,10.91
1984,44,0.77,0.79,0.8,95.32,0.97,200.56,0.11,66.31,3.78,2.42,11.23,-0.9,11.53
1984,45,0.77,0.79,0.81,95.22,0.92,103.81,4.8,78.0,4.52,2.03,10.41,1.53,14.84
1984,46,0.78,0.8,0.83,95.51,2.49,311.81,8.4,91.5,5.07,2.57,7.06,3.22,14.24
1984,47,0.79,0.8,0.84,95.59,3.48,316.25,9.4,88.94,4.76,2.82,6.76,2.4,6.51
1984,48,0.8,0.81,0.83,95.67,2.59,319.69,2.77,86.19,4.7,1.65,8.08,2.23,8.71
1984,49,0.8,0.8,0.82,95.52,0.91,229.38,0.37,74.69,4.27,1.37,10.7,0.75,14.02
1984,50,0.79,0.8,0.81,95.25,1.43,273.62,0.0,72.75,4.15,-0.7,11.3,0.17,14.83
1984,51,0.79,0.8,0.81,95.48,1.92,235.06,0.66,87.75,5.74,2.0,12.33,5.07,11.66
1984,52,0.79,0.8,0.81,95.58,1.77,249.5,0.17,77.94,5.74,3.1,16.09,5.08,13.63
1984,53,0.79,0.8,0.81,95.43,1.36,269.81,3.18,83.0,6.59,6.07,15.3,6.97,12.73
1984,54,0.79,0.8,0.81,94.85,2.4,256.19,0.73,75.69,5.13,3.91,11.69,3.06,16.45
1984,55,0.79,0.8,0.81,94.44,3.21,266.56,2.01,81.31,5.0,3.4,11.15,2.9,13.54
1984,56,0.79,0.8,0.81,94.51,1.58,254.81,0.59,79.94,4.52,1.57,9.29,1.48,7.96
1984,57,0.79,0.8,0.8,94.75,2.08,232.69,0.05,68.75,3.91,-0.33,13.35,-0.57,17.44
1984,58,0.79,0.8,0.8,94.61,2.29,199.12,0.01,65.69,4.46,0.69,15.77,1.05,10.94
1984,59,0.78,0.79,0.8,94.17,2.73,235.88,0.01,63.25,5.86,6.95,21.71,4.73,12.36
1984,60,0.78,0.79,0.8,94.3,1.85,265.94,1.75,84.62,6.84,6.79,15.62,7.38,12.93
1984,61,0.78,0.79,0.8,94.41,2.22,276.12,0.84,77.19,5.49,3.64,14.69,4.08,15.92
1984,62,0.78,0.79,0.8,95.0,3.74,290.94,2.3,81.12,4.94,1.59,10.17,2.87,7.37
1984,63,0.78,0.79,0.8,94.7,2.78,241.0,1.02,81.06,5.19,-0.39,13.89,3.27,17.38
1984,64,0.78,0.79,0.81,94.67,2.52,294.88,2.77,83.12,5.0,2.3,10.0,2.98,4.91
1984,65,0.78,0.79,0.81,95.37,2.71,324.0,3.87,85.5,5.0,2.05,9.22,2.99,8.55
1984,66,0.78,0.79,0.8,95.64,1.82,233.5,0.49,81.94,5.25,3.43,12.23,3.73,16.36
1984,67,0.78,0.79,0.8,95.43,2.1,335.44,0.61,83.25,5.55,5.3,11.39,4.65,16.28
1984,68,0.77,0.79,0.8,94.98,2.88,306.31,0.81,86.44,5.8,3.99,11.18,5.1,10.52
1984,69,0.78,0.79,0.82,94.56,4.59,305.81,9.39,86.56,5.31,3.39,8.13,3.77,7.25
1984,70,0.79,0.8,0.83,95.05,4.03,315.75,5.72,80.06,4.27,-0.23,7.51,0.78,12.23
1984,71,0.79,0.8,0.81,95.39,2.22,308.88,0.73,83.12,4.33,-0.37,9.27,1.08,12.8
1984,72,0.78,0.8,0.8,95.22,1.77,209.94,0.21,74.62,4.33,1.29,12.98,1.07,17.99
1984,73,0.78,0.79,0.8,94.7,1.35,192.12,0.2,72.25,5.19,1.25,16.62,3.3,18.84
1984,74,0.78,0.8,0.82,94.23,2.1,254.19,4.66,81.75,6.23,4.3,16.98,6.0,13.18
1984,75,0.78,0.8,0.81,94.31,1.57,249.94,2.85,76.19,5.37,2.92,15.68,3.87,17.5
1984,76,0.78,0.8,0.82,94.37,1.81,246.0,3.49,72.0,5.13,4.05,13.72,3.15,18.16
1984,77,0.78,0.8,0.8,94.59,1.96,223.44,0.21,68.94,5.13,2.97,16.14,3.27,19.36
1984,78,0.78,0.79,0.8,94.74,1.3,157.0,0.1,79.88,6.16,5.45,16.05,5.79,18.26
1984,79,0.78,0.79,0.8,94.36,0.72,149.81,0.02,71.31,6.35,6.4,19.12,6.05,17.62
1984,80,0.78,0.79,0.8,93.94,1.67,145.5,0.79,74.31,6.65,7.2,18.15,6.61,16.93
1984,81,0.77,0.78,0.8,93.73,2.08,308.88,1.04,85.0,7.02,7.18,15.17,7.65,11.54
1984,82,0.77,0.78,0.8,94.06,1.38,241.94,1.32,85.44,6.84,6.96,13.38,7.3,12.99
1984,83,0.77,0.78,0.8,94.61,1.78,336.12,2.29,86.06,6.41,6.48,12.13,6.58,12.82
1984,84,0.77,0.78,0.8,95.07,2.06,268.06,0.25,76.56,6.04,5.73,16.61,5.67,20.19
1984,85,0.77,0.77,0.79,95.01,2.55,248.56,0.07,68.19,6.47,5.4,20.0,6.51,20.69
1984,86,0.77,0.77,0.79,95.07,2.38,259.0,0.1,76.25,7.14,8.01,18.73,8.09,18.97
1984,87,0.77,0.77,0.78,95.27,1.64,204.75,0.0,75.88,6.53,7.22,19.21,6.82,22.11
1984,88,0.76,0.77,0.78,95.16,1.69,215.44,0.0,67.19,6.96,7.22,21.14,7.62,22.81
1984,89,0.76,0.76,0.78,95.29,2.94,293.62,0.0,77.62,6.84,6.02,17.13,7.43,18.12
1984,90,0.75,0.76,0.77,95.26,2.73,278.06,0.0,75.38,6.23,3.77,18.15,5.95,17.56
1984,91,0.75,0.75,0.77,94.86,1.77,226.94,0.0,70.19,7.26,6.51,22.66,8.32,25.28
1984,92,0.75,0.75,0.79,94.13,2.63,264.75,4.86,78.75,7.2,7.23,15.81,8.05,8.66
1984,93,0.75,0.76,0.77,94.37,3.78,283.94,1.57,79.19,6.77,7.14,16.18,7.23,13.08
1984,94,0.75,0.76,0.79,94.51,2.37,296.56,5.38,85.81,7.81,8.59,15.74,9.37,8.28
1984,95,0.75,0.76,0.79,94.59,2.16,291.06,3.77,83.12,8.18,8.9,18.37,10.06,17.4
1984,96,0.75,0.77,0.79,94.71,2.95,302.0,4.38,80.0,6.77,6.14,15.4,7.26,17.06
1984,97,0.75,0.76,0.77,95.1,2.34,289.25,0.01,76.06,6.35,5.35,16.92,6.32,20.0
1984,98,0.75,0.75,0.77,95.2,1.73,232.69,0.0,75.88,6.04,6.17,17.01,5.69,22.98
1984,99,0.74,0.75,0.77,95.17,1.68,163.06,0.0,73.5,5.74,4.95,18.02,4.99,25.11
1984,100,0.74,0.74,0.77,94.98,1.33,115.94,0.0,72.25,6.47,3.84,21.23,6.51,25.05
1984,101,0.73,0.74,0.77,94.7,1.41,240.19,0.19,76.06,7.75,8.18,21.76,9.25,13.63
1984,102,0.73,0.74,0.77,94.6,1.84,224.44,0.93,83.69,9.34,11.1,19.72,12.05,21.28
1984,103,0.73,0.73,0.76,94.94,1.63,168.31,0.07,76.62,7.51,8.85,19.84,8.89,23.35
1984,104,0.73,0.73,0.75,94.96,1.7,97.62,0.0,66.0,6.04,7.63,20.69,5.59,25.64
1984,105,0.73,0.73,0.75,94.71,1.91,127.19,0.08,67.81,7.63,6.34,24.51,8.94,21.38
1984,106,0.72,0.73,0.75,94.5,2.65,294.31,3.33,77.12,8.3,10.55,19.53,10.29,15.34
1984,107,0.73,0.73,0.77,94.79,4.34,308.38,7.99,87.81,7.63,8.94,14.8,9.12,9.97
1984,108,0.73,0.73,0.77,95.34,3.34,320.75,1.95,78.44,6.1,4.41,14.36,5.85,8.45
1984,109,0.73,0.73,0.75,95.55,2.73,326.06,0.14,77.94,5.8,3.23,14.62,5.19,15.69
1984,110,0.72,0.73,0.75,95.57,1.64,178.75,0.02,73.12,5.98,5.13,18.38,5.55,26.36
1984,111,0.72,0.72,0.74,95.44,1.81,90.06,0.0,71.75,6.1,5.15,20.15,5.92,27.92
1984,112,0.71,0.71,0.73,95.35,1.84,100.69,0.0,69.38,6.59,6.46,21.67,6.98,26.08
1984,113,0.71,0.71,0.73,95.22,1.63,188.25,0.0,65.44,7.08,7.98,24.37,7.96,27.84
1984,114,0.7,0.7,0.72,95.16,1.78,196.69,0.0,61.69,7.63,9.8,26.08,9.02,27.38
1984,115,0.7,0.7,0.71,95.08,1.78,224.5,0.0,59.56,7.39,11.51,24.7,8.53,26.06
1984,116,0.7,0.69,0.7,94.99,1.83,162.62,0.0,67.88,7.32,10.08,22.04,8.48,23.68
1984,117,0.69,0.69,0.7,95.01,2.18,103.88,1.06,71.25,7.2,7.94,21.8,8.26,22.51
1984,118,0.69,0.69,0.7,94.95,1.71,202.19,1.57,74.12,8.24,9.76,22.44,10.29,24.58
1984,119,0.68,0.68,0.69,94.51,1.9,227.75,0.29,62.25,8.67,11.51,27.24,10.88,24.53
1984,120,0.68,0.67,0.68,93.85,2.8,244.88,0.0,61.06,7.81,11.5,27.98,9.13,22.14
1984,121,0.67,0.67,0.68,93.9,1.83,195.0,0.59,70.5,8.18,10.08,23.19,9.9,24.35
1984,122,0.67,0.68,0.72,94.34,1.85,243.12,8.66,76.25,8.54,11.5,19.9,10.75,19.45
1984,123,0.67,0.68,0.68,94.6,2.34,183.69,0.0,56.88,7.57,9.89,28.09,8.79,23.03
1984,124,0.67,0.67,0.69,94.45,2.85,180.88,4.1,69.25,8.0,10.92,23.65,9.61,22.97
1984,125,0.67,0.68,0.7,94.77,2.98,301.62,4.2,75.06,7.26,9.14,17.92,8.36,21.88
1984,126,0.67,0.67,0.68,95.02,1.5,222.44,0.0,57.31,5.8,6.58,23.3,4.9,24.04
1984,127,0.66,0.66,0.66,94.82,2.38,208.06,0.0,48.0,6.71,10.94,27.29,7.08,25.26
1984,128,0.66,0.66,0.66,94.36,2.02,202.69,0.0,47.38,7.08,12.02,29.01,7.75,22.02
1984,129,0.66,0.66,0.66,93.56,2.87,252.56,0.28,59.56,7.75,12.07,27.47,8.79,15.83
1984,130,0.66,0.65,0.66,93.64,4.33,281.56,2.17,80.31,8.36,10.91,18.65,10.26,11.46
1984,131,0.66,0.66,0.66,94.33,3.32,316.38,1.19,79.0,7.08,6.83,15.47,7.74,14.31
1984,132,0.65,0.65,0.66,94.68,1.59,137.94,0.08,65.88,6.1,5.47,20.18,5.73,20.71
1984,133,0.65,0.65,0.66,94.97,2.35,227.38,2.85,75.69,7.63,9.59,19.71,9.08,17.19
1984,134,0.65,0.65,0.66,94.89,2.05,128.75,1.1,73.06,7.75,9.12,20.87,9.36,21.87
1984,135,0.65,0.65,0.66,94.04,2.73,269.19,2.17,70.44,8.06,10.14,25.81,9.71,22.9
1984,136,0.65,0.64,0.65,93.71,1.96,257.38,0.1,63.81,6.41,7.73,20.93,6.2,20.6
1984,137,0.64,0.64,0.65,94.28,2.13,249.5,0.04,60.38,5.8,7.52,19.19,4.89,21.92
1984,138,0.64,0.64,0.64,94.66,1.6,185.5,0.01,60.81,6.53,7.15,23.25,6.76,23.53
1984,139,0.63,0.63,0.63,94.36,2.84,239.75,0.01,57.88,6.59,9.3,26.81,6.65,25.01
1984,140,0.63,0.62,0.62,93.98,2.41,149.5,0.0,54.69,7.02,8.55,28.55,7.61,24.19
1984,141,0.62,0.62,0.62,93.9,5.14,273.19,0.28,64.75,6.23,9.38,16.76,5.9,13.47
1984,142,0.62,0.62,0.62,94.67,2.54,192.5,0.4,59.25,6.53,7.48,24.67,6.74,25.06
1984,143,0.62,0.62,0.62,94.74,2.62,135.62,0.55,65.25,6.77,8.86,22.77,7.39,24.85
1984,144,0.62,0.62,0.62,94.93,2.2,315.38,0.26,61.06,6.29,10.52,20.51,6.29,22.65
1984,145,0.62,0.61,0.61,94.78,2.18,235.19,0.0,58.5,5.86,7.16,22.73,4.93,25.9
1984,146,0.62,0.61,0.62,94.79,2.41,267.06,1.16,67.62,7.39,8.76,21.76,8.55,24.56
1984,147,0.61,0.61,0.6,94.72,2.52,209.25,0.0,54.81,7.2,9.6,27.83,8.2,26.38
1984,148,0.61,0.6,0.59,94.88,2.72,294.44,0.02,61.12,7.51,11.58,26.1,8.78,25.68
1984,149,0.6,0.59,0.6,95.03,1.97,162.12,0.03,64.25,7.32,10.56,25.66,8.51,24.58
1984,150,0.6,0.59,0.59,94.71,1.97,162.19,0.67,59.56,7.2,9.64,25.91,8.26,27.84
1984,151,0.6,0.59,0.59,94.58,2.96,88.44,0.16,68.38,8.0,10.58,25.3,9.79,26.43
1984,152,0.6,0.6,0.65,94.68,3.51,300.69,10.12,83.62,8.18,8.62,16.37,10.1,13.54
1984,153,0.6,0.6,0.61,95.28,1.7,236.62,0.0,55.31,6.77,7.51,27.3,7.42,23.79
1984,154,0.6,0.59,0.59,95.03,2.85,204.94,0.0,39.06,6.59,13.55,33.23,6.76,18.62
1984,155,0.59,0.59,0.61,95.09,2.47,296.06,2.82,59.19,7.57,12.64,24.43,8.93,9.53
1984,156,0.59,0.59,0.59,94.97,2.18,222.25,0.0,59.81,7.57,9.84,27.48,8.81,28.03
1984,157,0.59,0.59,0.59,94.97,3.13,219.31,0.49,65.75,8.73,13.06,25.69,11.08,24.52
1984,158,0.59,0.59,0.59,95.04,1.99,119.56,0.58,76.75,9.09,11.96,21.93,11.78,19.91
1984,159,0.59,0.59,0.59,95.06,2.29,233.5,0.01,63.19,7.02,10.1,23.6,7.76,26.78
1984,160,0.59,0.58,0.58,94.99,2.16,140.75,0.08,58.12,7.2,9.55,26.27,8.26,27.38
1984,161,0.59,0.58,0.58,95.29,2.3,58.62,0.0,61.69,7.2,11.01,24.2,8.3,28.66
1984,162,0.58,0.57,0.57,95.57,1.75,131.0,0.0,57.12,7.45,11.06,27.86,8.84,26.22
1984,163,0.58,0.57,0.57,95.56,1.9,153.0,0.0,60.5,8.36,12.87,28.14,10.59,28.11
1984,164,0.57,0.56,0.56,95.81,1.79,125.81,0.0,61.75,7.57,11.33,24.75,9.09,26.09
1984,165,0.57,0.56,0.56,95.77,1.57,98.88,0.0,58.19,7.93,11.73,28.31,9.82,29.34
1984,166,0.57,0.56,0.55,95.68,1.88,164.81,0.05,54.25,8.97,14.98,31.1,11.63,28.88
1984,167,0.56,0.55,0.55,95.42,2.07,176.25,0.0,56.06,8.73,14.42,28.61,11.16,28.94
1984,168,0.56,0.55,0.55,95.17,1.73,86.88,0.0,46.56,6.53,12.49,30.69,6.41,29.83
1984,169,0.55,0.55,0.54,95.0,1.57,197.19,0.0,49.0,8.48,13.58,32.58,10.53,22.12
1984,170,0.55,0.55,0.53,95.31,1.96,111.25,0.0,49.69,9.4,18.51,34.65,12.3,20.95
1984,171,0.55,0.54,0.52,95.34,2.0,187.56,0.0,41.75,8.79,17.24,37.84,10.83,27.56
1984,172,0.55,0.54,0.49,95.28,2.14,216.81,0.0,34.88,8.36,20.37,39.62,10.22,25.33
1984,173,0.55,0.53,0.48,95.16,1.8,247.06,0.0,42.12,9.09,20.03,34.15,11.57,16.23
1984,174,0.54,0.53,0.48,95.29,1.74,189.0,0.07,57.56,10.62,18.33,31.71,14.16,24.57
1984,175,0.54,0.53,0.48,95.39,2.32,45.25,0.01,59.31,9.83,16.58,29.89,12.98,26.58
1984,176,0.54,0.53,0.47,95.28,1.84,66.75,0.19,56.06,9.64,16.71,31.07,12.62,26.34
1984,177,0.54,0.52,0.46,95.29,1.91,59.88,0.05,57.19,9.58,16.18,30.62,12.55,22.47
1984,178,0.53,0.52,0.45,95.26,1.79,78.81,0.0,51.81,9.09,16.79,31.73,11.76,24.44
1984,179,0.53,0.52,0.44,95.29,1.86,88.62,0.0,44.0,8.36,17.43,34.98,10.49,28.21
1984,180,0.53,0.52,0.43,95.12,1.86,227.56,0.0,48.81,9.58,18.27,32.87,12.53,26.32
1984,181,0.53,0.52,0.44,94.99,2.09,207.19,1.69,47.81,9.64,19.33,34.24,12.61,27.54
1984,182,0.53,0.52,0.44,95.22,1.91,194.12,0.0,48.0,9.34,18.64,33.73,11.98,26.79
1984,183,0.52,0.52,0.41,95.38,1.82,192.38,0.0,41.5,9.34,19.17,40.55,11.86,24.54
1984,184,0.52,0.52,0.4,95.52,1.92,209.31,0.0,39.31,9.28,22.13,39.1,12.0,22.59
1984,185,0.52,0.51,0.39,95.44,2.64,57.81,0.02,51.75,10.19,18.78,33.9,13.49,24.3
1984,186,0.52,0.51,0.39,95.32,2.38,56.5,0.0,49.0,8.54,16.55,33.16,10.75,26.18
1984,187,0.52,0.51,0.39,95.4,2.44,51.69,0.11,54.0,8.61,16.1,29.57,10.79,27.4
1984,188,0.52,0.51,0.38,95.39,1.84,71.0,0.0,48.56,8.3,16.23,32.13,10.36,21.9
1984,189,0.52,0.5,0.38,95.29,1.75,179.69,0.0,47.31,8.73,16.45,34.57,11.12,26.35
1984,190,0.52,0.5,0.37,95.37,1.85,97.94,0.0,39.44,7.93,17.88,36.49,9.45,27.4
1984,191,0.51,0.5,0.36,95.27,1.89,208.19,0.0,30.56,7.45,19.31,39.32,8.51,23.3
1984,192,0.51,0.5,0.35,95.26,2.11,185.62,0.0,30.69,7.81,21.88,40.11,9.21,25.02
1984,193,0.51,0.49,0.34,95.24,1.91,135.88,0.0,27.06,6.71,21.16,40.98,6.92,24.58
1984,194,0.51,0.49,0.34,95.42,1.98,204.19,0.0,34.25,7.81,19.8,36.26,9.41,26.37
1984,195,0.5,0.49,0.34,95.42,1.91,196.5,0.0,38.0,8.42,20.19,35.91,10.51,25.06
1984,196,0.5,0.49,0.34,95.37,1.77,193.06,0.0,48.94,9.4,18.32,33.81,12.14,22.39
1984,197,0.5,0.49,0.33,95.06,1.93,146.94,0.0,43.19,8.61,18.58,35.95,10.81,24.82
1984,198,0.5,0.49,0.33,94.95,2.3,55.56,0.0,50.12,9.64,17.96,33.79,12.54,22.52
1984,199,0.5,0.48,0.33,95.14,2.42,43.0,0.0,55.0,9.09,16.58,30.19,11.6,23.9
1984,200,0.5,0.48,0.33,95.36,1.64,141.19,0.0,43.31,7.75,16.65,32.76,9.33,25.19
1984,201,0.49,0.48,0.33,95.34,1.8,171.25,0.0,41.44,8.42,17.96,34.98,10.66,25.1
1984,202,0.49,0.48,0.32,95.32,1.72,142.94,0.0,38.19,8.12,18.87,35.61,9.96,27.47
1984,203,0.49,0.48,0.31,95.15,2.05,197.19,0.0,28.62,6.96,20.3,39.0,7.46,20.75
1984,204,0.49,0.48,0.3,95.26,2.03,214.12,0.0,29.94,7.26,22.22,37.87,8.26,21.12
1984,205,0.49,0.48,0.3,95.46,1.8,102.44,0.0,29.19,6.96,20.85,39.81,7.52,23.14
1984,206,0.49,0.48,0.3,95.44,1.52,129.62,0.0,27.44,6.77,21.26,40.78,7.08,22.11
1984,207,0.48,0.48,0.29,95.25,1.74,220.12,0.0,25.69,6.9,22.67,41.25,7.26,23.23
1984,208,0.48,0.48,0.28,95.27,2.16,192.75,0.0,33.75,7.69,20.17,39.38,8.62,21.85
1984,209,0.48,0.48,0.28,95.67,2.35,62.12,0.0,52.56,9.4,18.26,31.82,12.13,24.41
1984,210,0.48,0.48,0.29,95.73,2.67,318.62,0.0,50.0,8.3,16.65,30.15,10.23,23.39
1984,211,0.48,0.48,0.29,95.47,2.08,204.44,0.0,53.0,9.28,16.25,32.46,11.94,21.06
1984,212,0.48,0.48,0.28,95.18,1.91,222.75,0.0,38.56,8.12,17.83,36.26,9.92,22.41
1984,213,0.48,0.47,0.27,95.27,2.52,215.94,0.0,32.81,7.87,20.46,38.31,9.55,22.48
1984,214,0.48,0.47,0.28,95.71,2.32,186.56,0.18,50.0,10.31,19.58,33.08,13.65,22.58
1984,215,0.48,0.47,0.28,95.62,2.1,60.62,0.1,51.81,9.52,17.68,32.89,12.25,23.12
1984,216,0.48,0.47,0.27,95.25,1.63,175.94,0.06,36.38,8.24,18.76,36.86,10.26,27.22
1984,217,0.48,0.47,0.27,95.0,2.13,203.5,0.07,32.56,8.61,22.2,38.98,10.76,26.55
1984,218,0.48,0.47,0.28,95.26,2.12,314.75,0.6,46.5,10.62,22.09,34.22,13.94,23.97
1984,219,0.48,0.47,0.32,95.39,2.34,130.5,2.06,61.44,11.9,18.93,29.98,15.87,18.99
1984,220,0.48,0.47,0.34,95.44,2.61,57.06,0.58,58.25,10.07,17.3,30.98,13.37,25.01
1984,221,0.48,0.48,0.35,95.0,2.43,232.44,2.17,52.88,10.01,16.56,36.53,12.98,25.12
1984,222,0.48,0.48,0.37,95.06,3.19,250.94,0.38,62.31,10.38,16.88,27.83,13.51,20.91
1984,223,0.48,0.48,0.38,95.03,1.8,118.62,1.47,56.06,9.89,15.43,30.57,12.97,23.26
1984,224,0.48,0.48,0.4,95.06,1.9,150.5,2.13,60.5,11.41,19.1,32.83,15.13,13.39
1984,225,0.48,0.48,0.41,94.92,2.43,113.25,1.25,58.5,10.86,17.84,36.71,14.32,24.13
1984,226,0.48,0.48,0.39,94.93,2.23,49.5,0.3,59.88,10.68,17.39,31.85,14.12,25.91
1984,227,0.48,0.48,0.38,95.05,2.02,76.5,0.0,52.0,9.34,17.67,32.12,11.98,26.4
1984,228,0.48,0.47,0.36,95.18,1.91,154.12,0.0,43.69,8.36,18.37,33.43,10.37,25.72
1984,229,0.48,0.47,0.34,95.08,1.65,182.12,0.0,46.06,9.09,18.31,35.04,11.54,24.2
1984,230,0.48,0.47,0.34,95.26,2.02,185.88,0.0,51.38,9.4,18.77,31.63,12.18,23.54
1984,231,0.48,0.47,0.33,95.52,2.19,51.44,0.0,53.69,8.67,16.56,30.9,10.76,24.69
1984,232,0.48,0.47,0.32,95.45,1.98,130.19,0.0,54.12,8.67,14.65,31.45,10.6,24.12
1984,233,0.48,0.47,0.3,95.19,1.91,197.0,0.0,44.88,8.85,17.28,33.55,11.25,21.82
1984,234,0.47,0.47,0.3,95.04,1.91,193.69,0.0,43.06,9.03,18.97,36.51,11.32,21.02
1984,235,0.47,0.46,0.29,94.99,2.27,217.0,0.04,51.56,10.62,20.39,33.97,13.91,22.1
1984,236,0.47,0.46,0.28,94.87,1.63,173.25,0.05,52.06,10.38,19.83,36.12,13.24,21.19
1984,237,0.47,0.46,0.27,95.08,1.88,227.75,0.04,48.5,9.52,19.73,34.12,12.37,22.91
1984,238,0.47,0.46,0.27,95.2,1.87,188.06,0.0,54.69,10.38,18.87,33.01,13.75,21.64
1984,239,0.47,0.46,0.27,95.09,1.93,151.31,0.0,55.06,10.44,19.06,33.96,13.74,20.74
1984,240,0.47,0.46,0.27,94.91,2.95,86.38,0.45,59.5,11.17,17.96,32.94,14.8,16.55
1984,241,0.47,0.46,0.27,95.15,2.58,62.56,0.25,64.0,10.86,17.87,28.05,14.48,13.59
1984,242,0.47,0.46,0.27,95.38,2.13,77.88,0.13,64.31,10.68,17.44,28.5,14.14,17.88
1984,243,0.47,0.46,0.27,95.55,2.02,92.81,0.11,64.75,10.99,17.69,30.15,14.68,19.72
1984,244,0.47,0.46,0.27,95.51,2.14,130.31,0.25,58.5,10.13,16.08,32.22,13.37,20.62
1984,245,0.47,0.46,0.27,95.48,1.95,56.75,0.02,53.0,9.09,17.57,31.59,11.65,21.4
1984,246,0.47,0.46,0.26,95.53,1.83,89.56,0.0,50.38,8.06,16.23,31.4,9.44,21.07
1984,247,0.47,0.46,0.25,95.56,1.83,95.62,0.0,42.88,7.02,16.35,32.06,7.37,23.32
1984,248,0.47,0.46,0.24,95.11,2.09,208.44,0.0,34.38,6.71,16.12,34.64,7.15,22.78
1984,249,0.47,0.46,0.23,94.67,2.45,207.12,0.0,36.88,7.69,19.57,34.06,8.84,22.7
1984,250,0.47,0.46,0.23,95.0,2.5,212.62,0.0,63.19,11.17,17.51,32.19,14.52,20.97
1984,251,0.47,0.46,0.23,95.31,2.89,67.75,0.0,59.62,10.44,17.47,32.38,13.72,19.83
1984,252,0.47,0.46,0.23,95.26,1.98,182.94,0.17,50.19,9.52,18.33,37.21,11.6,17.91
1984,253,0.47,0.46,0.23,95.39,2.7,208.38,0.06,65.0,10.99,16.91,28.53,14.49,18.4
1984,254,0.47,0.46,0.23,95.08,2.12,256.12,0.0,55.81,8.85,14.62,30.38,10.94,20.98
1984,255,0.47,0.46,0.23,95.34,2.01,130.94,0.24,69.62,10.86,17.03,23.76,14.48,14.36
1984,256,0.47,0.46,0.23,95.47,1.91,115.56,0.07,58.06,9.09,15.05,29.98,11.8,21.19
1984,257,0.47,0.46,0.23,95.29,1.45,221.31,0.42,47.0,9.03,16.9,32.87,11.65,17.51
1984,258,0.47,0.46,0.24,95.06,1.62,255.38,0.39,41.62,8.67,20.69,33.23,10.87,17.69
1984,259,0.47,0.46,0.28,94.89,1.73,181.69,1.83,56.38,10.07,18.9,30.5,13.1,18.93
1984,260,0.47,0.47,0.35,94.97,2.14,219.19,1.94,67.94,10.74,15.98,28.96,14.17,17.37
1984,261,0.47,0.47,0.38,95.1,2.02,125.69,0.95,65.25,10.01,16.15,28.59,13.21,17.38
1984,262,0.47,0.47,0.38,94.57,2.71,266.06,3.56,59.19,9.28,14.4,30.87,11.55,17.82
1984,263,0.48,0.48,0.55,94.39,3.74,308.56,10.09,74.62,9.09,13.76,20.27,11.54,14.52
1984,264,0.48,0.49,0.52,94.68,3.91,296.94,3.65,74.81,9.4,13.3,22.4,12.22,11.08
1984,265,0.48,0.49,0.47,94.87,1.59,245.62,0.0,54.5,7.45,11.05,29.68,8.26,17.44
1984,266,0.48,0.48,0.46,95.1,2.62,293.0,0.08,63.75,9.83,14.84,27.55,12.61,19.15
1984,267,0.48,0.48,0.46,94.81,1.91,254.06,0.01,54.0,8.48,13.51,31.25,10.27,19.45
1984,268,0.48,0.48,0.46,94.6,3.51,288.62,1.09,58.62,8.97,14.9,28.18,11.08,17.23
1984,269,0.48,0.48,0.47,95.15,3.01,310.31,0.02,71.25,8.3,12.28,21.58,10.33,15.05
1984,270,0.48,0.48,0.45,95.6,1.19,166.12,0.0,57.0,7.02,12.43,25.63,7.78,17.75
1984,271,0.48,0.48,0.45,95.38,1.78,210.38,0.0,54.06,7.45,11.58,28.75,8.78,18.34
1984,272,0.48,0.48,0.45,95.15,1.88,198.56,1.66,55.19,8.54,15.09,29.45,10.44,11.6
1984,273,0.48,0.48,0.47,94.78,1.92,188.62,0.44,71.81,10.62,15.98,26.65,13.99,17.33
1984,274,0.48,0.48,0.45,94.93,2.59,300.25,0.06,71.56,9.83,13.69,24.68,12.65,13.78
1984,275,0.48,0.48,0.45,94.88,1.94,242.06,0.0,59.62,7.57,12.73,24.65,8.58,16.74
1984,276,0.48,0.47,0.43,94.82,1.58,213.94,0.01,57.25,8.42,14.66,26.64,10.3,14.56
1984,277,0.48,0.47,0.43,94.93,2.59,222.06,0.31,70.12,10.44,15.99,28.38,13.66,15.13
1984,278,0.48,0.47,0.41,94.53,2.96,204.5,0.0,46.19,7.45,16.0,32.4,8.11,16.43
1984,279,0.48,0.47,0.42,94.68,3.46,296.88,1.96,59.31,8.0,12.15,23.2,9.57,10.56
1984,280,0.48,0.47,0.45,95.16,3.1,298.31,2.12,70.69,7.32,11.2,18.55,8.45,9.08
1984,281,0.48,0.48,0.49,95.54,3.73,313.88,3.35,76.0,7.26,10.39,15.65,8.54,4.74
1984,282,0.48,0.49,0.58,95.76,3.83,321.75,13.73,82.38,7.93,11.0,15.32,9.78,5.43
1984,283,0.49,0.51,0.53,95.6,2.13,135.06,8.68,79.62,8.0,10.76,18.6,9.85,10.21
1984,284,0.52,0.55,0.63,95.0,2.81,221.19,19.38,75.75,8.36,11.8,20.89,10.3,14.81
1984,285,0.52,0.55,0.55,95.32,2.67,260.12,4.3,79.56,7.81,9.27,17.88,9.55,6.7
1984,286,0.53,0.55,0.58,95.39,3.06,300.5,7.18,87.94,9.03,10.57,17.6,11.68,5.49
1984,287,0.54,0.56,0.62,95.43,2.61,323.31,11.68,90.56,9.52,11.77,17.15,12.55,7.88
1984,288,0.55,0.57,0.59,95.6,1.55,114.5,4.39,82.75,8.73,11.61,17.84,11.26,10.72
1984,289,0.55,0.57,0.59,95.7,0.93,148.94,6.71,79.25,8.48,10.6,20.19,10.79,12.32
1984,290,0.55,0.57,0.59,95.56,1.05,116.5,3.4,80.31,8.79,11.05,20.5,11.31,13.18
1984,291,0.55,0.57,0.57,95.51,1.01,155.06,1.34,72.44,8.06,10.76,21.12,9.88,14.52
1984,292,0.55,0.57,0.56,95.4,1.17,194.94,0.93,67.94,7.63,10.44,21.42,9.17,13.89
1984,293,0.55,0.56,0.55,95.11,2.94,208.19,0.3,68.0,7.57,10.12,22.77,9.05,15.95
1984,294,0.55,0.56,0.55,95.19,1.9,258.31,2.18,71.94,8.3,11.98,20.72,10.36,9.96
1984,295,0.55,0.56,0.57,95.53,1.52,198.88,3.8,83.56,9.7,13.19,20.34,12.73,12.07
1984,296,0.56,0.57,0.58,95.79,1.82,43.81,2.02,83.19,8.85,10.68,19.04,11.43,5.78
1984,297,0.56,0.56,0.56,95.75,1.44,89.31,0.94,81.81,7.87,9.6,19.94,9.68,12.38
1984,298,0.56,0.56,0.55,95.61,1.09,156.62,0.0,76.38,7.93,9.0,23.17,9.68,14.28
1984,299,0.55,0.56,0.55,95.35,1.96,219.06,0.0,64.75,7.2,9.51,25.0,8.31,15.34
1984,300,0.55,0.55,0.54,95.31,2.21,223.31,0.06,66.62,7.93,11.03,25.28,9.65,14.92
1984,301,0.55,0.55,0.55,95.41,1.8,285.75,2.11,74.62,8.79,11.8,23.41,11.1,13.3
1984,302,0.55,0.56,0.56,95.75,2.66,328.69,2.64,83.94,9.09,12.4,18.11,11.79,6.52
1984,303,0.55,0.56,0.56,95.68,2.34,181.81,2.42,80.94,8.06,10.6,17.05,9.99,5.9
1984,304,0.56,0.56,0.59,95.66,2.14,90.5,4.76,84.94,9.03,11.39,19.62,11.73,11.72
1984,305,0.56,0.57,0.57,95.66,1.89,103.25,0.55,81.31,8.61,11.15,19.68,11.01,10.34
1984,306,0.56,0.56,0.55,95.5,1.27,104.88,0.19,79.19,7.93,9.69,21.24,9.63,13.36
1984,307,0.56,0.56,0.55,95.32,1.66,262.88,0.0,72.56,7.08,8.32,21.75,8.05,14.57
1984,308,0.55,0.56,0.55,95.27,1.77,279.56,0.1,82.44,8.0,9.02,19.59,9.83,12.51
1984,309,0.55,0.56,0.55,94.82,2.18,218.12,0.01,68.44,6.9,8.08,22.58,7.55,14.01
1984,310,0.55,0.55,0.54,94.13,5.09,189.12,0.82,54.25,5.92,11.15,20.59,5.27,3.98
1984,311,0.55,0.55,0.54,94.57,2.08,229.44,0.21,63.38,5.8,7.08,19.69,4.85,13.56
1984,312,0.55,0.55,0.53,94.7,3.27,191.38,0.0,55.44,6.23,9.85,24.73,5.94,10.62
1984,313,0.55,0.55,0.53,94.44,3.5,189.06,0.0,52.31,5.98,11.08,24.98,5.38,12.36
1984,314,0.55,0.55,0.52,94.13,3.15,171.75,0.0,47.75,5.43,10.14,24.48,3.9,4.93
1984,315,0.55,0.55,0.53,93.82,3.31,155.62,0.62,64.69,6.9,10.5,18.32,7.4,6.27
1984,316,0.55,0.55,0.53,94.23,2.28,184.25,0.39,73.31,6.41,6.66,19.72,6.39,10.8
1984,317,0.55,0.55,0.53,94.33,2.33,207.81,0.3,75.5,6.29,6.01,16.69,6.14,8.78
1984,318,0.55,0.55,0.53,94.38,1.27,252.19,0.19,74.75,7.02,8.01,19.18,7.66,9.72
1984,319,0.55,0.55,0.55,94.33,2.05,245.06,2.45,81.0,6.96,7.5,14.03,7.58,5.19
1984,320,0.55,0.55,0.54,94.27,4.05,261.81,0.76,77.75,5.98,6.69,13.65,5.48,7.22
1984,321,0.55,0.55,0.53,94.56,3.12,231.0,0.0,74.0,6.59,5.9,18.78,6.92,8.99
1984,322,0.55,0.55,0.53,94.65,2.94,249.94,0.45,79.88,8.06,9.04,18.73,9.73,9.49
1984,323,0.55,0.55,0.53,94.53,3.23,241.12,0.66,78.38,8.36,10.56,20.94,10.39,8.65
1984,324,0.55,0.55,0.55,94.5,4.31,262.75,2.87,75.38,7.14,9.87,17.48,8.09,7.75
1984,325,0.55,0.55,0.55,95.14,4.04,290.75,2.65,81.62,7.08,8.85,15.58,8.01,3.46
1984,326,0.55,0.55,0.55,95.49,2.32,295.81,0.88,85.31,7.39,8.56,15.19,8.75,9.98
1984,327,0.55,0.55,0.54,95.68,1.95,273.12,0.0,82.69,7.26,8.32,16.78,8.44,12.03
1984,328,0.55,0.55,0.53,95.76,1.8,259.25,0.0,69.25,6.59,7.11,21.67,6.98,12.06
1984,329,0.55,0.55,0.53,95.69,1.38,216.69,0.0,62.69,6.35,8.29,23.25,6.46,11.72
1984,330,0.55,0.55,0.53,95.52,1.33,249.81,0.0,63.38,6.77,8.72,22.19,7.25,9.47
1984,331,0.55,0.55,0.53,95.51,1.2,177.0,0.0,62.88,6.65,10.37,22.71,7.12,11.26
1984,332,0.55,0.55,0.53,95.8,2.45,317.56,0.29,83.69,6.9,6.22,15.16,7.54,11.57
1984,333,0.55,0.55,0.53,95.84,1.14,157.88,0.05,84.25,6.29,5.44,15.54,6.4,11.81
1984,334,0.54,0.55,0.52,95.43,2.0,177.5,0.01,74.25,5.74,4.33,19.09,5.03,11.21
1984,335,0.54,0.54,0.52,94.89,2.43,199.12,0.03,78.31,6.1,5.22,17.69,5.92,11.09
1984,336,0.54,0.54,0.52,94.73,3.14,218.62,0.18,71.81,6.29,6.84,18.51,6.26,8.91
1984,337,0.54,0.54,0.54,94.94,2.51,265.06,3.6,82.25,6.47,6.48,13.65,6.63,7.84
1984,338,0.55,0.55,0.57,95.17,3.48,299.69,4.13,83.0,5.8,5.85,10.48,5.09,6.89
1984,339,0.55,0.55,0.57,95.23,2.91,308.19,5.03,87.06,6.84,7.42,13.07,7.47,6.27
1984,340,0.56,0.58,0.67,95.6,3.03,341.94,17.2,90.06,7.69,9.92,13.69,9.4,3.33
1984,341,0.57,0.59,0.6,95.92,1.0,174.12,1.32,84.5,7.08,6.73,15.8,8.12,6.43
1984,342,0.57,0.58,0.59,96.06,1.01,157.5,0.03,78.38,6.23,4.77,17.59,6.21,10.96
1984,343,0.57,0.58,0.58,96.17,1.58,154.56,0.01,76.38,5.8,4.3,17.16,5.27,10.28
1984,344,0.57,0.58,0.57,96.27,1.36,214.06,0.01,80.25,6.1,4.44,16.76,5.96,10.34
1984,345,0.57,0.57,0.57,96.12,1.3,232.75,0.09,84.69,6.41,6.18,14.9,6.75,9.09
1984,346,0.57,0.57,0.57,96.0,1.3,198.19,0.07,77.88,5.74,5.65,15.34,5.03,10.47
1984,347,0.57,0.57,0.56,95.69,2.1,231.25,0.0,73.88,5.37,3.44,18.05,4.06,10.77
1984,348,0.56,0.57,0.56,95.42,1.73,264.06,0.0,68.38,5.13,4.04,17.36,3.19,10.49
1984,349,0.56,0.57,0.56,95.55,1.36,207.56,0.0,80.31,5.98,5.67,16.67,5.5,10.66
1984,350,0.56,0.56,0.55,95.43,2.14,201.44,0.0,57.31,4.27,3.39,19.94,0.68,10.39
1984,351,0.56,0.56,0.55,95.24,3.42,204.62,0.0,53.31,4.33,6.02,19.96,0.97,10.17
1984,352,0.56,0.56,0.55,95.19,2.6,222.38,0.0,62.5,4.76,5.25,17.84,2.4,9.24
1984,353,0.56,0.56,0.55,95.48,1.71,195.88,0.01,70.56,5.19,3.83,16.83,3.34,9.42
1984,354,0.56,0.56,0.58,95.91,1.98,287.12,4.16,89.12,6.16,3.51,10.55,6.1,3.69
1984,355,0.57,0.58,0.62,95.81,3.75,329.0,9.16,87.56,5.86,5.05,9.63,5.45,4.42
1984,356,0.58,0.59,0.62,95.65,2.04,334.44,4.02,89.88,6.23,5.16,11.5,6.24,5.05
1984,357,0.59,0.6,0.7,95.36,4.05,319.06,19.17,92.81,7.08,7.97,10.07,8.08,1.83
1984,358,0.61,0.63,0.73,95.33,2.82,156.94,14.81,91.5,6.59,5.61,11.51,7.09,2.83
1984,359,0.61,0.63,0.67,95.23,1.63,317.88,1.33,83.69,5.43,4.64,10.3,4.22,5.73
1984,360,0.62,0.63,0.7,94.94,1.74,299.12,8.88,94.38,6.04,5.53,7.99,5.77,3.2
1984,361,0.62,0.64,0.69,95.06,1.79,301.06,2.48,87.38,5.43,3.87,8.95,4.23,4.49
1984,362,0.62,0.64,0.7,94.8,1.73,265.31,8.71,84.94,4.94,2.07,11.88,2.82,9.05
1984,363,0.64,0.66,0.74,94.87,3.77,330.0,13.6,93.12,5.43,3.86,5.95,4.11,1.53
1984,364,0.66,0.7,0.86,94.79,6.79,328.31,68.53,93.88,5.55,4.69,6.38,4.52,0.85
1984,365,0.74,0.8,0.91,94.85,5.48,340.62,52.27,96.69,6.16,4.84,7.83,5.98,0.58
1984,366,0.77,0.83,0.88,94.94,5.59,329.5,22.35,90.69,5.68,3.8,7.87,4.78,2.51
1985,1,0.78,0.83,0.86,95.03,4.05,319.75,10.07,92.81,5.37,3.19,6.86,3.98,1.21
1985,2,0.79,0.82,0.84,94.52,3.62,277.38,4.72,90.69,5.68,1.64,9.7,4.55,3.02
1985,3,0.79,0.81,0.83,94.5,2.61,296.81,2.35,89.38,5.25,3.68,8.42,3.69,6.08
1985,4,0.79,0.8,0.82,94.44,1.95,249.88,0.43,84.0,5.25,3.5,12.65,3.58,11.16
1985,5,0.79,0.8,0.81,93.62,2.7,229.75,0.24,74.38,4.82,2.91,13.51,2.26,8.89
1985,6,0.8,0.81,0.84,93.38,3.23,275.06,13.6,92.06,5.74,3.67,8.87,4.67,3.91
1985,7,0.8,0.83,0.86,93.93,0.82,219.12,17.53,89.94,4.82,2.12,6.53,2.44,3.88
1985,8,0.82,0.84,0.86,94.16,3.23,312.94,7.16,83.19,4.58,2.12,7.63,1.62,7.47
1985,9,0.82,0.84,0.84,94.94,3.68,301.5,2.45,80.94,3.66,-0.79,4.18,-1.3,4.66
1985,10,0.82,0.84,0.84,95.13,1.7,283.69,0.21,72.75,3.42,-1.6,6.89,-2.28,9.74
1985,11,0.82,0.84,0.84,95.13,0.72,156.56,0.32,68.94,3.54,0.32,8.17,-1.75,10.34
1985,12,0.82,0.84,0.84,95.04,1.38,233.88,0.24,83.31,4.27,0.29,8.46,0.79,6.41
1985,13,0.82,0.84,0.84,94.67,1.88,252.62,2.25,88.94,4.33,-0.49,7.42,0.93,10.06
1985,14,0.82,0.84,0.84,94.51,1.66,227.56,4.23,85.94,4.27,-0.71,7.84,0.65,7.18
1985,15,0.83,0.84,0.86,94.48,1.42,255.12,9.84,94.88,4.27,-0.27,3.04,0.73,3.78
1985,16,0.84,0.85,0.85,94.6,3.73,297.75,5.28,93.56,4.39,-0.73,4.66,1.05,1.94
1985,17,0.84,0.85,0.84,94.95,2.99,283.62,0.12,85.25,4.09,0.8,6.52,0.23,8.75
1985,18,0.84,0.85,0.84,94.48,3.93,243.25,0.83,84.25,5.31,1.04,12.16,3.65,8.39
1985,19,0.84,0.84,0.84,94.69,4.07,288.5,0.6,81.88,4.7,0.83,8.89,2.05,8.82
1985,20,0.83,0.84,0.84,94.76,2.87,238.25,0.06,89.69,5.92,1.02,14.16,5.12,7.22
1985,21,0.83,0.84,0.84,94.61,3.3,213.88,0.0,81.19,6.29,4.99,17.88,6.18,9.36
1985,22,0.83,0.84,0.84,94.63,3.77,204.5,0.0,65.69,5.43,6.58,18.98,4.0,10.72
1985,23,0.82,0.84,0.83,94.77,3.64,205.88,0.0,63.81,5.55,6.13,19.76,4.29,11.99
1985,24,0.82,0.83,0.83,95.06,1.95,279.88,0.0,78.31,6.1,6.3,14.54,5.58,11.41
1985,25,0.82,0.83,0.83,95.12,1.34,228.88,0.0,88.62,6.53,4.45,13.13,6.92,5.3
1985,26,0.82,0.83,0.83,94.63,2.54,224.75,1.66,82.75,5.98,3.72,14.98,5.49,12.44
1985,27,0.82,0.84,0.84,94.9,2.84,284.75,3.7,87.12,5.98,4.72,11.42,5.6,5.07
1985,28,0.82,0.84,0.83,95.34,2.19,273.94,0.07,82.12,4.88,0.37,12.73,2.56,13.18
1985,29,0.82,0.84,0.84,95.56,3.4,313.06,3.12,91.31,6.35,4.69,11.19,6.44,3.78
1985,30,0.82,0.84,0.84,96.13,1.98,331.31,0.47,89.19,5.8,4.01,10.55,5.28,10.49
1985,31,0.82,0.83,0.83,96.15,1.79,284.06,0.0,85.75,5.43,0.92,13.65,4.3,13.77
1985,32,0.81,0.83,0.83,96.11,1.69,279.5,0.0,87.19,5.86,4.35,13.58,5.33,14.52
1985,33,0.81,0.83,0.83,95.84,1.66,283.38,0.0,82.06,5.92,3.35,16.58,5.39,14.45
1985,34,0.81,0.83,0.83,95.63,1.78,284.75,0.0,81.88,5.86,3.9,16.6,5.16,14.77
1985,35,0.81,0.82,0.83,95.43,1.13,181.38,0.0,67.69,5.19,4.02,19.86,3.15,14.7
1985,36,0.8,0.82,0.82,95.52,1.96,252.56,0.0,60.69,4.94,4.07,18.74,2.67,12.28
1985,37,0.8,0.82,0.82,95.34,1.8,245.19,0.0,63.75,5.31,4.62,18.87,3.64,11.77
1985,38,0.8,0.81,0.82,95.11,1.71,251.06,0.0,62.19,5.86,5.82,20.94,5.12,15.32
1985,39,0.8,0.81,0.83,94.91,2.21,255.56,3.8,80.0,6.47,5.19,15.58,6.62,5.59
1985,40,0.8,0.81,0.82,94.77,2.18,243.19,0.03,75.94,5.74,2.58,17.3,4.79,13.39
1985,41,0.8,0.81,0.82,94.42,2.59,257.44,3.49,77.12,6.84,7.11,18.41,7.18,10.12
1985,42,0.8,0.82,0.84,94.07,4.55,255.88,8.09,83.62,7.81,7.17,17.41,9.26,5.85
1985,43,0.8,0.82,0.83,94.34,5.94,278.0,4.89,75.44,7.02,9.76,15.92,7.72,13.72
1985,44,0.81,0.82,0.83,94.96,5.14,287.62,1.99,81.75,6.65,4.46,13.65,6.87,14.1
1985,45,0.8,0.82,0.82,95.27,2.29,250.56,0.0,75.62,6.29,3.79,19.12,6.14,16.05
1985,46,0.8,0.81,0.82,95.23,2.18,241.75,0.0,65.31,6.47,6.82,22.37,6.58,15.43
1985,47,0.8,0.81,0.81,95.16,2.42,214.0,0.0,59.25,6.53,9.01,25.44,6.64,14.32
1985,48,0.8,0.8,0.8,94.91,2.41,234.5,0.0,59.06,6.59,9.62,23.75,6.71,15.06
1985,49,0.8,0.8,0.81,95.03,1.91,287.12,0.0,74.56,6.71,8.28,18.12,7.15,15.27
1985,50,0.79,0.8,0.81,95.36,1.82,161.5,0.0,85.38,6.84,6.98,15.35,7.64,11.71
1985,51,0.79,0.8,0.81,95.58,2.39,77.06,2.12,91.62,6.47,6.6,10.16,6.82,1.45
1985,52,0.79,0.8,0.81,95.21,1.31,156.12,0.01,78.69,6.47,5.66,18.96,6.68,13.39
1985,53,0.79,0.8,0.82,95.07,2.23,273.81,3.31,86.75,6.47,4.81,14.09,6.72,3.33
1985,54,0.79,0.8,0.83,95.85,2.97,69.94,5.26,89.12,6.47,5.62,11.96,6.84,5.34
1985,55,0.79,0.8,0.81,96.18,1.81,118.62,0.08,77.62,4.94,3.37,14.68,3.05,15.59
1985,56,0.79,0.8,0.81,95.98,1.21,202.12,0.0,72.19,5.13,3.58,14.74,3.5,7.27
1985,57,0.79,0.8,0.81,95.95,2.0,208.75,0.0,67.69,4.58,2.5,12.9,1.91,15.66
1985,58,0.79,0.8,0.8,95.78,1.69,200.12,0.0,72.75,5.49,3.73,17.56,4.39,16.67
1985,59,0.78,0.8,0.8,95.8,1.52,204.19,0.0,80.25,6.16,4.4,16.79,6.11,17.41
1985,60,0.78,0.79,0.8,95.77,1.65,209.06,0.0,75.31,6.16,4.72,18.59,6.06,17.24
1985,61,0.78,0.79,0.8,95.66,3.4,262.62,0.46,79.0,5.68,3.49,13.76,4.86,8.89
1985,62,0.78,0.79,0.8,95.59,2.23,236.69,0.0,74.75,5.07,1.05,15.64,3.12,17.83
1985,63,0.77,0.78,0.8,95.13,1.86,247.38,0.02,62.94,5.13,3.94,18.9,3.0,17.55
1985,64,0.77,0.78,0.81,95.38,0.69,308.06,3.38,89.31,6.1,4.61,9.65,5.84,4.17
1985,65,0.77,0.79,0.81,95.28,1.62,320.56,2.63,89.69,5.49,4.08,9.1,4.32,2.53
1985,66,0.8,0.84,0.93,94.76,6.37,294.5,63.02,94.62,5.68,3.48,7.05,4.76,2.26
1985,67,0.85,0.9,0.92,94.9,4.66,301.56,32.74,94.56,6.59,5.65,9.9,6.9,3.95
1985,68,0.87,0.9,0.9,95.4,2.3,298.5,10.27,91.38,6.29,5.3,11.0,6.31,11.32
1985,69,0.88,0.9,0.88,95.45,1.59,291.0,5.01,90.56,6.1,5.15,10.69,5.98,8.12
1985,70,0.88,0.89,0.88,95.28,1.95,300.44,7.93,88.19,6.1,5.41,11.28,5.87,11.09
1985,71,0.88,0.9,0.88,95.09,2.02,304.75,6.26,91.12,5.86,5.35,8.74,5.28,10.87
1985,72,0.88,0.9,0.88,95.01,1.5,310.19,1.83,85.69,5.62,4.94,11.16,4.65,13.08
1985,73,0.88,0.9,0.88,94.91,2.05,298.94,3.2,87.88,5.37,3.27,9.37,4.0,7.75
1985,74,0.88,0.89,0.88,94.7,1.74,230.38,0.03,78.25,4.94,1.2,13.54,2.65,20.02
1985,75,0.88,0.89,0.87,94.7,2.1,273.19,0.05,75.0,5.19,3.48,13.64,3.4,18.74
1985,76,0.88,0.88,0.87,94.56,2.91,272.81,0.84,80.44,5.31,2.19,14.36,3.73,14.67
1985,77,0.88,0.88,0.87,94.3,4.27,294.44,2.85,82.56,4.94,2.12,9.03,2.76,8.68
1985,78,0.88,0.88,0.87,94.07,2.55,264.12,1.73,80.5,6.23,2.37,15.21,5.84,17.14
1985,79,0.88,0.89,0.88,93.35,4.05,247.69,4.55,84.06,5.98,4.79,10.1,5.32,7.37
1985,80,0.88,0.89,0.88,93.54,3.88,278.19,6.76,83.31,6.23,3.71,13.83,5.8,7.53
1985,81,0.88,0.9,0.89,94.03,3.12,275.31,10.15,85.25,7.08,6.47,15.49,7.9,9.18
1985,82,0.88,0.9,0.88,94.42,2.05,209.75,0.12,79.19,6.84,5.62,17.8,7.36,18.96
1985,83,0.88,0.89,0.88,94.34,2.17,45.38,3.73,81.75,7.26,7.96,19.08,8.3,14.71
1985,84,0.88,0.89,0.88,94.87,1.45,34.81,3.13,84.25,6.23,6.94,12.69,6.12,8.66
1985,85,0.88,0.89,0.87,95.27,1.62,271.12,0.13,78.62,6.23,3.62,17.73,6.16,21.52
1985,86,0.88,0.88,0.87,94.91,2.16,270.75,4.63,73.19,6.77,4.96,20.27,7.15,22.95
1985,87,0.88,0.91,0.91,94.61,2.88,155.19,18.99,84.56,6.41,4.7,14.87,6.47,12.85
1985,88,0.89,0.91,0.88,95.39,2.71,292.94,1.88,81.56,5.37,4.83,11.41,4.15,12.96
1985,89,0.88,0.9,0.88,95.57,1.25,134.88,0.03,70.06,5.13,3.63,17.62,3.17,23.98
1985,90,0.88,0.89,0.87,95.55,1.94,258.5,0.0,65.06,5.55,3.44,20.48,4.42,23.9
1985,91,0.88,0.89,0.87,95.69,1.54,283.62,0.0,64.75,6.04,6.35,20.69,5.67,23.6
1985,92,0.88,0.88,0.86,95.71,1.77,290.31,0.0,64.44,6.1,7.91,20.52,5.55,21.45
1985,93,0.87,0.88,0.86,95.47,1.91,300.5,0.0,73.81,6.96,7.07,19.69,7.7,23.42
1985,94,0.87,0.88,0.86,95.04,1.16,239.31,0.0,63.94,7.08,8.71,23.11,7.82,24.2
1985,95,0.86,0.87,0.85,94.86,3.18,221.0,0.0,68.69,7.14,9.98,19.85,8.11,19.9
1985,96,0.85,0.87,0.85,95.19,1.82,254.44,0.0,70.56,7.63,10.04,21.79,9.04,22.04
1985,97,0.85,0.86,0.84,95.24,1.91,221.25,0.0,69.81,8.61,9.76,25.78,10.87,23.87
1985,98,0.84,0.85,0.84,94.7,3.59,206.0,0.0,51.94,7.39,12.07,29.19,8.4,23.69
1985,99,0.84,0.84,0.84,94.46,1.97,262.38,0.0,55.06,7.39,11.78,26.01,8.13,24.54
1985,100,0.83,0.84,0.84,95.1,2.52,332.44,0.0,80.06,7.63,9.55,17.98,9.1,21.14
1985,101,0.83,0.84,0.83,95.7,1.62,213.94,0.04,74.69,6.77,6.69,19.54,7.44,18.02
1985,102,0.82,0.83,0.83,95.49,2.09,244.0,0.0,74.56,6.53,5.4,19.54,6.57,24.29
1985,103,0.82,0.83,0.83,95.21,2.1,88.25,0.01,75.56,6.96,8.71,19.58,7.79,19.22
1985,104,0.82,0.83,0.84,94.87,2.14,90.19,3.88,86.5,7.32,7.86,13.95,8.47,7.1
1985,105,0.82,0.83,0.84,95.22,5.91,337.38,4.41,82.81,5.86,7.05,10.03,5.39,15.45
1985,106,0.83,0.84,0.86,95.24,5.71,327.62,13.35,81.44,6.04,6.4,11.74,5.76,17.66
1985,107,0.83,0.84,0.84,95.14,4.81,321.69,1.18,81.06,6.65,6.23,15.45,7.02,21.29
1985,108,0.82,0.84,0.84,94.97,2.96,278.94,0.66,81.94,7.02,7.14,15.42,7.9,19.23
1985,109,0.82,0.83,0.83,95.04,2.21,312.44,0.04,78.31,6.35,5.89,16.74,6.48,19.34
1985,110,0.81,0.82,0.83,94.66,1.3,117.88,0.02,66.88,6.1,5.01,20.9,5.61,26.1
1985,111,0.81,0.82,0.82,94.22,2.33,127.94,0.1,67.88,7.14,10.26,20.55,7.91,8.71
1985,112,0.81,0.82,0.83,94.45,2.5,194.62,3.38,78.12,7.81,8.29,22.03,9.33,21.05
1985,113,0.8,0.81,0.82,94.63,1.91,229.81,0.06,71.38,6.9,6.65,19.99,7.48,26.7
1985,114,0.8,0.8,0.81,94.14,1.3,202.0,0.0,58.69,7.14,8.44,26.18,7.62,26.37
1985,115,0.8,0.8,0.8,94.18,2.52,258.19,0.52,72.12,7.93,9.42,22.37,9.45,22.21
1985,116,0.8,0.8,0.8,94.65,1.66,234.5,0.21,77.69,8.0,9.71,21.28,9.79,23.87
1985,117,0.79,0.79,0.8,94.5,2.22,207.88,0.0,64.62,8.0,10.49,25.0,9.33,23.53
1985,118,0.78,0.79,0.8,94.35,2.36,158.31,3.41,80.88,8.54,9.8,21.35,10.65,14.47
1985,119,0.78,0.79,0.8,95.18,2.4,257.38,0.42,77.25,7.2,8.62,18.07,8.36,20.4
1985,120,0.78,0.78,0.79,95.34,1.72,179.88,0.03,72.19,7.75,7.44,23.4,9.35,27.92
1985,121,0.77,0.77,0.79,95.13,1.95,224.06,0.01,57.38,7.81,10.18,26.14,9.46,21.7
1985,122,0.77,0.77,0.78,94.67,1.94,223.25,0.02,57.62,8.3,13.75,26.51,10.17,15.5
1985,123,0.77,0.77,0.8,94.34,2.19,224.88,7.23,71.56,9.22,13.19,22.55,11.79,19.22
1985,124,0.77,0.77,0.79,94.3,1.91,205.5,2.91,74.5,9.16,12.51,23.78,11.75,23.16
1985,125,0.77,0.78,0.82,94.26,2.17,175.5,11.65,85.94,7.93,7.25,14.68,9.52,7.3
1985,126,0.77,0.79,0.81,94.13,3.39,258.0,6.77,76.19,6.53,6.75,18.11,6.68,12.42
1985,127,0.78,0.79,0.8,94.59,1.92,264.19,2.97,71.69,5.43,5.27,14.74,4.12,16.05
1985,128,0.77,0.78,0.8,95.12,2.37,288.69,0.63,76.31,6.35,3.91,15.9,6.33,19.65
1985,129,0.77,0.78,0.79,95.25,2.02,222.5,0.09,69.31,6.23,6.7,19.71,6.12,24.77
1985,130,0.77,0.77,0.78,94.86,2.21,217.25,0.07,69.44,6.9,7.06,21.08,7.44,22.95
1985,131,0.77,0.77,0.77,94.26,3.53,177.94,0.13,65.06,7.2,9.0,25.13,7.82,20.49
1985,132,0.77,0.77,0.8,94.24,2.14,147.12,8.38,83.31,9.52,10.91,20.33,12.25,5.92
1985,133,0.77,0.79,0.82,94.65,2.66,224.81,12.98,75.06,7.26,9.13,17.85,8.3,19.2
1985,134,0.77,0.78,0.79,94.92,1.89,107.94,0.15,67.06,6.53,6.31,21.33,6.83,25.44
1985,135,0.77,0.77,0.79,94.87,1.62,138.06,2.69,78.31,7.87,9.29,19.65,9.61,16.22
1985,136,0.77,0.77,0.79,94.81,0.95,179.5,0.44,74.19,8.3,10.37,22.11,10.33,23.2
1985,137,0.77,0.77,0.79,95.0,1.23,172.44,2.47,86.0,9.34,11.29,19.5,12.19,12.18
1985,138,0.77,0.77,0.78,95.0,1.73,104.75,0.48,75.69,9.58,11.36,26.8,12.51,24.28
1985,139,0.76,0.77,0.78,94.7,1.75,208.5,1.84,75.38,9.7,12.43,24.33,12.58,23.45
1985,140,0.76,0.76,0.77,94.91,2.24,286.88,0.19,86.62,9.89,12.53,18.83,12.99,14.4
1985,141,0.76,0.76,0.77,95.0,1.92,251.88,0.13,74.06,8.79,11.63,22.4,11.23,24.68
1985,142,0.75,0.75,0.77,94.61,1.56,212.44,1.78,61.62,8.85,10.72,27.39,11.08,27.51
1985,143,0.74,0.74,0.76,94.17,2.77,243.12,0.88,66.12,9.46,12.97,28.42,12.08,18.79
1985,144,0.74,0.74,0.76,94.5,3.2,298.88,1.97,78.56,8.61,11.08,18.58,10.81,12.75
1985,145,0.74,0.74,0.75,94.97,2.61,288.0,0.04,79.38,8.73,9.19,19.93,11.14,17.38
1985,146,0.73,0.73,0.74,94.95,1.54,161.0,0.01,67.19,9.16,10.38,28.01,11.67,27.7
1985,147,0.73,0.73,0.73,94.95,2.36,241.12,0.76,72.5,10.13,14.37,26.62,13.37,24.18
1985,148,0.73,0.73,0.73,95.1,2.02,97.25,0.87,80.5,10.74,13.9,24.22,14.26,25.0
1985,149,0.73,0.72,0.73,95.06,1.93,44.88,0.56,85.06,11.17,14.18,21.58,14.94,25.43
1985,150,0.72,0.72,0.72,94.95,2.08,91.25,0.07,75.5,10.93,12.8,26.97,14.54,28.99
1985,151,0.71,0.71,0.71,94.95,1.58,135.31,0.52,70.0,11.54,15.44,29.76,15.37,27.92
1985,152,0.71,0.7,0.71,94.93,2.16,153.25,1.17,69.69,11.11,16.55,29.31,14.8,27.11
1985,153,0.7,0.7,0.71,94.81,1.81,104.62,0.91,74.88,11.84,17.12,25.95,15.8,22.86
1985,154,0.7,0.7,0.7,94.8,1.73,72.69,0.91,72.62,11.35,16.34,27.0,15.1,24.57
1985,155,0.7,0.7,0.7,94.95,1.52,122.62,0.89,75.12,11.47,14.95,28.01,15.28,19.16
1985,156,0.7,0.69,0.69,94.95,1.53,99.31,0.0,60.88,10.5,14.55,32.58,13.8,28.36
1985,157,0.69,0.69,0.68,95.16,1.77,167.62,0.0,59.0,10.62,17.76,30.97,13.98,26.71
1985,158,0.69,0.68,0.67,95.32,1.45,292.19,0.0,65.12,10.93,17.31,30.3,14.62,29.32
1985,159,0.68,0.67,0.66,95.24,1.97,150.12,0.0,63.56,10.5,16.44,31.1,13.92,29.37
1985,160,0.67,0.67,0.66,95.45,2.39,107.69,0.0,75.19,10.8,15.23,24.4,14.44,18.77
1985,161,0.67,0.66,0.66,95.59,2.08,75.31,0.1,69.19,9.64,14.41,24.86,12.71,20.88
1985,162,0.66,0.66,0.66,95.44,2.11,71.5,0.05,67.75,9.58,13.55,27.17,12.65,29.89
1985,163,0.66,0.66,0.66,95.04,1.47,182.5,0.13,67.06,11.11,14.11,30.02,14.76,29.06
1985,164,0.66,0.65,0.64,94.86,1.74,216.19,0.0,53.19,10.74,17.25,33.91,14.1,28.91
1985,165,0.66,0.64,0.63,94.86,2.05,229.19,0.02,44.88,10.01,19.3,36.01,13.06,24.53
1985,166,0.65,0.64,0.63,95.12,1.83,204.25,0.0,58.25,10.74,18.35,30.55,14.24,23.73
1985,167,0.64,0.63,0.62,95.0,1.59,176.94,0.0,60.75,11.17,16.93,32.3,14.88,25.99
1985,168,0.64,0.63,0.62,95.2,1.96,128.88,0.0,63.69,10.25,16.69,28.54,13.54,27.16
1985,169,0.63,0.62,0.62,94.99,2.66,88.31,0.0,63.88,10.93,15.15,30.53,14.55,27.1
1985,170,0.63,0.62,0.62,94.56,2.83,264.19,0.0,57.25,10.19,17.05,31.12,13.33,21.0
1985,171,0.62,0.62,0.62,95.16,2.97,258.38,0.0,70.31,9.95,13.22,24.96,13.15,21.21
1985,172,0.62,0.62,0.61,95.1,1.52,178.25,0.0,61.19,9.83,12.32,31.2,12.8,28.0
1985,173,0.62,0.61,0.6,94.92,2.16,269.75,0.0,59.12,10.86,18.42,31.21,14.49,25.52
1985,174,0.62,0.61,0.6,95.08,1.56,110.75,0.0,57.5,10.31,16.87,31.18,13.62,29.08
1985,175,0.61,0.6,0.6,95.29,2.28,57.44,0.0,62.25,10.38,16.28,29.56,13.79,28.89
1985,176,0.61,0.6,0.6,95.54,2.03,77.38,0.24,67.44,10.62,15.08,29.15,14.19,20.36
1985,177,0.61,0.59,0.6,95.43,1.42,170.56,1.97,60.38,11.47,16.99,33.65,15.33,24.43
1985,178,0.6,0.59,0.59,95.4,2.15,276.81,0.08,64.12,10.5,15.94,28.35,13.93,25.5
1985,179,0.6,0.59,0.59,95.33,1.79,99.25,0.11,62.25,10.07,15.52,29.61,13.34,29.22
1985,180,0.59,0.59,0.59,95.28,1.73,158.5,0.56,57.31,10.44,15.66,32.76,13.87,27.39
1985,181,0.59,0.58,0.57,95.27,1.81,193.06,0.0,51.75,10.68,18.69,35.16,14.12,21.43
1985,182,0.59,0.58,0.56,95.15,1.81,207.88,0.0,48.31,10.86,20.51,36.09,14.25,24.68
1985,183,0.59,0.57,0.55,94.84,1.43,226.06,0.0,46.19,10.8,20.68,37.75,14.06,23.84
1985,184,0.58,0.57,0.55,95.03,1.37,106.81,0.0,53.44,11.47,19.62,37.27,15.12,24.33
1985,185,0.58,0.56,0.54,95.16,1.2,220.88,0.0,46.56,10.8,19.65,37.44,14.18,24.37
1985,186,0.57,0.56,0.53,95.31,1.48,150.56,0.0,45.31,9.77,19.93,36.8,12.71,22.29
1985,187,0.57,0.55,0.52,95.49,2.09,64.44,0.0,52.75,10.07,19.31,31.69,13.28,25.08
1985,188,0.56,0.55,0.5,95.65,1.66,87.88,0.0,45.44,8.67,18.65,33.31,10.94,27.38
1985,189,0.56,0.55,0.49,95.43,1.49,188.75,0.0,45.56,9.7,17.98,35.88,12.51,24.47
1985,190,0.56,0.55,0.47,95.02,2.96,260.5,0.0,49.19,11.05,20.36,37.58,14.5,23.46
1985,191,0.55,0.55,0.47,95.13,2.15,254.38,0.0,54.31,10.19,18.34,32.37,13.44,26.78
1985,192,0.55,0.54,0.46,95.27,1.76,114.0,0.0,47.62,8.91,18.24,32.58,11.31,25.87
1985,193,0.55,0.54,0.45,95.35,1.96,162.06,0.0,49.75,9.77,18.23,34.26,12.87,25.21
1985,194,0.55,0.54,0.45,95.48,1.86,81.06,0.0,49.69,9.46,18.16,33.27,12.26,26.64
1985,195,0.55,0.53,0.44,95.41,1.91,92.62,0.0,44.69,8.42,17.73,34.12,10.5,26.2
1985,196,0.55,0.53,0.43,95.34,1.57,138.69,0.0,40.5,8.06,17.17,36.24,9.73,26.11
1985,197,0.54,0.53,0.42,95.27,1.77,199.0,0.0,37.06,8.36,18.92,36.15,10.34,26.05
1985,198,0.54,0.52,0.41,95.28,1.86,242.88,0.02,43.06,9.7,20.65,36.13,12.49,23.6
1985,199,0.54,0.52,0.42,95.14,1.73,174.12,1.04,47.69,10.44,21.05,35.93,13.58,23.07
1985,200,0.54,0.52,0.44,95.05,1.52,196.5,2.3,48.19,10.86,20.8,35.85,14.32,24.68
1985,201,0.54,0.52,0.43,95.12,1.54,176.94,0.01,48.19,10.93,21.08,36.42,14.37,24.61
1985,202,0.53,0.52,0.42,95.59,2.02,71.88,0.0,51.94,10.8,19.2,34.4,14.35,24.48
1985,203,0.53,0.52,0.41,95.79,1.8,67.5,0.0,54.31,10.07,18.45,33.1,13.25,26.64
1985,204,0.53,0.52,0.41,95.63,1.95,179.38,0.0,51.0,9.89,18.65,32.99,13.0,25.35
1985,205,0.53,0.52,0.4,95.44,1.93,157.44,0.0,53.12,10.25,17.72,34.29,13.58,25.32
1985,206,0.52,0.52,0.39,95.22,1.77,135.81,0.0,43.5,8.73,18.03,35.58,10.92,26.31
1985,207,0.52,0.52,0.38,95.01,2.07,184.31,0.0,39.44,9.28,20.11,37.63,11.98,24.51
1985,208,0.52,0.51,0.38,95.02,1.8,175.0,0.0,41.25,9.77,21.08,36.48,12.71,25.81
1985,209,0.52,0.51,0.37,95.05,1.85,226.62,0.0,40.25,9.52,21.41,37.31,12.2,25.97
1985,210,0.52,0.51,0.36,94.99,2.21,231.38,0.0,36.0,8.73,22.26,38.55,10.94,24.56
1985,211,0.52,0.5,0.35,94.72,1.58,215.75,0.0,35.19,8.91,22.71,38.4,11.16,24.51
1985,212,0.52,0.5,0.35,94.74,2.39,194.69,0.01,47.62,10.19,20.08,37.27,12.87,24.17
1985,213,0.52,0.5,0.34,94.82,2.52,178.88,0.05,53.75,10.86,19.9,37.48,13.86,23.5
1985,214,0.51,0.5,0.35,95.48,2.66,69.06,0.01,63.19,11.23,18.37,29.3,14.99,24.87
1985,215,0.51,0.5,0.35,95.35,1.77,187.0,0.0,53.38,10.86,16.76,36.09,14.48,26.34
1985,216,0.51,0.5,0.34,95.3,1.8,224.25,0.0,42.44,9.77,20.94,36.43,12.6,27.71
1985,217,0.51,0.49,0.34,94.88,1.53,209.88,0.0,30.19,7.81,20.79,40.41,9.21,27.36
1985,218,0.51,0.49,0.34,94.86,4.51,305.88,0.0,55.38,10.62,16.89,28.74,14.01,25.7
1985,219,0.5,0.49,0.34,95.38,2.55,205.81,0.0,56.75,8.24,14.5,26.92,10.38,28.32
1985,220,0.5,0.49,0.34,95.2,1.52,155.75,0.0,47.75,7.93,13.06,32.92,9.62,27.18
1985,221,0.5,0.49,0.33,94.93,2.33,201.06,0.02,45.0,8.91,18.3,34.71,11.38,23.85
1985,222,0.5,0.49,0.33,95.03,2.05,210.12,0.0,45.69,8.67,18.62,32.97,10.81,26.77
1985,223,0.5,0.48,0.33,95.05,1.67,120.06,0.01,45.88,9.58,17.53,37.43,12.3,26.43
1985,224,0.5,0.48,0.32,95.08,1.83,236.75,0.0,42.38,9.7,21.7,37.72,12.37,25.69
1985,225,0.49,0.48,0.32,95.21,2.01,179.81,0.0,47.69,10.62,20.74,34.98,14.01,26.44
1985,226,0.49,0.48,0.32,95.28,2.28,184.62,0.0,41.0,8.97,20.83,36.36,11.47,26.41
1985,227,0.49,0.48,0.31,95.28,1.85,92.38,0.0,34.0,6.96,20.32,36.37,7.44,27.17
1985,228,0.49,0.48,0.3,95.16,1.71,142.5,0.0,31.81,7.02,19.72,37.55,7.69,26.87
1985,229,0.49,0.48,0.3,95.21,2.1,292.31,0.19,49.19,10.01,20.07,33.4,12.96,26.45
1985,230,0.49,0.48,0.3,95.34,1.77,95.94,0.0,52.12,9.64,18.6,33.12,12.39,26.95
1985,231,0.49,0.48,0.3,95.3,1.87,122.62,0.0,44.25,8.97,18.48,35.37,11.41,26.79
1985,232,0.48,0.48,0.3,95.35,1.91,86.0,0.0,45.62,9.64,20.01,36.02,12.48,26.63
1985,233,0.48,0.48,0.3,95.42,1.8,92.38,0.0,44.62,9.58,19.51,37.34,12.3,25.85
1985,234,0.48,0.48,0.29,95.48,1.96,138.81,0.0,44.12,9.64,21.48,35.93,12.6,25.38
1985,235,0.48,0.48,0.29,95.42,1.75,62.06,0.0,46.31,9.64,20.55,35.3,12.48,25.17
1985,236,0.48,0.48,0.28,95.07,1.7,202.88,0.01,39.94,9.22,19.8,37.62,11.82,20.84
1985,237,0.48,0.47,0.28,94.92,3.54,235.19,0.01,38.88,9.09,21.34,36.39,11.5,21.44
1985,238,0.48,0.47,0.29,95.47,3.24,111.69,0.6,66.94,11.78,17.83,27.96,15.73,17.36
1985,239,0.48,0.48,0.3,95.8,2.73,41.88,0.06,59.5,8.91,15.37,27.05,11.51,21.57
1985,240,0.48,0.47,0.29,95.58,2.12,86.69,0.0,57.62,8.24,14.16,27.89,10.21,22.52
1985,241,0.48,0.47,0.29,95.43,1.95,189.69,0.0,53.88,8.06,15.01,29.33,9.73,22.75
1985,242,0.48,0.47,0.29,95.63,1.79,204.19,0.0,57.19,8.54,15.72,28.7,10.67,21.33
1985,243,0.48,0.47,0.29,95.6,1.63,156.38,0.0,51.56,7.51,14.19,31.52,8.31,22.81
1985,244,0.48,0.47,0.28,95.36,1.91,197.88,0.0,41.88,7.08,15.24,33.84,7.77,24.13
1985,245,0.48,0.47,0.27,95.31,1.73,184.81,0.0,36.94,7.39,17.47,35.44,8.44,24.96
1985,246,0.48,0.47,0.27,95.43,1.96,200.88,0.0,35.31,7.75,19.84,36.5,9.01,24.07
1985,247,0.48,0.47,0.27,95.68,2.2,91.06,0.0,53.94,10.5,18.02,32.61,13.92,23.57
1985,248,0.48,0.47,0.27,95.68,2.09,60.62,0.0,62.12,10.44,16.51,31.62,13.93,21.66
1985,249,0.48,0.47,0.27,95.56,1.97,152.06,0.0,56.19,9.28,17.64,30.26,12.0,21.6
1985,250,0.48,0.47,0.27,95.44,1.48,157.56,0.0,54.5,8.79,16.45,32.25,10.76,21.85
1985,251,0.48,0.47,0.27,95.27,2.28,284.0,0.0,57.44,9.46,16.22,31.54,12.27,21.05
1985,252,0.47,0.46,0.27,95.12,1.82,198.62,0.0,51.81,8.06,16.33,30.8,9.51,20.9
1985,253,0.47,0.46,0.27,95.27,1.86,101.31,0.0,43.19,7.08,15.51,33.25,7.77,20.84
1985,254,0.47,0.46,0.26,95.55,1.58,179.38,0.0,40.0,7.51,17.15,34.23,8.77,21.03
1985,255,0.47,0.46,0.25,95.48,2.09,235.06,0.0,49.88,8.97,17.41,31.76,11.3,20.26
1985,256,0.47,0.46,0.25,95.41,2.09,322.88,0.07,68.0,10.56,16.13,28.9,13.88,18.72
1985,257,0.47,0.46,0.25,95.38,1.77,258.94,0.08,64.69,10.25,16.45,27.9,13.4,21.68
1985,258,0.47,0.46,0.27,95.15,1.94,188.75,0.82,64.19,10.31,17.25,28.44,13.62,17.35
1985,259,0.48,0.47,0.4,95.19,2.57,269.56,7.0,73.06,9.83,14.5,21.65,12.95,8.67
1985,260,0.48,0.48,0.48,95.43,2.77,278.31,3.13,73.0,10.01,15.01,23.45,13.19,8.54
1985,261,0.48,0.49,0.55,95.41,1.38,66.06,8.76,71.19,10.07,15.05,24.23,13.32,16.24
1985,262,0.49,0.5,0.52,95.39,1.94,186.12,3.59,71.19,10.44,16.02,24.93,13.91,14.46
1985,263,0.49,0.5,0.5,95.44,1.8,224.62,2.45,71.31,11.05,15.63,28.12,14.65,18.14
1985,264,0.49,0.49,0.48,95.48,1.52,113.31,0.05,71.56,10.31,15.65,27.05,13.62,19.6
1985,265,0.49,0.49,0.47,95.37,1.86,90.62,0.16,67.44,9.64,14.53,28.23,12.4,19.79
1985,266,0.49,0.49,0.48,95.36,1.4,97.5,1.03,69.31,10.5,14.08,28.63,13.83,18.46
1985,267,0.49,0.49,0.5,95.31,1.21,186.69,3.2,72.19,11.23,15.94,26.4,14.96,12.01
1985,268,0.49,0.5,0.55,95.34,1.44,208.19,8.77,76.38,11.66,16.37,25.44,15.56,14.63
1985,269,0.5,0.51,0.52,95.48,1.19,158.69,1.8,71.56,11.35,15.95,26.41,15.15,16.84
1985,270,0.5,0.51,0.49,95.61,1.17,123.31,0.07,64.31,10.62,16.95,27.91,14.15,14.6
1985,271,0.5,0.5,0.48,95.62,1.62,206.19,0.38,57.5,9.7,17.23,29.15,12.67,14.75
1985,272,0.51,0.52,0.57,95.8,1.16,128.0,13.78,70.31,10.93,16.64,26.34,14.66,16.03
1985,273,0.51,0.52,0.51,95.94,1.72,110.94,0.0,64.38,9.03,14.35,28.18,11.58,19.87
1985,274,0.51,0.52,0.48,95.94,1.19,161.75,0.0,55.62,8.24,13.34,29.48,10.17,19.03
1985,275,0.51,0.51,0.48,95.98,1.61,243.75,0.11,55.25,8.54,14.73,29.24,10.94,18.83
1985,276,0.51,0.51,0.48,95.84,1.96,228.69,0.0,49.19,7.26,13.97,29.05,8.48,18.02
1985,277,0.5,0.5,0.48,95.4,2.06,205.44,0.08,43.0,6.9,13.66,30.65,7.41,18.25
1985,278,0.5,0.5,0.48,95.21,1.88,213.5,0.57,55.12,8.79,15.23,28.64,11.11,16.62
1985,279,0.51,0.51,0.54,95.41,1.48,209.44,7.76,74.75,10.68,16.23,23.48,14.2,11.82
1985,280,0.51,0.52,0.52,95.65,1.27,89.31,1.6,75.44,10.07,15.4,22.78,13.3,13.22
1985,281,0.51,0.51,0.51,95.5,1.86,294.06,2.56,76.94,9.95,14.78,22.89,13.19,12.84
1985,282,0.52,0.52,0.57,95.32,1.06,155.69,10.66,77.44,9.95,14.8,22.5,13.12,13.94
1985,283,0.53,0.54,0.6,95.8,1.53,44.0,10.02,83.38,10.01,13.44,20.65,13.37,15.4
1985,284,0.53,0.54,0.53,96.14,1.35,133.25,0.19,77.25,9.7,12.74,25.65,12.93,17.5
1985,285,0.53,0.53,0.52,96.09,1.47,96.75,0.0,75.44,9.58,12.01,25.98,12.7,17.3
1985,286,0.53,0.53,0.51,95.83,1.63,209.62,0.03,77.12,9.64,13.12,24.51,12.73,15.53
1985,287,0.52,0.53,0.51,95.82,1.53,77.0,0.04,75.69,9.46,13.7,23.99,12.37,12.5
1985,288,0.52,0.52,0.51,95.84,1.03,81.25,0.01,69.12,8.54,13.74,24.48,10.67,16.04
1985,289,0.52,0.52,0.5,95.58,1.91,288.31,0.0,65.06,7.75,11.08,24.37,9.33,16.55
1985,290,0.52,0.52,0.5,95.72,2.06,148.88,0.09,75.56,8.97,11.3,22.83,11.55,14.35
1985,291,0.52,0.52,0.5,95.62,1.86,209.81,0.09,67.0,7.57,9.89,23.73,9.12,16.11
1985,292,0.52,0.52,0.5,95.19,1.24,197.5,0.1,62.19,7.2,11.12,23.94,8.29,16.09
1985,293,0.52,0.52,0.5,95.23,1.51,237.19,0.2,66.56,7.93,12.82,22.37,9.7,15.65
1985,294,0.52,0.52,0.51,95.63,1.81,314.81,1.51,80.0,8.67,11.96,20.29,11.06,11.53
1985,295,0.52,0.52,0.5,95.81,1.46,261.44,0.18,71.19,7.57,11.31,20.77,9.01,13.46
1985,296,0.52,0.52,0.5,95.56,1.55,186.19,0.07,69.38,7.32,10.13,21.25,8.44,15.13
1985,297,0.52,0.52,0.5,95.41,1.22,177.75,0.22,71.56,7.75,11.41,20.98,9.32,13.31
1985,298,0.52,0.52,0.49,95.51,1.73,210.44,0.28,61.12,6.9,9.9,23.79,7.66,14.59
1985,299,0.52,0.52,0.51,95.37,3.45,201.06,2.33,62.31,7.57,12.38,25.46,9.02,12.09
1985,300,0.52,0.52,0.55,94.98,2.58,198.31,7.63,73.69,8.24,12.44,20.65,10.28,10.41
1985,301,0.52,0.53,0.55,94.73,1.73,218.0,3.91,67.06,7.57,11.27,22.48,8.94,13.31
1985,302,0.52,0.53,0.52,94.5,1.65,267.19,0.98,71.5,7.63,11.02,21.65,8.89,9.18
1985,303,0.52,0.53,0.53,94.88,1.8,290.38,1.87,84.44,9.22,11.48,20.13,11.93,11.35
1985,304,0.52,0.53,0.52,94.85,2.21,215.62,0.31,67.38,7.45,9.9,24.1,8.68,13.51
1985,305,0.52,0.52,0.51,94.79,3.16,226.75,0.54,55.88,6.77,12.51,25.94,7.19,14.12
1985,306,0.52,0.52,0.51,94.77,1.95,285.44,0.03,77.56,8.91,12.17,21.98,11.36,13.15
1985,307,0.52,0.52,0.51,94.63,2.58,270.38,0.13,75.12,8.79,12.79,21.99,11.12,10.24
1985,308,0.52,0.52,0.51,95.07,2.05,257.81,0.01,71.25,7.87,11.8,20.15,9.5,11.31
1985,309,0.52,0.52,0.5,95.09,2.4,257.81,0.01,66.88,8.36,10.92,24.81,10.32,9.97
1985,310,0.52,0.52,0.5,94.9,4.38,279.19,0.42,80.69,10.68,13.85,22.25,14.08,5.81
1985,311,0.52,0.52,0.52,94.87,4.76,300.5,2.15,83.44,10.56,13.97,21.08,13.98,5.89
1985,312,0.52,0.52,0.51,95.48,1.24,255.69,0.08,73.88,8.91,11.93,23.36,11.57,12.93
1985,313,0.52,0.52,0.5,95.52,1.69,228.69,0.0,61.44,7.87,11.97,27.62,9.66,13.59
1985,314,0.52,0.52,0.5,95.19,2.41,222.19,0.0,63.5,7.93,12.24,27.65,9.77,13.44
1985,315,0.52,0.52,0.49,94.8,2.03,231.12,0.0,54.25,6.35,11.41,26.23,6.28,13.24
1985,316,0.52,0.52,0.49,94.52,2.96,222.5,0.01,57.06,6.53,10.65,24.51,6.51,11.91
1985,317,0.52,0.52,0.49,95.19,1.67,254.0,0.32,71.56,7.75,11.45,20.68,9.22,11.16
1985,318,0.52,0.52,0.51,95.51,2.42,62.25,1.44,87.88,8.85,11.58,17.79,11.44,5.3
1985,319,0.52,0.52,0.5,95.15,1.54,148.31,0.2,73.75,8.12,9.68,24.57,10.02,8.71
1985,320,0.52,0.52,0.5,95.05,1.67,205.62,0.82,72.62,8.06,12.42,19.05,9.84,4.69
1985,321,0.52,0.52,0.53,95.1,1.56,257.12,9.43,82.0,8.18,11.28,17.92,10.17,10.44
1985,322,0.54,0.55,0.61,94.67,1.56,308.31,10.1,83.0,7.02,8.1,13.7,7.77,4.35
1985,323,0.55,0.55,0.62,94.31,2.15,248.12,17.04,85.75,6.29,5.17,11.59,6.04,8.98
1985,324,0.55,0.58,0.59,94.72,3.23,267.38,0.94,71.5,4.64,2.89,12.98,1.73,11.28
1985,325,0.55,0.57,0.57,94.98,1.89,276.94,2.77,77.81,5.43,3.88,13.29,4.15,9.8
1985,326,0.56,0.57,0.58,95.09,2.14,285.06,2.0,84.19,5.74,5.19,12.01,5.02,5.48
1985,327,0.56,0.57,0.58,95.07,2.16,287.44,2.23,86.31,5.62,4.26,11.04,4.66,5.08
1985,328,0.56,0.57,0.57,94.79,0.86,241.38,0.51,77.81,5.68,5.69,13.8,4.68,10.19
1985,329,0.56,0.57,0.56,94.35,2.47,219.31,0.04,71.88,5.55,5.45,15.38,4.33,10.02
1985,330,0.56,0.57,0.58,93.92,3.18,236.12,3.56,76.06,6.29,7.39,15.17,5.97,5.7
1985,331,0.56,0.57,0.57,94.1,2.89,249.19,2.12,81.25,6.9,7.6,16.55,7.52,8.09
1985,332,0.57,0.58,0.6,95.01,2.17,309.0,5.32,89.88,6.9,6.86,12.41,7.59,2.59
1985,333,0.57,0.58,0.58,95.69,1.95,229.44,0.2,68.31,4.94,4.65,16.82,2.85,10.93
1985,334,0.57,0.58,0.57,95.7,2.72,219.69,0.0,70.62,5.62,5.04,19.48,4.66,11.37
1985,335,0.57,0.57,0.57,95.95,1.51,191.06,0.0,68.81,5.86,6.23,19.34,5.33,8.08
1985,336,0.57,0.57,0.56,96.29,1.39,143.0,0.0,65.0,5.68,7.69,20.02,4.97,11.1
1985,337,0.57,0.57,0.56,96.2,1.24,207.94,0.0,63.12,5.55,6.03,21.23,4.53,10.89
1985,338,0.56,0.57,0.56,96.11,2.12,212.94,0.0,73.06,5.86,5.49,19.65,5.48,11.04
1985,339,0.56,0.57,0.55,95.63,3.34,204.69,0.0,71.38,5.98,6.23,19.8,5.66,10.66
1985,340,0.56,0.56,0.56,95.49,1.54,282.56,0.38,90.38,6.35,5.87,11.52,6.55,3.92
1985,341,0.56,0.57,0.59,95.48,1.43,198.81,3.44,89.69,6.65,5.4,13.9,7.23,9.31
1985,342,0.57,0.57,0.56,94.97,2.18,206.31,0.0,76.69,5.55,4.45,17.32,4.5,10.35
1985,343,0.56,0.57,0.57,94.73,1.75,248.5,1.2,76.69,5.74,6.0,13.53,4.83,6.18
1985,344,0.57,0.58,0.61,94.97,1.72,290.12,10.35,91.38,6.65,6.16,11.18,7.05,6.0
1985,345,0.58,0.59,0.65,95.33,2.21,309.12,5.43,87.19,5.86,4.61,10.49,5.29,4.87
1985,346,0.59,0.59,0.62,95.57,2.15,326.0,3.0,90.69,6.1,4.48,10.15,5.9,4.42
1985,347,0.59,0.6,0.66,95.59,2.46,275.38,8.05,90.12,5.98,4.82,9.44,5.61,3.08
1985,348,0.59,0.61,0.64,95.78,1.6,20.94,1.01,85.94,5.62,4.58,11.49,4.75,7.25
1985,349,0.59,0.6,0.62,96.04,1.7,288.5,0.45,84.81,5.62,5.12,11.57,4.86,4.74
1985,350,0.59,0.6,0.62,96.02,2.26,322.31,0.61,86.19,6.35,6.34,12.08,6.52,7.9
1985,351,0.59,0.6,0.62,95.93,1.7,287.25,0.01,87.44,6.71,5.47,14.71,7.33,10.59
1985,352,0.59,0.6,0.61,95.63,1.23,256.69,0.0,66.69,4.88,3.73,16.47,2.76,9.94
1985,353,0.59,0.59,0.61,95.56,2.32,287.44,0.04,78.06,6.16,6.46,15.26,5.93,9.94
1985,354,0.59,0.59,0.6,95.87,2.34,317.19,0.05,81.38,6.16,6.56,12.75,6.09,7.02
1985,355,0.59,0.59,0.6,96.14,1.09,207.12,0.0,74.75,4.82,3.51,13.21,2.65,10.27
1985,356,0.59,0.59,0.6,95.83,1.43,248.5,0.0,63.19,3.97,1.32,15.87,-0.31,10.44
1985,357,0.59,0.59,0.6,95.58,2.7,268.06,1.56,78.19,5.31,2.76,14.09,3.8,6.05
1985,358,0.59,0.59,0.61,95.51,2.36,265.25,1.04,79.38,5.19,4.94,11.67,3.55,9.65
1985,359,0.59,0.59,0.6,95.31,2.47,240.94,0.15,84.81,7.02,6.35,17.8,7.98,10.33
1985,360,0.59,0.59,0.6,95.2,2.32,252.44,0.7,85.56,7.51,7.98,16.37,8.85,8.18
1985,361,0.59,0.59,0.6,94.94,1.54,215.44,0.01,80.69,6.84,6.55,18.08,7.53,9.51
1985,362,0.59,0.59,0.59,94.42,4.63,198.75,0.07,62.19,5.37,7.33,18.7,3.9,4.55
1985,363,0.59,0.59,0.59,94.03,4.39,187.0,1.01,63.19,5.19,7.04,14.91,3.39,2.63
1985,364,0.59,0.59,0.59,94.14,3.06,237.75,0.82,71.88,5.68,6.74,16.01,4.62,9.18
1985,365,0.59,0.59,0.61,94.37,3.14,258.88,3.59,83.75,5.86,5.68,11.51,5.05,5.85
1986,1,0.59,0.6,0.64,94.59,4.89,282.62,5.24,77.88,5.49,6.42,11.34,4.27,5.81
1986,2,0.59,0.6,0.62,94.73,2.83,245.56,0.52,81.25,6.84,6.41,16.65,7.39,9.82
1986,3,0.59,0.6,0.63,94.62,1.66,242.44,4.06,91.0,7.32,7.73,12.73,8.48,6.64
1986,4,0.6,0.61,0.66,94.89,1.89,296.81,5.51,87.31,6.16,6.47,11.23,5.98,6.14
1986,5,0.6,0.61,0.65,95.08,2.15,278.12,2.09,81.25,5.19,3.91,10.78,3.51,7.9
1986,6,0.61,0.62,0.66,94.88,5.27,285.94,4.59,76.19,4.94,5.11,9.37,2.71,6.09
1986,7,0.61,0.62,0.65,95.09,2.61,276.75,0.89,76.94,5.07,3.38,12.31,3.17,9.51
1986,8,0.61,0.61,0.64,94.61,3.87,244.56,2.8,72.5,4.76,3.25,12.06,1.98,6.01
1986,9,0.61,0.62,0.67,95.09,3.92,301.75,5.69,86.81,5.8,5.62,10.07,5.11,4.14
1986,10,0.62,0.64,0.73,95.9,4.23,330.38,15.16,93.62,6.29,5.71,9.01,6.4,2.0
1986,11,0.62,0.64,0.69,96.34,2.21,297.75,1.0,80.25,5.55,4.28,13.94,4.66,10.56
1986,12,0.63,0.64,0.69,95.97,2.83,302.12,3.22,88.88,6.16,3.87,12.52,5.94,4.73
1986,13,0.64,0.66,0.73,96.26,3.77,320.88,11.55,87.19,5.86,5.48,10.01,5.47,5.4
1986,14,0.64,0.66,0.7,96.17,2.68,285.25,1.59,90.44,6.1,3.75,11.07,5.94,11.51
1986,15,0.64,0.65,0.69,95.61,2.9,276.62,0.02,82.56,5.74,2.93,15.78,4.94,12.07
1986,16,0.65,0.66,0.73,95.32,3.46,304.5,11.01,88.75,5.86,4.23,10.38,5.19,4.73
1986,17,0.66,0.67,0.73,95.52,2.22,320.62,6.3,86.44,5.0,2.97,8.89,3.07,3.5
1986,18,0.66,0.68,0.75,96.34,2.56,321.0,7.93,91.75,5.31,2.33,7.9,4.08,4.56
1986,19,0.66,0.68,0.71,96.46,1.45,251.5,0.12,73.5,4.64,2.8,14.14,2.17,12.59
1986,20,0.66,0.67,0.7,95.87,2.23,275.0,0.01,75.25,4.88,1.55,15.13,2.44,12.5
1986,21,0.66,0.67,0.7,95.71,1.08,231.62,0.12,78.81,5.74,6.56,14.5,5.01,11.8
1986,22,0.66,0.66,0.7,95.61,2.17,271.88,0.45,85.44,5.62,3.09,12.23,4.76,9.37
1986,23,0.66,0.66,0.7,95.5,2.15,281.56,0.35,81.5,5.31,4.51,12.44,3.88,11.06
1986,24,0.66,0.66,0.7,95.12,4.41,276.25,0.41,84.88,5.86,2.65,13.83,5.15,10.86
1986,25,0.66,0.66,0.7,95.61,2.93,316.75,0.33,79.06,4.76,2.37,9.31,2.4,6.58
1986,26,0.66,0.66,0.71,95.65,1.34,158.81,4.01,86.88,4.52,1.65,6.83,1.73,6.3
1986,27,0.66,0.66,0.71,95.26,3.03,284.5,1.46,84.62,5.0,1.86,10.98,3.0,9.87
1986,28,0.66,0.66,0.7,95.08,1.55,224.31,0.29,73.56,4.88,5.12,12.58,2.6,11.93
1986,29,0.66,0.66,0.7,94.2,3.99,218.62,0.73,75.94,4.64,3.66,9.87,1.84,7.73
1986,30,0.66,0.66,0.71,93.18,5.3,216.81,4.12,78.0,5.37,3.22,13.92,3.78,9.49
1986,31,0.66,0.67,0.73,92.94,4.09,234.94,3.78,68.69,4.03,1.7,8.77,-0.43,9.1
1986,32,0.66,0.67,0.7,93.52,3.93,228.06,0.26,75.62,3.91,-0.22,9.41,-0.55,11.23
1986,33,0.66,0.66,0.7,93.94,3.22,224.44,0.04,76.12,4.27,-0.35,11.8,0.69,11.3
1986,34,0.66,0.66,0.7,93.83,2.56,207.0,1.98,64.88,3.91,1.3,13.53,-0.74,8.15
1986,35,0.66,0.66,0.7,94.17,2.16,279.75,0.4,80.25,4.88,2.67,11.23,2.52,10.27
1986,36,0.66,0.67,0.72,94.01,3.12,253.69,5.49,83.44,4.76,1.64,10.0,2.2,8.59
1986,37,0.66,0.67,0.73,94.32,3.03,292.94,3.95,86.94,5.07,2.84,9.06,3.1,8.86
1986,38,0.66,0.68,0.72,94.64,2.25,275.31,2.32,86.75,4.7,1.4,7.93,2.11,10.3
1986,39,0.67,0.68,0.73,93.85,3.71,238.94,5.82,91.69,4.94,-0.46,6.5,2.61,3.79
1986,40,0.68,0.69,0.75,94.39,3.45,308.88,7.34,86.69,4.64,0.49,7.38,1.78,4.99
1986,41,0.68,0.7,0.76,94.86,1.87,307.81,7.52,88.19,4.58,0.23,7.48,1.8,7.29
1986,42,0.69,0.7,0.75,95.1,2.33,311.44,3.2,84.5,4.33,1.02,7.5,0.94,9.1
1986,43,0.69,0.7,0.73,95.27,2.48,301.31,1.55,83.25,4.46,1.32,8.46,1.44,8.17
1986,44,0.69,0.7,0.73,95.25,1.78,257.94,0.2,69.62,4.09,0.89,13.33,0.15,14.58
1986,45,0.69,0.7,0.73,94.66,3.28,225.62,0.42,66.25,5.19,3.39,17.55,3.24,10.14
1986,46,0.69,0.7,0.73,94.28,6.77,272.94,3.33,76.5,5.92,6.05,12.25,5.18,11.08
1986,47,0.69,0.7,0.73,94.45,2.65,265.38,0.11,84.0,6.84,4.23,16.1,7.26,6.64
1986,48,0.69,0.69,0.73,93.82,2.12,209.88,2.49,84.25,7.63,8.3,17.67,8.94,12.04
1986,49,0.69,0.7,0.73,93.67,1.36,217.44,0.7,80.25,6.59,6.85,16.56,6.68,9.58
1986,50,0.68,0.69,0.72,94.38,3.77,270.62,0.38,77.75,5.49,4.1,13.77,4.31,7.81
1986,51,0.68,0.69,0.72,94.7,2.11,251.19,0.17,83.5,5.86,2.49,14.75,5.1,10.33
1986,52,0.68,0.69,0.74,94.3,3.42,245.81,7.27,81.25,6.71,6.93,16.48,7.09,8.85
1986,53,0.69,0.7,0.73,94.85,3.77,289.81,1.29,82.56,5.98,4.19,12.31,5.53,9.13
1986,54,0.69,0.7,0.73,95.17,2.23,262.38,0.0,77.5,6.41,2.81,18.65,6.51,16.61
1986,55,0.68,0.69,0.72,94.73,2.19,255.38,0.0,70.5,6.59,6.15,21.67,6.83,16.94
1986,56,0.68,0.69,0.71,94.56,2.62,288.56,0.3,74.12,6.47,6.69,17.61,6.48,15.0
1986,57,0.68,0.68,0.71,94.82,0.98,170.75,0.15,77.0,6.84,6.98,19.4,7.4,16.13
1986,58,0.67,0.68,0.71,94.79,1.57,211.12,0.22,68.88,6.96,9.02,22.69,7.73,15.93
1986,59,0.67,0.67,0.7,94.22,3.91,168.31,0.01,56.0,6.04,7.95,23.39,5.46,11.54
1986,60,0.66,0.67,0.7,93.58,5.34,203.12,0.03,58.25,6.29,10.6,19.65,6.04,15.27
1986,61,0.66,0.66,0.7,94.62,2.24,276.06,0.23,74.44,7.26,8.37,20.31,8.26,14.5
1986,62,0.66,0.66,0.7,94.98,1.6,212.06,0.09,74.44,6.71,7.51,18.99,7.23,17.47
1986,63,0.66,0.66,0.69,94.93,1.41,185.25,0.05,73.25,6.71,7.83,21.1,7.19,10.82
1986,64,0.66,0.66,0.69,94.48,1.58,95.94,0.22,73.5,7.02,8.24,20.63,7.7,8.5
1986,65,0.66,0.66,0.76,93.69,1.51,163.94,18.88,92.88,7.57,8.86,11.23,8.83,8.89
1986,66,0.7,0.73,0.85,94.52,4.58,327.31,36.23,92.12,6.71,6.91,9.91,7.16,4.04
1986,67,0.71,0.73,0.77,94.64,1.23,158.56,4.53,72.06,5.62,6.19,17.08,4.56,13.24
1986,68,0.71,0.73,0.78,94.82,2.5,287.25,5.43,89.5,5.86,4.24,9.61,5.23,5.61
1986,69,0.72,0.73,0.77,94.93,1.89,269.31,1.58,73.81,5.13,4.09,13.02,3.43,13.22
1986,70,0.72,0.73,0.78,95.02,2.18,302.31,8.85,84.44,5.74,5.33,10.8,4.99,9.69
1986,71,0.72,0.73,0.77,95.3,2.32,277.81,2.34,78.56,5.43,4.15,11.99,4.19,10.25
1986,72,0.72,0.73,0.76,95.01,2.21,228.44,1.47,60.12,4.64,3.35,18.75,1.77,16.73
1986,73,0.73,0.74,0.8,95.26,1.23,275.94,10.95,77.44,5.31,4.19,14.37,3.9,11.77
1986,74,0.73,0.75,0.8,95.33,1.6,341.5,9.13,89.25,5.86,5.04,9.08,5.41,9.56
1986,75,0.73,0.75,0.78,95.33,1.41,170.62,2.26,84.75,6.23,5.01,14.71,6.22,9.57
1986,76,0.73,0.74,0.77,95.47,1.3,200.75,0.06,71.38,5.68,3.6,18.93,4.85,17.8
1986,77,0.73,0.74,0.77,95.32,2.38,264.94,0.66,72.69,6.29,6.98,18.23,6.17,16.79
1986,78,0.73,0.74,0.79,95.41,1.16,179.88,8.08,88.75,7.2,7.12,13.89,8.33,19.66
1986,79,0.74,0.77,0.82,95.43,1.56,228.0,16.08,91.19,6.77,7.08,10.94,7.45,9.14
1986,80,0.75,0.77,0.8,95.83,2.41,328.56,3.85,87.5,5.98,5.18,10.76,5.75,5.81
1986,81,0.75,0.77,0.79,95.81,3.54,309.62,1.16,81.75,4.94,2.29,10.24,3.04,9.22
1986,82,0.75,0.77,0.78,95.87,2.52,310.19,0.39,78.19,5.07,2.49,12.16,3.36,15.29
1986,83,0.75,0.76,0.77,95.22,2.86,237.5,0.0,62.5,5.74,3.95,20.59,4.69,22.01
1986,84,0.74,0.75,0.77,94.44,3.0,275.5,1.41,72.06,6.77,6.77,18.39,7.09,17.02
1986,85,0.74,0.76,0.79,95.05,2.77,321.5,3.57,87.19,5.98,5.26,9.77,5.55,8.36
1986,86,0.74,0.76,0.78,95.85,1.98,303.69,1.91,73.88,5.13,3.1,14.58,3.37,22.47
1986,87,0.74,0.75,0.77,95.7,1.52,212.94,0.0,64.75,5.55,3.01,20.83,4.38,22.74
1986,88,0.74,0.74,0.77,95.71,1.97,306.94,0.06,73.0,6.35,6.76,19.08,6.37,22.15
1986,89,0.74,0.75,0.78,95.81,1.63,225.75,4.29,79.81,6.9,8.24,16.5,7.74,21.16
1986,90,0.73,0.74,0.77,95.65,1.69,223.75,0.0,76.38,6.47,5.13,19.88,6.69,23.43
1986,91,0.73,0.73,0.76,95.21,2.16,219.62,0.0,60.38,6.29,6.37,23.86,6.15,22.59
1986,92,0.73,0.73,0.75,94.69,2.05,216.25,0.0,54.06,6.53,9.89,25.96,6.56,22.53
1986,93,0.73,0.73,0.75,94.23,3.02,282.88,0.46,71.19,6.9,9.1,19.15,7.31,15.55
1986,94,0.72,0.73,0.76,94.7,2.51,241.69,1.18,86.94,7.26,7.55,14.61,8.37,12.7
1986,95,0.72,0.72,0.74,94.66,2.15,192.5,0.03,67.81,6.84,6.58,23.4,7.49,23.46
1986,96,0.71,0.72,0.73,94.15,3.34,178.56,0.08,58.81,6.65,9.9,24.2,6.82,13.87
1986,97,0.71,0.71,0.74,94.37,1.74,197.75,1.7,73.69,7.39,8.39,20.39,8.43,21.31
1986,98,0.72,0.73,0.78,94.65,2.53,282.31,14.01,69.06,5.49,5.24,17.32,4.12,17.59
1986,99,0.72,0.73,0.75,94.83,2.58,265.81,0.0,64.69,4.64,2.51,15.43,1.78,20.63
1986,100,0.71,0.72,0.74,94.39,1.29,167.81,0.0,67.75,5.92,5.62,19.82,5.15,22.06
1986,101,0.71,0.72,0.75,94.3,2.37,196.38,2.15,85.06,6.59,5.83,14.54,6.84,9.69
1986,102,0.71,0.72,0.75,94.33,3.02,265.38,3.42,73.88,5.92,4.56,18.5,5.26,21.01
1986,103,0.71,0.72,0.76,94.75,2.7,319.12,3.0,78.75,5.25,4.01,11.08,3.61,13.4
1986,104,0.71,0.72,0.74,94.52,2.39,193.0,0.0,65.81,5.13,1.94,19.55,3.16,21.26
1986,105,0.71,0.71,0.73,94.32,2.45,278.81,0.46,65.38,6.35,7.08,20.57,5.95,20.36
1986,106,0.7,0.7,0.73,94.91,1.63,204.94,0.0,71.31,6.71,8.62,19.03,7.09,21.22
1986,107,0.7,0.7,0.73,94.68,1.47,178.62,0.0,75.19,7.51,8.87,22.58,8.81,22.48
1986,108,0.7,0.7,0.73,94.57,2.0,253.69,0.94,84.5,6.84,7.45,13.44,7.52,13.51
1986,109,0.7,0.7,0.73,95.09,3.69,292.69,1.74,72.56,5.25,4.49,14.07,3.65,27.22
1986,110,0.7,0.7,0.73,95.52,2.48,268.25,0.01,71.5,5.8,3.49,17.71,4.97,21.89
1986,111,0.69,0.7,0.71,95.23,2.53,212.69,0.0,62.56,5.98,4.93,22.01,5.55,25.37
1986,112,0.69,0.69,0.7,94.88,3.01,217.19,0.0,48.31,5.62,8.31,24.55,4.26,25.7
1986,113,0.68,0.68,0.7,94.87,1.41,165.81,0.0,59.38,6.41,7.69,25.26,6.17,24.82
1986,114,0.67,0.67,0.69,95.0,1.08,154.31,0.0,66.25,7.51,10.22,25.74,8.67,25.46
1986,115,0.67,0.66,0.68,94.74,1.75,237.25,0.0,62.5,7.32,9.58,27.75,8.36,24.83
1986,116,0.66,0.66,0.69,94.84,2.53,254.69,3.45,72.88,7.02,8.25,18.44,7.94,15.83
1986,117,0.67,0.67,0.7,94.69,3.66,281.81,3.7,78.38,5.98,5.53,12.83,5.56,17.88
1986,118,0.67,0.67,0.7,94.7,3.08,276.81,2.25,77.31,5.92,3.65,16.44,5.22,15.66
1986,119,0.67,0.67,0.7,94.9,3.77,295.69,1.98,80.38,6.29,4.44,14.84,6.28,10.03
1986,120,0.66,0.67,0.69,95.1,4.24,307.31,0.98,78.44,6.71,7.35,16.58,7.27,13.99
1986,121,0.66,0.66,0.68,95.13,2.09,242.38,0.07,76.44,7.14,5.76,20.26,8.12,23.16
1986,122,0.66,0.66,0.67,94.74,2.02,201.69,0.27,63.62,7.51,7.33,24.65,8.73,21.08
1986,123,0.66,0.66,0.67,94.47,2.28,280.44,0.94,64.5,7.69,11.41,25.32,9.05,18.14
1986,124,0.66,0.66,0.71,94.61,2.09,328.38,9.09,83.0,8.18,9.35,18.1,10.15,12.86
1986,125,0.66,0.66,0.67,94.95,2.02,253.12,0.05,65.88,6.53,8.75,20.72,6.69,24.04
1986,126,0.66,0.66,0.66,94.93,1.96,214.81,0.0,62.94,7.69,8.0,25.69,9.08,26.0
1986,127,0.65,0.65,0.66,95.08,1.51,209.88,0.02,62.62,8.3,12.61,25.23,10.23,21.15
1986,128,0.65,0.65,0.66,95.42,1.72,110.75,0.95,68.0,8.97,12.95,25.85,11.59,24.87
1986,129,0.65,0.64,0.66,95.74,1.91,78.44,0.82,69.0,8.18,11.5,23.13,10.23,25.4
1986,130,0.64,0.64,0.64,95.75,1.78,148.38,0.0,57.25,6.59,10.46,24.32,7.1,25.93
1986,131,0.64,0.63,0.64,95.6,1.71,82.88,0.0,61.5,7.02,9.94,24.93,7.87,26.52
1986,132,0.63,0.62,0.63,95.31,1.74,174.38,0.0,60.81,7.81,10.05,27.48,9.51,25.6
1986,133,0.63,0.62,0.62,95.09,1.83,227.75,0.11,52.38,8.12,13.01,29.69,9.99,25.47
1986,134,0.62,0.62,0.62,95.12,1.99,234.19,0.95,57.12,8.48,14.28,28.53,10.71,25.18
1986,135,0.62,0.62,0.62,95.23,1.23,202.81,0.09,60.81,9.52,15.9,27.8,12.4,25.65
1986,136,0.62,0.61,0.61,95.23,1.73,205.94,0.0,52.81,9.16,14.8,32.25,11.68,26.52
1986,137,0.61,0.6,0.59,95.32,2.19,201.5,0.0,48.12,8.48,16.26,32.04,10.62,24.04
1986,138,0.61,0.6,0.59,95.48,2.2,98.12,0.0,54.69,9.34,16.04,30.69,12.19,27.19
1986,139,0.6,0.59,0.59,95.39,1.89,219.0,0.0,54.62,9.52,14.83,31.68,12.48,25.89
1986,140,0.6,0.59,0.58,95.15,2.16,229.75,0.0,48.69,9.09,16.17,32.9,11.66,26.26
1986,141,0.59,0.59,0.58,95.28,2.16,280.56,0.01,53.25,9.28,16.67,30.57,11.9,25.62
1986,142,0.59,0.58,0.57,95.52,1.57,145.5,0.0,57.12,10.56,17.27,33.09,14.05,24.2
1986,143,0.59,0.58,0.57,95.53,2.13,222.06,0.0,60.31,11.05,18.17,34.02,14.59,20.78
1986,144,0.59,0.57,0.57,95.71,1.82,224.94,0.0,63.0,9.95,16.64,28.01,13.2,26.99
1986,145,0.58,0.57,0.56,95.66,1.76,177.25,0.0,53.81,8.67,15.84,29.65,11.04,27.15
1986,146,0.58,0.56,0.55,95.48,1.82,163.0,0.0,52.56,8.91,15.14,32.78,11.44,27.21
1986,147,0.57,0.56,0.55,95.31,2.59,240.56,0.13,56.12,10.19,17.41,33.14,13.49,18.46
1986,148,0.57,0.56,0.57,95.18,1.94,254.94,2.36,66.44,11.29,17.18,29.31,15.08,22.75
1986,149,0.57,0.56,0.56,95.06,2.41,145.62,0.71,67.06,10.07,15.12,28.63,13.24,26.64
1986,150,0.57,0.56,0.56,95.35,3.12,27.69,0.47,69.5,7.69,11.46,17.59,9.23,6.48
1986,151,0.56,0.56,0.56,95.35,2.29,30.06,0.23,68.06,6.9,10.57,20.04,7.72,15.17
1986,152,0.57,0.57,0.62,95.21,1.83,84.88,9.73,72.94,8.73,10.45,24.61,11.16,23.13
1986,153,0.57,0.57,0.58,95.1,1.83,120.5,1.24,66.0,9.16,12.16,28.96,11.93,24.81
1986,154,0.57,0.57,0.59,95.08,2.14,65.38,3.81,67.88,9.46,13.12,26.98,12.38,27.66
1986,155,0.57,0.57,0.58,94.85,1.97,46.19,1.22,66.0,9.4,13.18,27.73,12.25,26.54
1986,156,0.57,0.57,0.58,94.42,1.8,164.0,1.46,66.19,9.34,13.37,27.05,12.08,26.17
1986,157,0.57,0.56,0.57,94.32,2.62,176.31,1.68,64.0,8.97,13.3,27.94,11.4,25.59
1986,158,0.56,0.56,0.57,94.88,2.58,22.75,0.3,67.94,7.75,11.74,21.62,9.3,9.75
1986,159,0.56,0.56,0.56,95.49,2.15,148.38,0.01,64.25,7.2,10.83,22.58,8.37,27.67
1986,160,0.56,0.55,0.55,95.53,1.8,89.31,0.0,58.0,6.71,10.05,26.01,7.21,29.16
1986,161,0.55,0.55,0.55,95.24,2.11,160.25,0.0,57.56,7.39,10.16,27.73,8.69,28.7
1986,162,0.55,0.55,0.54,95.28,1.7,170.06,0.0,50.75,6.71,12.39,28.08,6.93,28.3
1986,163,0.55,0.55,0.53,95.12,2.55,243.25,0.0,53.88,7.75,13.22,28.62,9.25,29.11
1986,164,0.55,0.54,0.53,95.07,2.78,313.69,0.0,64.75,7.57,11.16,23.03,9.0,23.25
1986,165,0.55,0.54,0.52,95.04,2.18,312.12,0.0,67.69,8.36,10.4,24.62,10.44,28.87
1986,166,0.55,0.54,0.52,94.97,1.96,173.62,0.09,60.69,8.67,12.31,28.18,11.05,29.2
1986,167,0.55,0.53,0.51,95.02,1.91,44.31,0.22,66.38,9.77,14.05,28.88,12.89,28.19
1986,168,0.54,0.53,0.5,95.14,1.86,177.38,0.01,63.81,9.4,14.12,27.5,12.25,27.73
1986,169,0.54,0.53,0.48,95.26,2.02,196.81,0.0,58.62,8.54,13.73,27.55,10.87,28.72
1986,170,0.54,0.53,0.48,95.07,1.59,180.75,0.03,47.44,7.81,14.59,30.34,9.36,29.46
1986,171,0.54,0.52,0.48,94.92,1.62,196.75,1.76,48.0,9.7,19.7,32.47,12.62,24.01
1986,172,0.53,0.52,0.46,94.86,1.77,120.12,0.01,40.56,8.67,18.59,36.37,10.89,27.93
1986,173,0.53,0.52,0.45,95.14,1.71,146.25,0.18,52.69,9.77,17.56,33.68,12.65,29.27
1986,174,0.53,0.52,0.43,95.16,2.14,194.5,0.13,50.5,10.25,18.31,33.98,13.58,26.14
1986,175,0.53,0.52,0.42,95.2,1.69,209.44,0.0,47.0,10.56,20.9,36.3,13.91,23.92
1986,176,0.52,0.52,0.41,95.25,1.98,164.69,0.12,42.06,10.01,21.12,38.46,13.01,25.36
1986,177,0.52,0.51,0.4,95.34,1.62,127.44,0.0,34.19,8.3,21.34,39.79,10.08,24.06
1986,178,0.52,0.51,0.38,95.42,2.04,213.88,0.01,31.06,8.06,23.08,38.65,9.82,22.65
1986,179,0.52,0.51,0.37,95.3,2.05,203.81,0.0,31.31,7.93,21.53,38.83,9.52,25.51
1986,180,0.52,0.51,0.37,95.06,2.11,251.81,0.01,41.62,9.89,21.83,35.91,12.79,24.82
1986,181,0.52,0.5,0.37,95.1,2.17,191.44,0.12,52.62,10.62,18.83,33.8,14.08,22.26
1986,182,0.52,0.5,0.37,95.35,2.56,250.12,0.07,67.31,11.35,17.51,28.84,15.12,21.72
1986,183,0.52,0.5,0.37,95.31,1.69,186.94,0.35,56.06,10.56,16.24,33.59,13.99,26.98
1986,184,0.51,0.5,0.37,95.25,2.42,230.12,0.24,49.25,10.56,20.42,33.52,13.99,21.06
1986,185,0.51,0.5,0.37,95.44,2.25,207.81,0.24,60.12,11.6,19.23,31.98,15.48,23.54
1986,186,0.51,0.5,0.37,95.41,1.81,92.06,0.09,57.31,10.5,17.45,32.4,13.83,26.41
1986,187,0.51,0.5,0.36,95.07,2.04,207.62,0.0,44.44,9.16,17.54,36.97,11.44,27.93
1986,188,0.51,0.49,0.35,95.16,2.27,211.69,0.0,47.19,9.52,18.06,33.37,12.39,26.09
1986,189,0.51,0.49,0.35,95.36,1.9,219.19,0.01,50.5,8.91,17.11,32.15,11.24,27.11
1986,190,0.5,0.49,0.34,95.28,2.15,182.19,0.0,41.94,8.54,18.69,37.37,10.69,26.98
1986,191,0.5,0.49,0.34,95.39,2.03,77.69,0.0,52.31,9.64,17.01,34.78,12.62,27.94
1986,192,0.5,0.49,0.34,95.26,1.97,139.62,0.0,49.12,9.28,18.49,33.98,12.01,25.28
1986,193,0.5,0.48,0.34,95.0,1.84,161.0,0.0,43.5,8.48,18.01,34.47,10.52,25.76
1986,194,0.5,0.48,0.34,94.83,2.38,286.75,0.83,63.88,11.47,18.9,31.31,15.19,19.4
1986,195,0.5,0.48,0.35,95.11,3.22,332.69,0.45,65.31,10.31,15.69,26.98,13.55,23.46
1986,196,0.5,0.48,0.35,95.37,2.64,245.88,0.03,62.5,9.46,15.69,27.29,12.33,24.17
1986,197,0.49,0.48,0.34,95.54,1.97,166.5,0.0,60.56,9.52,14.98,29.78,12.38,22.78
1986,198,0.49,0.48,0.34,95.45,2.0,150.94,0.18,55.31,9.77,16.3,32.78,12.83,26.29
1986,199,0.49,0.48,0.34,95.24,2.06,63.62,0.05,51.56,9.22,16.93,32.08,11.9,26.1
1986,200,0.49,0.48,0.34,95.16,2.97,243.94,0.29,62.56,9.89,15.66,27.49,13.01,23.22
1986,201,0.49,0.48,0.36,95.2,3.76,312.75,1.11,62.75,8.54,14.07,25.69,10.65,24.09
1986,202,0.49,0.48,0.35,95.25,2.31,271.94,0.0,56.19,8.12,12.97,28.26,9.92,25.69
1986,203,0.49,0.48,0.34,95.24,1.88,192.44,0.0,40.5,6.65,13.76,33.38,6.77,24.93
1986,204,0.49,0.48,0.33,95.14,2.15,215.94,0.0,28.75,6.47,18.0,38.37,6.5,23.59
1986,205,0.48,0.48,0.31,95.28,2.67,209.19,0.0,26.88,6.47,21.02,39.07,6.45,22.46
1986,206,0.48,0.48,0.3,95.27,1.84,190.81,0.0,30.5,7.51,21.01,40.13,8.74,22.99
1986,207,0.48,0.48,0.3,95.07,2.72,210.06,0.0,35.81,7.81,19.73,38.46,8.79,22.02
1986,208,0.48,0.48,0.3,95.35,2.18,86.06,0.0,56.38,10.68,18.28,33.87,14.11,23.73
1986,209,0.48,0.48,0.3,95.4,1.63,186.88,0.0,41.25,8.97,18.87,38.63,11.28,22.66
1986,210,0.48,0.47,0.29,95.38,1.83,182.0,0.0,33.19,7.51,20.88,39.45,8.34,23.16
1986,211,0.48,0.47,0.28,95.17,1.9,194.0,0.0,31.25,7.51,21.68,39.22,8.52,22.33
1986,212,0.48,0.47,0.28,95.03,1.49,191.56,0.01,28.44,7.2,22.5,39.64,8.01,21.69
1986,213,0.48,0.47,0.27,95.3,2.01,229.25,0.14,32.25,8.18,22.4,38.5,9.87,22.95
1986,214,0.48,0.47,0.27,95.4,1.82,215.38,0.01,34.81,9.09,23.42,38.27,11.63,24.83
1986,215,0.48,0.47,0.27,95.05,2.14,204.5,0.0,33.81,8.67,22.33,37.91,10.84,27.71
1986,216,0.48,0.47,0.28,95.1,1.94,213.38,0.37,37.75,9.22,22.27,34.09,11.8,24.62
1986,217,0.48,0.47,0.3,95.47,1.7,217.12,0.75,52.81,11.29,20.67,33.3,15.08,25.45
1986,218,0.48,0.47,0.3,95.52,2.24,40.12,0.06,56.12,10.8,18.8,32.12,14.26,23.78
1986,219,0.48,0.47,0.3,95.24,2.01,239.19,0.0,50.88,9.03,17.44,31.53,11.44,26.9
1986,220,0.48,0.47,0.29,95.15,2.01,180.5,0.0,41.12,7.39,16.44,34.12,8.19,26.9
1986,221,0.48,0.46,0.27,95.2,2.05,197.12,0.03,33.12,7.57,18.68,37.58,8.88,25.5
1986,222,0.48,0.46,0.28,95.35,1.81,175.31,0.66,35.94,8.97,22.84,36.44,11.53,22.43
1986,223,0.47,0.46,0.28,95.21,2.42,249.12,0.5,37.81,9.52,22.72,38.75,12.22,23.4
1986,224,0.47,0.46,0.29,95.19,2.33,176.5,0.19,46.69,11.11,22.95,34.4,14.67,18.46
1986,225,0.47,0.46,0.29,95.06,2.01,218.12,0.49,41.12,10.19,22.51,35.33,13.31,18.38
1986,226,0.47,0.46,0.28,95.1,2.36,206.0,0.0,38.56,9.34,22.47,38.27,11.9,23.79
1986,227,0.47,0.46,0.27,95.12,1.95,181.19,0.0,41.12,9.46,21.98,36.63,12.15,26.47
1986,228,0.47,0.46,0.26,95.19,1.84,171.75,0.0,32.5,7.75,21.12,39.43,9.08,26.05
1986,229,0.47,0.46,0.25,95.2,2.1,205.69,0.0,27.12,6.84,22.3,39.37,7.48,25.32
1986,230,0.47,0.46,0.23,94.97,2.44,230.06,0.0,27.0,7.57,24.19,40.59,8.78,20.72
1986,231,0.47,0.46,0.23,95.13,2.03,228.25,0.0,34.62,8.61,23.37,38.05,10.85,23.98
1986,232,0.47,0.46,0.23,95.44,2.05,168.06,0.0,43.56,9.34,20.19,34.23,12.08,24.6
1986,233,0.47,0.46,0.23,95.39,2.12,73.0,0.0,47.0,9.28,19.42,34.3,11.93,25.45
1986,234,0.47,0.46,0.22,95.06,2.25,206.94,0.0,28.75,5.98,18.53,38.74,5.05,24.47
1986,235,0.47,0.46,0.21,94.76,2.73,262.88,0.0,31.0,7.69,21.92,38.48,8.69,23.39
1986,236,0.47,0.46,0.21,95.05,2.41,196.06,0.0,49.44,10.68,20.6,35.89,13.8,23.06
1986,237,0.47,0.46,0.21,95.3,2.77,62.5,0.0,58.31,11.17,19.53,33.02,14.9,22.84
1986,238,0.47,0.46,0.2,94.87,2.41,201.94,0.0,44.44,9.52,19.11,36.44,12.22,21.43
1986,239,0.47,0.46,0.2,94.69,1.89,223.12,0.0,41.75,9.16,21.18,36.15,11.4,23.44
1986,240,0.47,0.46,0.2,94.69,2.41,210.31,0.0,42.81,9.4,20.25,37.35,11.42,21.18
1986,241,0.47,0.46,0.23,95.13,3.09,63.69,1.69,62.19,12.02,19.28,32.12,15.95,21.46
1986,242,0.47,0.46,0.27,95.35,3.87,63.12,0.58,58.5,10.44,18.01,32.71,13.91,18.74
1986,243,0.47,0.46,0.28,95.14,2.13,88.5,1.06,61.25,11.6,17.92,32.76,15.4,16.61
1986,244,0.47,0.46,0.31,95.49,2.84,149.44,1.05,67.56,11.96,17.15,28.92,15.89,16.1
1986,245,0.47,0.46,0.31,95.74,2.36,249.06,0.0,59.62,8.54,15.23,27.09,10.63,22.46
1986,246,0.47,0.46,0.3,95.48,2.0,173.31,0.0,52.75,8.0,13.53,31.44,9.63,23.66
1986,247,0.47,0.46,0.28,95.52,1.85,131.75,0.0,53.38,8.18,15.5,30.33,9.85,22.86
1986,248,0.47,0.46,0.27,95.6,1.98,171.44,0.0,47.25,8.12,16.66,31.93,10.01,23.3
1986,249,0.47,0.46,0.26,95.55,1.77,74.06,0.0,49.38,7.57,15.81,31.67,7.99,23.04
1986,250,0.47,0.46,0.25,95.31,2.03,185.88,0.0,51.12,8.42,15.96,31.39,10.31,22.0
1986,251,0.47,0.46,0.26,95.04,1.6,190.44,0.88,46.75,8.91,16.9,32.75,11.33,17.19
1986,252,0.47,0.46,0.29,94.89,2.56,275.12,2.45,56.88,10.31,18.26,29.98,13.49,18.72
1986,253,0.47,0.47,0.36,94.99,2.73,238.69,0.56,68.62,10.5,16.26,25.94,13.88,12.88
1986,254,0.47,0.47,0.34,95.01,1.34,167.0,0.0,54.88,9.09,14.36,31.3,11.55,21.67
1986,255,0.47,0.47,0.37,95.01,2.51,247.19,1.88,64.06,10.8,18.37,24.91,14.28,8.36
1986,256,0.47,0.47,0.38,95.4,2.05,227.31,0.3,68.94,10.93,17.01,28.26,14.57,18.88
1986,257,0.47,0.47,0.35,95.3,1.34,178.06,0.05,56.94,9.95,15.54,32.53,12.97,19.93
1986,258,0.47,0.47,0.33,95.1,1.93,224.38,0.19,46.5,9.89,19.68,33.85,13.08,19.18
1986,259,0.47,0.46,0.3,94.99,1.69,214.5,0.05,42.88,9.7,20.22,35.69,12.65,20.5
1986,260,0.47,0.46,0.28,95.04,2.24,183.19,0.01,38.12,8.91,22.31,35.95,11.46,19.95
1986,261,0.47,0.46,0.27,95.28,1.76,134.38,0.0,36.5,8.48,21.12,36.11,10.75,20.67
1986,262,0.47,0.46,0.25,95.72,1.96,139.94,0.0,33.31,8.24,22.37,38.01,10.38,19.22
1986,263,0.47,0.46,0.23,96.05,2.47,281.38,0.0,50.12,10.5,20.24,32.48,13.65,18.95
1986,264,0.47,0.46,0.23,95.8,2.84,312.81,0.0,69.94,11.84,18.03,28.8,15.78,17.12
1986,265,0.47,0.46,0.23,95.69,2.4,120.62,0.0,64.75,9.89,16.83,26.85,12.92,18.77
1986,266,0.47,0.46,0.23,95.63,1.55,178.38,0.0,46.12,7.08,14.41,30.39,7.73,19.38
1986,267,0.47,0.46,0.23,95.3,2.68,264.19,0.11,43.5,8.06,18.27,35.19,9.18,18.59
1986,268,0.47,0.46,0.22,95.17,2.36,323.44,0.08,65.12,10.38,17.61,28.41,13.33,17.06
1986,269,0.47,0.46,0.22,95.06,2.25,307.69,0.11,65.69,9.83,16.94,25.69,12.84,14.69
1986,270,0.47,0.46,0.22,95.24,1.41,207.5,0.11,69.0,9.7,15.73,23.7,12.76,15.18
1986,271,0.47,0.46,0.29,95.53,1.77,18.25,3.23,72.31,10.13,16.1,23.4,13.48,8.23
1986,272,0.48,0.48,0.49,95.35,1.88,46.12,11.93,79.88,10.62,14.92,22.57,14.19,10.79
1986,273,0.49,0.51,0.59,94.84,1.95,120.75,15.31,78.81,11.72,16.69,23.23,15.47,13.96
1986,274,0.5,0.52,0.52,95.03,1.74,193.38,3.57,63.62,10.44,15.62,29.68,13.67,15.31
1986,275,0.5,0.52,0.52,95.33,1.37,121.31,3.95,58.75,10.01,16.37,31.69,12.94,17.31
1986,276,0.5,0.51,0.49,95.42,2.39,166.5,0.4,59.31,10.13,18.63,30.26,13.44,13.41
1986,277,0.5,0.51,0.48,95.21,2.24,166.62,0.01,55.0,9.83,16.47,32.38,12.8,16.47
1986,278,0.5,0.5,0.49,95.43,1.16,110.75,2.65,62.44,10.86,18.32,30.12,14.27,14.33
1986,279,0.5,0.51,0.52,95.64,1.12,48.31,3.36,76.75,11.84,17.87,24.12,15.87,13.69
1986,280,0.51,0.51,0.52,95.56,0.84,93.88,3.18,76.62,11.35,16.52,23.75,15.25,15.45
1986,281,0.51,0.51,0.51,95.42,1.44,289.5,1.59,76.5,10.62,15.2,24.66,14.16,9.28
1986,282,0.51,0.51,0.51,95.31,0.99,173.19,1.59,83.06,11.11,15.8,21.39,14.87,13.73
1986,283,0.51,0.51,0.5,95.2,1.25,223.44,1.62,69.5,10.01,13.99,26.24,13.22,17.22
1986,284,0.51,0.52,0.52,95.36,1.42,216.75,3.24,73.5,10.8,15.54,25.22,14.41,12.99
1986,285,0.51,0.52,0.5,95.35,1.63,186.44,0.77,62.5,9.7,15.04,27.93,12.72,15.54
1986,286,0.51,0.51,0.49,95.48,1.48,211.38,1.23,62.0,9.77,16.9,28.17,12.82,5.68
1986,287,0.51,0.51,0.51,95.51,1.9,200.56,1.79,66.94,9.16,14.69,24.17,11.93,7.7
1986,288,0.51,0.51,0.5,95.35,1.69,227.69,1.2,65.06,8.79,12.85,25.28,11.27,12.89
1986,289,0.51,0.51,0.49,95.37,1.54,178.0,0.75,70.62,9.22,13.65,24.18,11.9,14.43
1986,290,0.51,0.51,0.49,95.29,1.23,215.69,1.05,74.5,9.46,12.61,24.3,12.33,14.08
1986,291,0.51,0.51,0.5,95.01,1.36,212.44,2.3,75.81,9.46,12.55,23.57,12.22,15.09
1986,292,0.51,0.52,0.52,95.2,1.37,288.44,3.66,80.94,9.77,13.21,21.25,12.83,5.93
1986,293,0.52,0.52,0.5,95.58,1.79,282.25,0.19,76.75,8.91,12.21,23.39,11.33,16.8
1986,294,0.51,0.52,0.49,95.78,1.91,303.75,0.08,79.81,9.34,11.45,22.69,12.18,14.64
1986,295,0.51,0.51,0.48,95.59,1.76,238.62,0.0,65.25,8.06,10.43,26.15,9.74,14.65
1986,296,0.51,0.51,0.48,95.07,2.58,275.12,1.92,63.38,8.73,14.22,27.19,10.81,14.46
1986,297,0.52,0.53,0.58,95.34,2.28,49.0,11.1,79.38,8.79,11.01,18.7,11.18,7.97
1986,298,0.52,0.53,0.52,95.39,2.19,228.19,2.48,82.81,8.67,9.47,18.38,11.06,3.39
1986,299,0.53,0.54,0.56,95.8,2.66,337.75,5.65,82.12,8.85,11.96,19.03,11.39,5.85
1986,300,0.53,0.54,0.54,95.85,3.88,329.94,3.37,75.25,6.96,10.47,15.44,7.83,9.89
1986,301,0.54,0.55,0.59,95.54,3.61,345.12,9.65,75.81,6.9,9.83,14.42,7.66,3.72
1986,302,0.54,0.55,0.59,95.48,2.95,339.06,5.07,82.12,7.69,8.36,17.24,9.3,11.26
1986,303,0.55,0.56,0.62,95.39,2.41,322.94,10.11,87.69,9.16,12.11,17.96,11.96,6.35
1986,304,0.55,0.57,0.6,95.38,2.14,322.75,4.97,85.25,8.67,11.28,17.09,11.06,9.32
1986,305,0.55,0.57,0.57,95.44,1.07,232.88,0.42,69.19,6.9,9.65,21.08,7.56,14.29
1986,306,0.55,0.56,0.56,95.26,2.82,267.06,3.83,73.31,7.32,7.9,21.64,8.35,13.98
1986,307,0.56,0.57,0.58,95.32,4.06,311.44,1.81,72.19,6.35,8.72,15.81,6.36,6.78
1986,308,0.56,0.57,0.6,95.54,3.23,326.56,6.2,80.88,7.32,9.58,16.02,8.63,5.94
1986,309,0.57,0.58,0.62,95.77,2.49,324.94,5.85,80.25,6.65,8.08,14.13,7.23,6.79
1986,310,0.57,0.58,0.6,96.19,2.16,320.44,2.91,77.62,6.53,8.98,14.55,7.01,10.25
1986,311,0.57,0.58,0.59,96.11,1.52,233.5,0.97,80.06,7.39,8.9,17.19,8.81,5.36
1986,312,0.57,0.58,0.58,95.6,1.52,203.44,0.0,66.5,6.1,6.67,20.56,5.73,13.91
1986,313,0.57,0.58,0.57,95.65,1.07,153.38,0.0,61.75,5.37,7.16,20.15,3.93,12.78
1986,314,0.57,0.57,0.57,95.81,1.05,179.69,0.0,62.56,5.49,5.65,21.12,4.22,12.56
1986,315,0.57,0.57,0.56,95.82,1.91,209.5,0.0,61.81,5.8,6.65,22.09,5.24,11.61
1986,316,0.57,0.57,0.56,95.74,1.33,240.56,0.0,70.81,6.71,7.62,20.7,7.38,11.3
1986,317,0.56,0.57,0.55,95.53,1.26,196.75,0.0,70.62,6.77,9.58,20.26,7.34,11.88
1986,318,0.56,0.56,0.55,95.26,2.71,202.88,0.0,65.62,6.1,7.82,20.94,5.87,12.01
1986,319,0.56,0.56,0.55,95.14,2.36,195.81,0.0,58.94,6.04,9.3,22.11,5.6,12.11
1986,320,0.56,0.56,0.55,95.16,1.88,149.94,0.02,65.31,6.65,9.46,20.87,7.1,5.75
1986,321,0.56,0.56,0.56,94.98,1.64,96.5,1.97,84.31,7.87,9.83,16.92,9.61,5.81
1986,322,0.56,0.57,0.62,95.31,1.47,63.38,7.61,91.31,7.87,9.4,14.84,9.65,5.68
1986,323,0.57,0.58,0.61,95.68,1.73,160.56,3.11,89.81,7.81,9.18,15.13,9.62,6.83
1986,324,0.57,0.58,0.6,95.67,1.49,317.88,2.5,85.38,7.39,8.87,15.33,8.77,6.18
1986,325,0.57,0.58,0.59,95.49,1.61,270.75,0.6,82.38,6.59,6.47,16.15,6.94,10.58
1986,326,0.57,0.58,0.59,95.28,1.72,272.75,1.7,85.31,7.2,7.61,16.22,8.26,7.84
1986,327,0.58,0.59,0.63,94.82,2.95,270.44,13.35,84.5,7.87,8.33,16.9,9.45,4.99
1986,328,0.6,0.62,0.75,94.94,5.01,328.62,26.15,82.69,6.16,7.3,10.7,6.04,4.59
1986,329,0.62,0.66,0.75,95.48,3.06,304.44,15.28,89.62,7.39,8.12,12.58,8.76,2.7
1986,330,0.63,0.66,0.71,95.8,1.77,235.12,4.29,91.5,8.12,9.19,15.98,10.19,5.28
1986,331,0.63,0.66,0.71,96.01,2.13,336.06,4.64,89.75,7.26,6.87,13.64,8.46,6.68
1986,332,0.63,0.65,0.69,95.91,1.21,221.0,0.02,79.25,5.98,5.61,15.05,5.69,10.96
1986,333,0.63,0.65,0.68,95.81,1.61,276.25,1.97,87.94,6.71,5.34,14.61,7.31,7.84
1986,334,0.64,0.65,0.7,95.96,1.09,240.25,1.73,85.94,6.47,6.84,12.83,6.88,9.59
1986,335,0.64,0.65,0.7,96.02,0.93,286.56,4.43,86.0,6.41,6.02,12.75,6.75,7.96
1986,336,0.64,0.66,0.7,96.3,1.12,190.0,3.41,87.44,6.53,6.78,12.98,7.12,9.2
1986,337,0.64,0.66,0.69,96.69,1.52,134.94,0.47,82.94,5.92,5.26,15.65,5.65,10.7
1986,338,0.64,0.65,0.69,96.72,1.05,167.88,0.03,72.25,5.31,3.84,16.21,4.08,11.11
1986,339,0.64,0.65,0.68,96.45,1.01,218.12,0.27,78.44,6.23,6.73,15.45,6.37,10.17
1986,340,0.64,0.65,0.68,96.15,1.22,209.38,0.01,79.69,5.8,4.02,14.98,5.23,11.02
1986,341,0.64,0.65,0.68,95.82,1.46,225.25,0.0,76.25,5.25,3.99,13.43,3.85,8.56
1986,342,0.64,0.65,0.68,95.47,1.48,240.69,0.0,69.69,4.94,4.39,15.92,2.93,10.96
1986,343,0.64,0.64,0.68,95.3,2.5,238.5,1.74,81.62,6.04,4.76,13.55,5.64,4.91
1986,344,0.64,0.65,0.71,95.39,1.86,273.69,7.87,94.69,6.96,5.76,11.05,7.72,5.74
1986,345,0.65,0.66,0.72,95.75,1.47,168.31,3.93,90.88,7.08,7.97,12.58,8.14,6.22
1986,346,0.65,0.66,0.71,95.9,1.28,312.75,3.24,91.88,7.14,7.25,13.13,8.28,7.02
1986,347,0.66,0.66,0.7,95.61,1.75,248.38,0.42,79.81,6.04,5.9,15.16,5.76,10.46
1986,348,0.66,0.66,0.72,95.13,2.76,223.0,8.11,84.31,5.98,5.45,11.64,5.58,3.08
1986,349,0.66,0.68,0.74,95.3,2.83,309.62,7.95,87.19,6.53,5.24,11.92,6.8,5.98
1986,350,0.66,0.68,0.73,95.62,1.82,309.0,3.48,88.56,6.53,4.85,14.41,6.9,6.86
1986,351,0.67,0.69,0.73,96.11,2.88,318.69,4.5,87.94,6.53,6.99,11.15,7.06,4.38
1986,352,0.67,0.69,0.73,96.37,1.98,302.12,0.96,86.75,6.04,4.74,12.87,5.97,8.67
1986,353,0.67,0.68,0.71,95.86,3.03,265.56,0.73,72.25,5.43,4.08,17.93,3.98,10.29
1986,354,0.67,0.69,0.73,95.85,2.56,296.25,4.84,88.06,6.59,5.87,13.77,7.13,10.59
1986,355,0.67,0.69,0.73,95.19,2.73,267.12,2.83,87.44,6.65,5.51,15.05,7.08,10.18
1986,356,0.69,0.7,0.77,94.83,2.59,330.62,10.01,91.25,6.16,3.66,9.76,5.85,2.52
1986,357,0.69,0.7,0.76,94.95,2.12,328.81,6.78,90.25,4.76,2.31,6.0,2.29,5.11
1986,358,0.7,0.72,0.79,94.96,4.51,318.25,15.49,92.94,4.64,1.59,4.58,1.94,0.7
1986,359,0.72,0.74,0.82,95.49,4.94,332.44,19.28,88.25,4.64,2.66,6.34,2.15,1.0
1986,360,0.73,0.75,0.8,95.48,4.5,295.06,4.38,94.31,6.23,3.48,9.01,6.06,1.65
1986,361,0.73,0.75,0.8,95.57,4.59,313.75,5.46,85.38,6.29,5.05,11.49,6.25,2.32
1986,362,0.73,0.75,0.79,96.15,2.9,333.06,4.86,86.94,5.37,4.4,9.14,4.24,4.67
1986,363,0.73,0.75,0.77,96.32,1.59,273.25,0.26,78.62,4.7,1.78,12.47,2.26,9.98
1986,364,0.73,0.75,0.77,95.97,1.84,258.19,0.0,73.69,4.33,0.12,14.23,1.07,10.74
1986,365,0.73,0.74,0.77,95.92,1.48,265.0,0.0,72.75,4.33,1.8,14.09,1.0,10.32
1987,1,0.73,0.74,0.77,95.95,1.43,265.38,0.02,72.25,4.52,1.4,14.4,1.43,10.62
1987,2,0.73,0.74,0.77,95.43,1.8,282.69,1.29,75.75,5.31,3.96,15.01,3.57,10.54
1987,3,0.73,0.75,0.81,94.98,2.62,317.44,12.83,92.69,6.23,5.31,9.35,6.17,1.48
1987,4,0.75,0.77,0.81,95.6,3.05,333.12,8.65,92.0,5.68,3.79,8.6,4.91,2.75
1987,5,0.75,0.77,0.79,96.12,1.52,284.75,0.46,75.81,4.58,2.09,11.19,1.76,10.51
1987,6,0.75,0.77,0.78,95.48,2.14,263.25,0.0,74.5,4.39,-0.29,14.76,0.85,11.11
1987,7,0.75,0.76,0.78,95.07,2.85,292.0,1.03,91.56,6.41,2.3,13.05,6.33,6.42
1987,8,0.75,0.76,0.78,95.43,2.75,331.0,0.28,80.31,4.46,0.75,8.71,1.37,5.24
1987,9,0.75,0.76,0.78,95.4,2.59,227.62,0.02,68.0,3.6,-0.46,12.14,-1.49,11.03
1987,10,0.74,0.76,0.77,93.7,8.52,219.5,0.57,70.94,4.58,3.17,9.98,1.41,3.27
1987,11,0.75,0.76,0.8,94.11,5.55,283.44,9.92,79.44,5.07,3.15,9.78,3.05,5.18
1987,12,0.75,0.77,0.79,94.71,3.36,232.19,0.62,72.19,4.52,1.32,13.36,1.46,10.38
1987,13,0.75,0.76,0.78,94.17,4.05,202.81,0.0,66.75,5.19,5.45,16.3,3.31,7.99
1987,14,0.75,0.76,0.77,93.75,6.41,243.88,0.32,65.25,3.97,1.08,12.14,-0.73,6.51
1987,15,0.74,0.75,0.78,94.26,3.78,251.81,1.35,75.44,3.6,0.01,6.01,-1.76,7.26
1987,16,0.74,0.76,0.78,94.4,1.62,272.25,2.09,87.19,4.33,1.2,5.71,0.94,5.72
1987,17,0.75,0.77,0.82,94.8,4.48,310.56,17.48,91.25,4.76,2.31,5.06,2.32,2.51
1987,18,0.77,0.78,0.82,95.1,5.3,308.19,5.05,88.19,4.82,3.12,5.81,2.55,2.3
1987,19,0.77,0.78,0.8,95.35,2.05,311.25,0.52,84.88,4.88,3.0,9.17,2.72,5.05
1987,20,0.77,0.78,0.8,95.55,1.09,142.44,0.13,79.12,4.52,1.33,11.65,1.65,11.75
1987,21,0.77,0.77,0.8,95.68,1.12,163.75,0.03,76.06,4.52,-0.07,13.46,1.68,10.2
1987,22,0.77,0.77,0.79,95.72,1.4,196.56,0.02,65.12,4.33,3.47,15.57,1.07,12.23
1987,23,0.76,0.77,0.79,95.8,1.43,253.94,0.01,72.88,4.82,3.35,13.03,2.46,10.64
1987,24,0.76,0.77,0.79,96.05,1.08,205.0,0.08,85.62,5.74,5.08,11.92,4.94,9.51
1987,25,0.76,0.77,0.79,96.28,0.89,100.5,0.08,82.75,5.68,3.3,14.51,4.97,12.66
1987,26,0.76,0.77,0.78,95.4,4.62,217.31,0.0,73.75,5.19,3.24,15.45,3.54,11.01
1987,27,0.76,0.77,0.78,94.86,2.84,226.62,0.0,70.12,6.29,7.26,19.08,6.05,9.51
1987,28,0.75,0.76,0.78,94.65,3.42,214.38,0.07,73.12,7.02,8.51,19.77,7.65,8.76
1987,29,0.75,0.76,0.78,94.03,2.99,209.56,0.07,70.5,5.8,5.19,15.51,4.79,8.34
1987,30,0.75,0.76,0.78,93.82,1.87,240.81,0.55,79.19,5.98,4.98,13.67,5.23,3.44
1987,31,0.75,0.77,0.8,94.61,2.11,299.81,7.75,93.31,6.53,4.94,10.71,6.77,6.23
1987,32,0.76,0.77,0.8,95.6,2.09,294.44,3.23,87.5,5.92,3.5,11.03,5.54,9.81
1987,33,0.76,0.77,0.79,95.26,2.34,212.31,0.0,77.5,5.43,2.18,15.28,4.16,14.31
1987,34,0.76,0.77,0.78,94.97,2.75,204.81,0.0,68.31,5.98,6.73,19.34,5.48,13.67
1987,35,0.76,0.77,0.78,94.79,1.88,220.44,0.95,74.06,5.92,4.69,17.9,5.12,12.91
1987,36,0.77,0.77,0.84,95.03,2.38,312.25,19.75,93.06,6.77,6.78,11.23,7.46,4.43
1987,37,0.78,0.8,0.86,95.79,3.12,335.62,16.51,91.56,6.53,6.58,11.02,7.03,4.86
1987,38,0.79,0.8,0.82,96.06,1.62,303.75,1.84,86.62,5.92,5.09,13.3,5.61,13.96
1987,39,0.79,0.8,0.81,96.07,2.2,292.44,0.49,87.56,6.16,4.36,14.43,6.19,9.71
1987,40,0.78,0.8,0.8,95.57,1.34,234.12,0.13,72.69,5.43,3.85,18.33,4.05,15.78
1987,41,0.78,0.79,0.8,94.68,2.13,230.06,0.3,72.0,5.43,4.62,16.2,4.14,12.93
1987,42,0.78,0.79,0.8,93.57,3.85,203.94,0.82,69.81,5.31,5.06,14.16,3.58,8.65
1987,43,0.78,0.8,0.84,92.68,3.41,235.94,12.82,89.94,5.98,5.54,8.05,5.16,3.15
1987,44,0.8,0.83,0.87,93.82,7.46,303.81,18.81,82.88,5.49,5.51,9.71,4.21,4.35
1987,45,0.8,0.83,0.84,94.53,3.55,300.94,3.15,91.19,6.35,5.52,10.84,6.3,5.24
1987,46,0.8,0.82,0.83,94.54,2.97,283.88,0.72,84.06,6.1,4.44,13.68,5.82,5.18
1987,47,0.8,0.82,0.83,94.52,3.94,290.0,1.21,83.31,5.31,2.08,9.4,3.72,9.37
1987,48,0.8,0.82,0.83,94.47,2.75,268.69,1.65,89.25,6.1,1.13,12.94,5.48,6.26
1987,49,0.8,0.82,0.84,94.22,2.91,211.0,4.61,87.62,6.41,5.89,13.11,6.43,13.85
1987,50,0.81,0.83,0.84,93.88,3.05,278.06,5.2,88.75,5.19,1.0,10.97,3.22,12.16
1987,51,0.81,0.83,0.84,94.36,3.2,245.94,3.77,82.75,4.03,-0.56,7.57,-0.06,13.42
1987,52,0.81,0.83,0.84,94.59,2.07,211.44,2.39,70.25,4.09,0.05,13.03,-0.06,8.93
1987,53,0.82,0.84,0.88,94.49,3.7,272.69,18.63,84.56,4.82,3.12,7.14,2.26,3.53
1987,54,0.84,0.86,0.88,95.09,3.64,317.38,10.9,87.88,4.88,2.36,7.79,2.74,4.45
1987,55,0.84,0.86,0.85,95.21,1.51,235.62,0.13,76.44,4.82,1.42,15.13,2.53,14.22
1987,56,0.84,0.85,0.86,94.91,2.46,225.12,9.7,77.75,6.23,4.78,18.94,5.91,7.92
1987,57,0.84,0.87,0.87,95.54,2.89,239.81,4.75,94.75,6.65,6.04,11.24,7.16,2.9
1987,58,0.84,0.86,0.85,96.18,1.19,311.75,0.19,76.19,5.49,5.8,15.3,4.48,16.96
1987,59,0.84,0.86,0.84,95.76,2.77,294.81,0.27,79.81,6.9,5.64,16.98,7.56,11.9
1987,60,0.84,0.85,0.84,95.75,3.01,309.44,0.81,88.62,7.39,6.49,15.03,8.73,14.07
1987,61,0.84,0.85,0.84,95.55,2.0,276.06,0.0,78.19,7.14,6.33,19.9,8.2,16.3
1987,62,0.84,0.84,0.84,95.0,3.77,304.75,0.0,83.06,6.96,5.93,15.22,7.69,7.83
1987,63,0.84,0.84,0.84,95.31,2.84,313.62,0.0,80.0,5.49,4.65,12.54,4.33,16.98
1987,64,0.83,0.84,0.84,95.41,1.72,201.0,0.0,76.5,5.55,3.09,16.14,4.44,18.28
1987,65,0.83,0.84,0.84,95.53,1.52,198.5,0.0,83.56,5.98,4.93,15.12,5.68,17.44
1987,66,0.83,0.84,0.84,95.34,1.67,204.81,0.0,77.75,5.92,3.83,17.64,5.52,18.42
1987,67,0.83,0.84,0.84,95.13,1.78,272.88,1.39,86.88,7.2,7.45,14.05,8.29,10.28
1987,68,0.83,0.84,0.84,94.84,1.84,260.56,2.73,91.5,7.75,8.06,13.22,9.3,7.97
1987,69,0.83,0.84,0.85,94.97,2.5,238.12,6.89,90.25,7.51,6.42,14.45,8.91,6.08
1987,70,0.83,0.84,0.84,95.14,1.12,151.88,0.76,83.06,6.65,5.78,14.95,7.17,14.43
1987,71,0.83,0.84,0.84,94.87,1.07,116.0,0.33,78.69,6.96,7.09,18.23,7.73,17.99
1987,72,0.83,0.84,0.84,94.73,2.4,221.62,0.51,78.31,6.59,7.08,17.79,6.9,15.33
1987,73,0.82,0.84,0.84,95.0,2.28,335.81,1.28,81.31,6.29,6.52,15.87,6.24,17.9
1987,74,0.82,0.84,0.84,95.2,2.12,143.94,0.11,81.5,5.31,4.15,11.62,3.93,11.03
1987,75,0.82,0.83,0.83,95.03,1.27,187.5,0.16,74.94,5.25,4.23,14.99,3.69,20.26
1987,76,0.82,0.83,0.83,94.89,1.16,83.75,0.26,76.94,5.31,4.08,12.71,3.81,16.76
1987,77,0.81,0.83,0.83,94.82,1.16,196.69,0.59,84.88,6.1,3.77,13.44,5.81,11.04
1987,78,0.81,0.82,0.83,94.55,2.05,242.62,1.16,77.62,6.53,5.09,17.05,6.73,17.87
1987,79,0.81,0.82,0.83,94.46,2.18,185.94,1.04,81.88,6.84,8.15,15.99,7.41,13.37
1987,80,0.81,0.82,0.83,94.66,1.52,50.44,0.78,85.44,6.53,6.92,13.62,6.8,5.4
1987,81,0.81,0.82,0.84,95.19,2.59,334.0,8.18,83.75,6.35,7.01,13.33,6.44,13.0
1987,82,0.81,0.83,0.84,95.8,2.19,326.5,2.84,75.25,5.31,4.77,13.97,3.95,21.43
1987,83,0.81,0.82,0.82,95.45,2.03,226.25,0.0,68.31,4.94,1.8,17.32,2.73,22.67
1987,84,0.8,0.81,0.82,94.99,2.32,229.31,0.0,54.81,5.0,4.48,21.64,2.88,22.7
1987,85,0.8,0.81,0.81,95.26,1.87,232.56,0.0,67.5,6.35,7.55,19.2,6.22,16.39
1987,86,0.8,0.8,0.81,95.55,1.77,245.81,0.01,80.25,7.57,7.44,19.65,8.99,22.23
1987,87,0.8,0.8,0.8,94.9,2.43,248.44,0.0,68.12,7.45,7.16,23.48,8.59,22.78
1987,88,0.8,0.8,0.83,94.68,4.33,307.81,8.47,78.56,6.23,5.76,13.73,5.92,11.74
1987,89,0.8,0.82,0.84,95.05,6.58,306.38,12.48,80.06,4.64,3.89,6.71,2.02,3.27
1987,90,0.81,0.82,0.84,95.22,5.52,318.0,6.51,77.19,4.7,3.53,9.55,2.21,4.8
1987,91,0.82,0.84,0.87,94.81,2.84,302.31,17.16,86.62,5.07,2.41,9.38,3.15,8.48
1987,92,0.82,0.84,0.84,94.26,2.42,228.25,0.43,73.12,5.49,0.23,16.46,4.01,18.43
1987,93,0.82,0.83,0.82,93.66,5.55,185.25,0.0,49.0,4.64,5.51,21.98,1.51,20.98
1987,94,0.81,0.82,0.82,94.31,1.79,138.81,0.02,66.12,6.1,6.77,19.2,5.3,22.27
1987,95,0.81,0.81,0.82,94.88,1.88,238.56,0.01,73.38,7.26,7.37,24.11,8.26,22.7
1987,96,0.8,0.81,0.82,95.27,1.46,188.5,0.0,71.62,8.06,9.55,23.33,9.83,23.66
1987,97,0.8,0.8,0.81,95.18,1.66,220.12,0.0,70.06,9.4,12.71,25.74,12.12,24.17
1987,98,0.8,0.8,0.8,94.98,1.62,230.38,0.03,65.5,9.09,13.6,26.08,11.62,15.71
1987,99,0.8,0.8,0.83,94.89,1.54,285.94,5.85,84.12,10.07,12.15,19.67,13.3,16.36
1987,100,0.8,0.8,0.81,95.15,2.16,289.38,0.72,80.56,7.51,8.8,15.85,8.88,14.8
1987,101,0.8,0.8,0.81,95.39,2.74,291.56,0.75,77.38,6.35,5.99,16.65,6.4,18.17
1987,102,0.79,0.8,0.81,95.34,2.74,283.19,2.78,76.88,6.47,4.54,17.32,6.56,16.81
1987,103,0.8,0.8,0.83,95.27,4.59,310.0,6.82,79.31,6.35,6.65,13.28,6.24,5.29
1987,104,0.8,0.81,0.83,95.49,3.96,320.81,7.51,82.69,5.86,6.19,11.32,5.39,10.01
1987,105,0.8,0.81,0.82,95.74,1.69,197.0,1.21,80.31,6.29,5.17,15.76,6.4,17.55
1987,106,0.8,0.8,0.81,95.86,1.62,64.56,0.0,74.75,6.29,5.98,17.13,6.41,23.99
1987,107,0.79,0.8,0.8,95.97,1.61,130.62,0.0,70.94,5.86,3.78,20.12,5.33,26.79
1987,108,0.79,0.79,0.8,95.86,1.67,200.56,0.0,64.44,6.65,6.3,22.96,7.12,26.4
1987,109,0.78,0.79,0.8,95.88,1.76,214.25,0.0,68.25,7.51,9.19,23.04,8.83,26.0
1987,110,0.77,0.78,0.79,95.6,1.77,204.0,0.0,67.44,7.93,9.58,24.96,9.64,26.75
1987,111,0.77,0.77,0.78,95.51,1.6,197.0,0.0,63.94,7.87,11.46,24.89,9.54,25.08
1987,112,0.77,0.77,0.78,95.49,1.43,181.62,0.0,71.69,8.73,10.8,25.65,11.1,20.37
1987,113,0.77,0.77,0.78,95.55,1.83,127.44,0.44,77.5,10.13,12.94,23.76,13.46,21.16
1987,114,0.76,0.76,0.77,95.3,2.38,202.38,0.02,75.0,10.01,13.32,24.42,13.21,21.35
1987,115,0.75,0.76,0.77,95.28,1.8,159.94,0.04,75.0,9.7,12.88,25.19,12.74,23.71
1987,116,0.75,0.75,0.77,95.4,1.79,199.81,0.0,77.38,9.58,11.78,24.01,12.61,26.64
1987,117,0.74,0.74,0.76,95.17,1.2,161.5,0.0,66.31,9.46,11.93,28.74,12.16,24.74
1987,118,0.74,0.73,0.75,95.36,2.23,102.69,0.0,68.25,9.77,14.45,26.98,12.87,22.96
1987,119,0.73,0.73,0.75,95.54,1.3,214.81,0.0,66.75,9.58,11.98,28.61,12.51,18.97
1987,120,0.73,0.73,0.75,95.37,1.56,214.56,0.0,72.94,9.58,14.58,24.99,12.44,12.31
1987,121,0.73,0.73,0.74,94.95,1.17,196.81,0.01,70.44,9.22,12.99,25.22,11.8,11.53
1987,122,0.72,0.72,0.73,94.85,1.76,223.56,0.0,71.81,9.34,13.12,24.8,12.06,16.36
1987,123,0.72,0.71,0.73,94.81,1.64,215.81,0.0,74.5,9.28,11.44,25.46,12.0,22.77
1987,124,0.71,0.71,0.73,95.13,2.77,266.44,0.29,75.62,6.77,6.42,14.55,7.08,5.9
1987,125,0.71,0.71,0.72,95.1,2.66,311.25,0.07,64.25,5.07,5.41,15.41,3.19,17.86
1987,126,0.71,0.71,0.73,95.12,3.05,311.38,3.19,76.38,5.86,5.31,14.63,5.33,16.65
1987,127,0.7,0.71,0.72,95.13,2.37,255.94,0.03,71.0,6.53,7.47,18.94,6.8,23.88
1987,128,0.7,0.7,0.71,95.19,1.91,162.31,0.0,60.56,6.35,7.9,22.08,6.41,24.43
1987,129,0.7,0.7,0.7,95.31,1.61,190.12,0.0,55.06,6.47,9.51,25.4,6.72,24.24
1987,130,0.7,0.69,0.7,95.2,2.04,250.94,0.62,57.94,8.0,10.37,27.63,9.65,24.58
1987,131,0.69,0.69,0.7,95.1,1.99,265.0,0.62,68.19,8.85,13.35,24.15,11.3,22.26
1987,132,0.69,0.68,0.69,95.04,1.83,256.69,0.0,66.31,8.06,11.39,22.38,9.87,24.1
1987,133,0.68,0.68,0.7,94.72,1.95,230.94,12.8,59.81,8.12,10.72,26.96,9.88,23.89
1987,134,0.7,0.7,0.75,94.77,1.79,208.94,7.77,81.94,8.67,10.06,17.81,11.0,3.62
1987,135,0.7,0.7,0.7,94.92,2.03,273.62,0.01,70.44,7.32,8.75,20.54,8.55,24.17
1987,136,0.69,0.7,0.7,94.75,1.95,223.88,0.0,58.0,7.93,10.26,26.58,9.56,24.88
1987,137,0.69,0.69,0.69,94.68,2.6,172.56,0.03,68.06,8.48,12.72,22.85,10.52,19.43
1987,138,0.68,0.68,0.68,94.9,1.93,214.94,0.0,71.06,8.18,10.94,22.33,10.09,22.63
1987,139,0.68,0.67,0.68,94.91,1.66,109.0,0.03,67.81,8.67,10.15,27.47,11.02,16.79
1987,140,0.67,0.67,0.67,95.37,2.94,338.69,0.01,79.38,8.67,9.46,19.68,11.04,16.19
1987,141,0.67,0.67,0.67,95.4,1.66,207.06,0.0,66.06,6.9,8.35,20.89,7.66,22.21
1987,142,0.67,0.66,0.66,94.73,1.85,165.44,0.25,63.12,8.36,12.18,26.91,10.38,24.44
1987,143,0.66,0.66,0.67,94.42,2.52,171.25,2.4,79.0,10.86,14.04,23.65,14.33,18.76
1987,144,0.66,0.66,0.66,94.72,1.92,229.56,0.08,69.56,8.48,11.53,23.03,10.58,24.65
1987,145,0.66,0.66,0.66,94.98,1.73,81.88,0.67,68.44,9.22,10.62,28.38,11.91,26.73
1987,146,0.66,0.66,0.66,95.14,1.39,168.0,1.18,77.12,10.74,15.27,25.59,14.32,13.6
1987,147,0.66,0.66,0.7,95.19,1.86,189.75,12.49,79.62,10.93,14.5,27.87,14.61,17.67
1987,148,0.66,0.67,0.69,95.27,2.62,324.25,1.76,78.19,8.97,11.33,20.32,11.59,9.3
1987,149,0.67,0.67,0.7,95.46,3.24,320.31,8.84,80.56,8.12,9.75,18.46,10.19,8.48
1987,150,0.67,0.67,0.69,95.52,3.41,311.94,1.71,77.75,8.12,10.64,18.97,10.12,20.23
1987,151,0.67,0.67,0.67,95.6,1.55,241.31,0.61,63.19,7.57,10.52,23.68,8.98,26.73
1987,152,0.66,0.66,0.66,95.49,1.45,167.44,0.03,59.19,7.63,12.25,23.81,9.05,25.35
1987,153,0.66,0.66,0.66,95.54,1.79,161.44,0.0,60.38,8.18,13.65,25.95,10.26,27.15
1987,154,0.66,0.66,0.65,95.24,2.02,212.38,0.0,55.88,8.79,12.02,30.84,11.18,26.65
1987,155,0.65,0.65,0.63,94.98,2.33,269.12,0.0,54.5,9.4,15.74,31.67,12.12,26.57
1987,156,0.65,0.64,0.63,95.18,2.06,105.62,0.04,62.0,10.01,15.45,28.76,13.26,27.61
1987,157,0.64,0.63,0.62,95.37,1.66,184.88,0.01,61.31,10.8,14.55,32.66,14.4,26.17
1987,158,0.63,0.62,0.62,95.21,2.17,231.81,0.0,52.38,10.93,18.6,35.08,14.44,25.84
1987,159,0.63,0.62,0.62,94.72,1.98,225.44,0.28,55.06,10.74,18.65,32.52,14.06,23.06
1987,160,0.62,0.62,0.62,94.7,1.2,225.69,0.2,71.56,10.56,15.4,25.22,13.8,24.77
1987,161,0.62,0.62,0.62,94.81,1.18,174.0,1.89,59.56,10.44,14.98,31.65,13.73,10.67
1987,162,0.62,0.62,0.62,95.01,2.16,165.31,0.19,49.25,9.95,17.13,35.54,12.91,27.56
1987,163,0.62,0.61,0.62,95.2,1.99,194.38,2.1,59.5,11.9,19.32,31.91,15.75,27.87
1987,164,0.62,0.61,0.6,94.89,2.36,222.75,0.17,58.81,11.54,18.24,33.12,15.26,22.54
1987,165,0.61,0.6,0.59,94.82,1.77,228.69,0.22,61.5,11.54,18.02,36.34,15.34,19.26
1987,166,0.61,0.6,0.6,95.35,2.61,314.12,0.0,60.88,9.22,14.45,26.48,11.83,19.64
1987,167,0.6,0.59,0.59,95.57,1.95,126.12,0.01,57.88,8.42,13.4,30.32,10.63,28.68
1987,168,0.6,0.59,0.59,95.72,2.61,61.56,0.0,64.56,8.61,13.29,25.36,11.03,25.92
1987,169,0.6,0.59,0.59,95.39,1.14,106.0,0.0,60.5,9.03,12.44,28.35,11.61,21.28
1987,170,0.59,0.59,0.6,94.95,2.09,270.56,1.24,69.19,11.05,16.49,26.64,14.68,26.55
1987,171,0.59,0.59,0.59,94.85,3.15,241.5,0.0,65.31,10.19,15.19,27.12,13.3,27.01
1987,172,0.59,0.59,0.59,95.38,2.05,36.62,0.0,65.62,8.97,13.2,26.38,11.53,25.82
1987,173,0.59,0.58,0.59,95.58,2.36,62.5,0.05,64.5,9.03,12.16,27.35,11.77,28.46
1987,174,0.59,0.58,0.59,95.69,1.64,57.0,0.17,66.12,9.16,14.63,24.69,11.95,20.3
1987,175,0.59,0.58,0.58,95.37,1.87,81.0,0.11,65.0,10.62,14.64,29.67,14.14,23.02
1987,176,0.58,0.57,0.58,95.16,2.24,80.0,0.03,68.62,11.84,16.83,28.51,15.83,22.27
1987,177,0.58,0.57,0.57,95.08,1.84,278.31,0.07,63.56,11.41,17.35,33.38,15.26,24.62
1987,178,0.58,0.56,0.56,95.49,2.02,44.75,0.0,64.0,10.25,16.17,29.74,13.61,25.99
1987,179,0.57,0.56,0.55,95.56,2.09,168.12,0.0,56.5,9.34,16.89,28.94,12.18,28.8
1987,180,0.57,0.55,0.55,95.57,2.01,70.56,0.0,57.19,9.64,16.11,30.57,12.72,28.18
1987,181,0.56,0.55,0.54,95.43,2.07,93.06,0.57,57.06,10.01,15.37,31.29,13.21,29.38
1987,182,0.56,0.55,0.55,95.25,0.8,173.69,2.6,59.5,11.41,18.33,29.4,15.23,24.88
1987,183,0.56,0.56,0.57,95.26,1.06,184.38,3.16,59.0,12.33,19.94,31.31,16.47,25.09
1987,184,0.56,0.55,0.55,95.22,1.88,178.38,0.82,56.25,11.9,20.08,33.55,15.84,24.24
1987,185,0.56,0.55,0.52,95.12,1.97,170.62,0.59,58.25,12.51,20.74,33.81,16.63,22.14
1987,186,0.56,0.55,0.57,95.15,1.73,130.06,7.2,60.19,12.33,19.21,32.86,16.45,25.39
1987,187,0.57,0.57,0.61,95.24,1.42,201.75,9.85,61.44,12.7,20.41,33.55,16.94,23.68
1987,188,0.57,0.58,0.64,95.23,1.47,144.19,10.27,69.56,13.61,19.51,31.73,17.98,22.92
1987,189,0.58,0.58,0.59,95.02,1.45,208.81,1.38,60.88,13.49,20.07,34.44,17.75,23.88
1987,190,0.58,0.59,0.65,95.04,1.85,121.88,12.08,69.19,13.55,18.44,31.92,17.87,23.92
1987,191,0.58,0.59,0.59,95.07,2.1,68.75,0.45,66.69,12.39,17.42,31.84,16.48,23.16
1987,192,0.58,0.58,0.59,95.03,1.27,60.19,2.08,69.0,13.55,19.98,30.62,17.86,25.81
1987,193,0.58,0.58,0.59,94.98,1.35,91.62,1.1,63.69,12.76,20.26,30.22,16.9,23.41
1987,194,0.58,0.57,0.57,94.9,2.16,104.0,0.09,54.62,11.05,20.17,33.73,14.45,21.32
1987,195,0.57,0.57,0.56,94.92,1.86,92.94,0.0,54.0,12.02,20.73,35.94,15.92,23.55
1987,196,0.57,0.56,0.55,94.91,1.67,255.31,0.03,51.44,11.41,21.01,37.24,15.07,19.88
1987,197,0.56,0.56,0.58,94.88,1.26,201.12,5.08,60.75,13.18,21.39,33.51,17.31,24.56
1987,198,0.57,0.56,0.56,94.64,1.55,200.12,0.29,61.31,12.94,21.23,34.48,16.94,25.16
1987,199,0.56,0.55,0.55,94.52,1.95,235.0,1.11,52.38,12.21,20.63,36.47,15.89,26.72
1987,200,0.56,0.55,0.53,94.68,2.86,169.75,0.16,49.5,11.78,21.89,37.93,15.41,23.28
1987,201,0.55,0.55,0.52,94.95,1.62,115.19,0.03,55.12,11.84,20.25,37.3,15.48,21.08
1987,202,0.55,0.55,0.51,95.01,2.28,61.75,0.09,64.0,12.7,19.0,33.88,16.9,19.01
1987,203,0.55,0.54,0.5,95.02,1.64,92.19,0.07,67.5,13.98,19.08,33.47,18.36,18.41
1987,204,0.55,0.54,0.48,94.91,2.02,216.12,0.01,44.88,10.93,21.92,40.65,13.69,23.54
1987,205,0.55,0.53,0.46,95.04,1.48,167.81,0.04,53.44,12.02,21.2,36.75,15.51,22.9
1987,206,0.55,0.53,0.45,94.92,2.01,178.81,0.0,55.94,12.15,20.01,38.85,15.73,23.3
1987,207,0.54,0.53,0.45,95.19,3.26,301.31,0.3,70.25,12.51,18.78,28.06,16.58,17.32
1987,208,0.54,0.53,0.45,95.55,2.78,17.12,0.04,63.38,10.62,16.91,28.18,14.15,22.4
1987,209,0.54,0.53,0.45,95.44,1.99,194.31,0.0,61.0,9.64,15.47,29.22,12.69,26.29
1987,210,0.54,0.52,0.43,94.98,1.29,196.88,0.0,50.81,10.44,15.83,36.32,13.68,22.59
1987,211,0.53,0.52,0.42,94.91,2.31,296.38,0.38,58.5,12.08,20.49,33.51,15.92,22.4
1987,212,0.53,0.52,0.43,95.25,2.8,200.25,0.19,68.38,12.08,17.58,29.37,16.07,21.04
1987,213,0.53,0.52,0.42,95.42,2.37,65.19,0.01,65.38,10.31,16.23,27.85,13.74,22.58
1987,214,0.53,0.52,0.42,95.35,1.77,141.94,0.0,61.75,10.01,16.2,29.51,13.19,24.62
1987,215,0.53,0.52,0.41,95.19,1.82,145.56,0.0,51.75,9.46,16.27,33.55,12.27,27.72
1987,216,0.52,0.52,0.4,95.12,1.92,164.94,0.0,44.88,9.34,19.61,35.76,12.12,26.02
1987,217,0.52,0.52,0.39,95.16,1.71,180.81,0.0,45.56,9.28,19.77,33.38,11.71,25.3
1987,218,0.52,0.51,0.38,94.83,1.94,233.44,0.0,45.56,10.31,18.99,37.68,13.45,24.74
1987,219,0.52,0.51,0.38,94.87,1.66,196.12,0.0,41.44,9.77,21.11,37.51,12.54,24.93
1987,220,0.52,0.51,0.37,95.15,1.49,193.31,0.0,43.06,9.95,20.85,37.86,12.76,24.44
1987,221,0.52,0.51,0.36,95.15,1.8,191.81,0.0,36.56,9.16,21.42,41.38,11.3,24.09
1987,222,0.52,0.5,0.35,95.12,1.27,211.69,0.0,32.94,8.73,22.04,39.99,10.93,21.88
1987,223,0.52,0.5,0.34,95.15,1.91,198.06,0.0,29.19,7.93,21.83,41.26,9.48,22.52
1987,224,0.51,0.5,0.34,95.18,1.96,217.75,0.0,26.5,7.02,22.8,40.22,7.48,26.08
1987,225,0.51,0.5,0.34,95.16,1.79,186.62,0.0,29.62,8.06,24.48,40.7,9.65,25.24
1987,226,0.51,0.49,0.33,95.21,1.59,147.81,0.0,33.19,8.48,22.71,41.76,10.28,24.58
1987,227,0.51,0.49,0.33,95.31,2.2,201.62,0.0,30.06,8.3,23.74,40.9,10.15,24.28
1987,228,0.5,0.49,0.32,95.23,2.02,289.62,0.0,34.12,8.85,23.89,41.16,10.87,22.53
1987,229,0.5,0.49,0.32,95.25,1.77,230.81,0.0,43.94,10.68,22.84,37.15,14.07,23.71
1987,230,0.5,0.49,0.33,95.4,2.26,223.69,0.0,63.88,13.0,19.56,31.07,17.26,21.87
1987,231,0.5,0.49,0.33,95.35,1.91,60.62,0.0,56.88,10.86,18.87,33.59,14.26,24.26
1987,232,0.5,0.48,0.32,95.3,2.02,184.06,0.0,56.75,10.86,19.24,33.01,14.37,24.9
1987,233,0.5,0.48,0.32,95.11,1.83,148.5,0.01,52.06,10.62,17.9,35.99,13.9,22.38
1987,234,0.5,0.48,0.31,94.88,1.62,200.19,0.01,47.06,10.93,21.0,36.18,14.44,22.68
1987,235,0.49,0.48,0.31,94.75,2.04,206.5,0.0,41.94,10.68,22.02,36.58,14.05,23.39
1987,236,0.49,0.48,0.3,94.66,2.76,221.38,0.05,41.69,9.7,20.82,36.03,12.41,22.47
1987,237,0.49,0.48,0.31,95.08,2.52,135.69,0.6,63.62,11.9,18.87,31.46,15.87,21.54
1987,238,0.49,0.48,0.32,95.09,2.3,139.12,0.14,58.56,11.54,18.48,35.8,15.19,23.17
1987,239,0.49,0.48,0.32,94.92,1.16,205.19,0.69,48.56,11.35,20.94,37.88,14.91,15.67
1987,240,0.49,0.48,0.34,95.17,1.41,207.06,1.76,54.25,12.02,22.23,36.24,15.37,17.44
1987,241,0.49,0.48,0.36,95.2,1.88,150.0,0.24,55.31,12.45,21.17,37.12,16.28,21.49
1987,242,0.49,0.48,0.34,95.03,1.74,167.62,0.01,44.75,10.86,22.54,39.26,13.91,22.03
1987,243,0.49,0.48,0.33,95.09,1.43,201.31,0.19,39.81,10.5,24.3,38.72,13.76,13.95
1987,244,0.49,0.48,0.34,95.2,2.4,188.81,1.46,58.19,13.12,21.84,34.62,17.32,19.75
1987,245,0.49,0.48,0.38,95.22,1.53,56.19,1.32,76.38,14.28,20.91,26.64,18.8,15.77
1987,246,0.49,0.48,0.41,95.13,1.8,189.69,1.34,65.75,12.94,20.23,32.77,17.06,21.67
1987,247,0.49,0.49,0.45,95.15,2.41,190.25,3.28,60.31,11.6,19.48,32.23,15.44,23.49
1987,248,0.49,0.49,0.45,95.27,1.93,138.56,1.97,63.06,11.84,18.61,31.37,15.78,23.22
1987,249,0.49,0.49,0.43,95.57,2.34,282.19,0.1,66.19,11.96,19.37,30.29,15.88,22.81
1987,250,0.49,0.48,0.41,95.77,2.65,306.19,0.05,66.19,10.56,17.64,27.26,14.07,22.65
1987,251,0.49,0.48,0.4,95.61,1.45,178.31,0.0,62.5,10.25,16.03,30.84,13.5,23.93
1987,252,0.49,0.48,0.38,95.4,1.62,177.69,0.0,43.88,8.48,16.98,35.49,10.49,23.66
1987,253,0.48,0.48,0.36,95.36,1.86,202.25,0.0,45.5,9.34,19.06,34.8,11.98,22.27
1987,254,0.48,0.48,0.35,95.57,1.89,171.75,0.0,54.5,11.05,19.86,33.75,14.59,20.44
1987,255,0.48,0.48,0.34,95.67,1.77,187.5,0.0,57.25,10.99,18.88,34.8,14.55,21.64
1987,256,0.48,0.48,0.34,95.78,2.08,85.44,0.0,54.19,9.46,17.61,32.87,12.16,21.37
1987,257,0.48,0.48,0.33,95.74,2.12,99.38,0.0,49.44,8.36,16.68,33.13,10.2,20.4
1987,258,0.48,0.48,0.32,95.62,1.66,97.31,0.01,55.88,9.89,17.24,32.76,12.73,19.99
1987,259,0.48,0.48,0.32,95.6,1.96,121.69,0.03,45.81,8.54,18.29,34.07,10.63,19.97
1987,260,0.48,0.48,0.31,95.73,1.95,107.94,0.0,45.69,8.48,17.62,33.73,10.45,19.12
1987,261,0.48,0.47,0.3,95.84,1.48,127.0,0.01,43.62,8.54,19.46,33.13,10.49,17.35
1987,262,0.48,0.47,0.3,95.72,1.23,119.31,0.01,38.88,8.42,20.26,34.08,10.55,17.58
1987,263,0.48,0.47,0.3,95.53,1.86,208.25,0.01,36.0,7.57,21.05,34.19,8.94,18.51
1987,264,0.48,0.47,0.3,95.48,1.38,181.44,0.13,34.62,7.45,19.53,34.23,8.73,16.33
1987,265,0.48,0.47,0.3,95.55,1.84,184.44,0.0,36.12,7.02,18.55,33.96,7.89,18.44
1987,266,0.48,0.47,0.29,95.51,2.07,203.75,0.0,34.44,6.96,18.93,33.16,7.62,18.25
1987,267,0.48,0.47,0.29,95.06,1.97,233.69,0.0,40.75,8.73,18.92,33.58,10.83,16.99
1987,268,0.48,0.47,0.28,94.79,2.3,217.12,0.0,38.12,8.48,20.1,34.15,10.51,18.39
1987,269,0.48,0.47,0.28,94.75,2.0,216.0,0.01,34.31,7.51,20.21,35.96,8.58,16.27
1987,270,0.48,0.47,0.27,94.87,2.22,206.06,0.01,32.06,7.26,22.15,35.15,7.84,10.46
1987,271,0.48,0.47,0.3,95.12,1.84,214.69,1.25,48.31,9.46,20.49,32.95,11.55,13.93
1987,272,0.48,0.47,0.32,94.99,1.97,135.62,0.26,65.12,11.78,19.43,32.16,15.44,13.44
1987,273,0.48,0.47,0.41,94.83,2.79,195.19,7.15,77.56,12.45,17.42,28.48,16.46,8.74
1987,274,0.48,0.48,0.48,95.38,2.45,81.94,1.21,74.62,11.23,16.07,26.3,15.06,13.92
1987,275,0.48,0.48,0.48,95.52,1.28,185.25,2.04,72.0,11.47,15.58,26.51,15.33,13.97
1987,276,0.48,0.48,0.48,95.37,1.34,169.62,1.04,65.06,11.11,16.84,28.64,14.76,17.39
1987,277,0.48,0.48,0.46,94.98,1.85,177.75,0.67,57.62,10.62,17.2,32.09,14.05,12.65
1987,278,0.48,0.48,0.46,94.85,2.23,181.31,3.63,63.0,11.41,18.84,31.15,15.0,13.07
1987,279,0.49,0.49,0.54,95.35,1.69,260.62,7.66,72.5,11.29,17.18,27.33,15.03,14.52
1987,280,0.5,0.52,0.57,95.38,2.03,309.69,10.58,72.12,9.83,15.69,23.15,12.83,14.84
1987,281,0.5,0.51,0.49,95.2,1.95,278.62,0.07,67.81,9.09,13.64,24.55,11.7,16.24
1987,282,0.5,0.51,0.49,95.07,1.0,209.69,1.75,69.38,9.77,15.27,24.8,12.83,15.76
1987,283,0.5,0.5,0.48,94.4,3.8,196.88,0.01,52.94,7.51,15.02,25.56,8.66,6.75
1987,284,0.52,0.54,0.62,94.64,3.48,287.75,26.08,71.81,7.26,10.08,17.19,8.05,12.77
1987,285,0.53,0.55,0.53,95.04,3.1,288.88,1.16,73.62,8.3,9.69,21.37,10.22,8.78
1987,286,0.53,0.54,0.52,95.23,1.55,230.25,0.25,73.88,8.54,12.09,22.49,10.62,15.6
1987,287,0.52,0.53,0.51,95.18,1.7,232.12,0.0,57.81,6.71,10.59,23.83,7.07,15.92
1987,288,0.52,0.53,0.5,95.0,2.99,211.31,0.0,49.38,6.29,10.71,28.46,6.14,14.45
1987,289,0.52,0.52,0.49,95.08,2.45,210.56,0.0,44.44,7.02,15.01,30.57,7.58,14.85
1987,290,0.52,0.52,0.49,95.53,1.66,237.69,0.02,65.06,9.34,15.37,25.83,12.05,14.49
1987,291,0.52,0.52,0.49,95.46,1.14,151.0,0.0,68.0,9.52,14.55,28.34,12.32,16.29
1987,292,0.52,0.52,0.48,95.19,1.86,228.25,0.0,52.12,7.32,13.5,30.15,8.37,15.31
1987,293,0.52,0.52,0.48,95.05,2.4,222.06,0.0,49.44,7.39,14.33,29.8,8.51,14.37
1987,294,0.52,0.51,0.48,95.21,1.4,179.44,0.0,52.31,7.93,16.57,28.67,9.36,8.55
1987,295,0.52,0.51,0.48,94.94,1.73,193.0,0.0,51.94,7.93,14.76,29.33,9.14,8.85
1987,296,0.51,0.51,0.48,95.24,1.84,191.12,0.0,54.19,8.12,15.01,28.76,9.79,14.84
1987,297,0.51,0.51,0.48,95.48,2.45,194.38,0.0,44.25,7.08,15.39,32.91,7.86,12.93
1987,298,0.51,0.5,0.47,95.72,2.3,187.06,0.0,42.44,7.45,17.54,31.62,8.68,11.6
1987,299,0.51,0.5,0.47,95.6,2.89,184.69,0.0,47.19,7.57,17.26,30.48,8.97,11.72
1987,300,0.5,0.5,0.47,95.28,2.65,205.25,0.0,47.06,7.39,15.47,30.81,8.44,13.69
1987,301,0.5,0.49,0.47,95.32,1.52,154.44,0.0,57.19,8.12,14.96,26.5,9.8,10.87
1987,302,0.5,0.49,0.47,95.21,1.41,200.56,0.0,62.44,8.3,13.5,26.55,10.03,11.93
1987,303,0.5,0.49,0.47,95.26,1.26,161.25,0.0,74.12,9.52,13.55,25.94,12.11,13.76
1987,304,0.5,0.49,0.47,95.44,1.43,198.12,0.0,68.69,8.91,12.71,28.33,11.21,13.92
1987,305,0.49,0.49,0.47,95.4,1.58,232.38,0.0,53.94,7.14,13.46,28.21,8.06,13.9
1987,306,0.49,0.49,0.47,95.18,2.15,218.25,0.0,54.0,6.9,12.47,26.33,7.58,12.76
1987,307,0.49,0.49,0.48,94.9,2.0,194.31,1.78,60.56,7.57,13.48,23.4,8.8,3.08
1987,308,0.49,0.49,0.51,95.09,2.19,155.5,3.55,70.56,8.36,11.92,22.96,10.23,10.8
1987,309,0.5,0.51,0.55,95.71,2.9,78.12,7.92,86.19,9.58,13.04,19.24,12.66,4.25
1987,310,0.51,0.51,0.51,96.14,1.25,124.12,0.23,71.06,7.45,10.25,20.87,8.8,11.53
1987,311,0.51,0.51,0.49,95.86,2.11,216.56,0.0,67.5,6.59,8.08,21.73,7.08,14.47
1987,312,0.5,0.51,0.48,95.34,3.52,208.81,0.14,68.38,6.59,10.37,19.19,7.05,7.4
1987,313,0.5,0.5,0.48,94.97,2.03,252.62,0.49,67.31,7.51,10.7,21.51,8.87,9.37
1987,314,0.51,0.51,0.52,94.65,2.84,289.5,4.83,81.88,8.18,10.99,17.41,10.03,8.23
1987,315,0.51,0.52,0.52,95.25,3.8,318.5,2.51,82.88,7.87,9.71,16.4,9.67,4.49
1987,316,0.51,0.52,0.5,95.47,1.88,268.94,0.1,68.69,6.23,8.22,19.65,6.03,13.59
1987,317,0.51,0.51,0.49,95.18,2.59,226.44,0.0,53.5,5.07,6.75,22.94,3.15,13.11
1987,318,0.51,0.52,0.55,94.62,3.44,259.31,15.87,66.5,6.65,9.5,19.55,6.8,9.95
1987,319,0.53,0.55,0.62,95.18,4.97,330.19,12.07,79.5,6.53,9.28,12.42,6.82,5.35
1987,320,0.54,0.55,0.55,95.91,2.39,336.38,0.66,84.31,7.02,8.45,13.91,7.99,6.78
1987,321,0.54,0.55,0.53,96.24,1.57,226.38,0.27,84.75,8.06,9.61,18.12,10.17,9.95
1987,322,0.54,0.55,0.53,96.33,1.23,327.31,0.03,83.19,7.69,9.81,18.52,9.37,12.42
1987,323,0.54,0.54,0.52,96.42,1.31,258.12,0.09,81.31,7.39,8.56,17.53,8.81,9.32
1987,324,0.54,0.54,0.52,95.62,2.77,283.0,0.2,80.69,7.08,5.65,18.81,7.91,9.7
1987,325,0.54,0.54,0.52,95.1,4.03,329.62,0.8,80.62,6.59,8.73,11.75,6.95,5.68
1987,326,0.54,0.54,0.53,94.81,2.7,282.88,1.41,75.31,5.98,8.0,13.72,5.5,6.18
1987,327,0.54,0.54,0.52,93.57,4.8,210.62,0.16,58.44,5.0,7.39,17.22,2.73,7.21
1987,328,0.54,0.54,0.54,93.34,3.74,244.31,2.67,64.88,4.46,3.65,13.09,0.95,10.52
1987,329,0.54,0.54,0.52,93.8,3.47,211.75,0.29,60.88,3.97,1.7,15.97,-0.54,10.18
1987,330,0.54,0.54,0.53,94.15,3.31,260.44,2.22,79.56,5.37,4.27,11.56,3.79,6.42
1987,331,0.54,0.54,0.53,94.73,2.55,266.75,1.02,83.12,5.55,4.19,11.91,4.44,6.12
1987,332,0.54,0.55,0.55,95.16,2.61,294.38,4.48,87.75,5.68,4.25,9.43,4.78,3.83
1987,333,0.55,0.55,0.55,95.47,1.42,285.25,0.82,80.88,5.55,3.62,13.29,4.48,9.25
1987,334,0.55,0.55,0.53,95.27,2.02,282.5,0.48,80.12,5.13,1.42,12.74,3.19,9.13
1987,335,0.55,0.55,0.54,95.38,1.15,232.81,0.65,87.81,5.98,3.68,11.26,5.59,8.43
1987,336,0.55,0.55,0.53,95.19,2.34,200.69,0.0,71.19,4.58,0.97,14.85,1.73,8.42
1987,337,0.54,0.55,0.52,95.06,4.08,201.5,0.01,53.69,4.58,5.39,20.26,1.73,5.62
1987,338,0.54,0.54,0.52,94.99,4.44,201.75,0.57,43.94,4.82,10.55,21.33,2.37,4.02
1987,339,0.54,0.55,0.54,94.97,3.59,244.0,2.28,75.25,7.32,9.68,17.28,8.26,3.97
1987,340,0.54,0.55,0.53,94.83,1.27,215.06,0.16,85.25,8.06,8.26,18.91,9.9,4.23
1987,341,0.54,0.55,0.54,94.52,2.86,212.31,2.18,76.44,7.45,8.94,21.37,8.72,3.98
1987,342,0.54,0.55,0.52,94.42,2.95,227.25,0.12,67.06,6.53,8.69,20.55,6.7,10.0
1987,343,0.54,0.55,0.53,94.55,2.52,254.19,2.1,77.31,6.77,6.76,16.95,7.33,9.96
1987,344,0.55,0.55,0.58,95.01,3.74,281.56,6.49,84.31,7.02,7.85,13.31,7.83,4.78
1987,345,0.55,0.55,0.55,95.11,1.67,242.81,0.07,83.75,7.2,6.97,16.75,8.29,9.94
1987,346,0.55,0.55,0.54,94.8,2.24,223.5,0.02,68.75,6.23,7.92,19.8,6.12,5.94
1987,347,0.55,0.55,0.53,94.58,2.64,214.44,0.0,61.69,5.74,7.26,21.17,4.85,7.4
1987,348,0.55,0.55,0.53,94.58,3.36,256.75,0.36,68.81,6.04,7.1,18.38,5.55,7.4
1987,349,0.55,0.55,0.53,95.01,2.59,271.12,0.05,81.69,6.9,8.12,16.44,7.61,7.86
1987,350,0.55,0.55,0.53,95.63,2.31,274.12,0.03,89.0,8.67,8.21,18.81,11.08,8.0
1987,351,0.55,0.55,0.53,95.92,1.65,273.75,0.0,84.06,7.93,8.76,19.44,9.77,9.88
1987,352,0.55,0.55,0.53,95.75,1.24,199.19,0.0,77.81,6.59,7.55,19.95,6.92,10.26
1987,353,0.54,0.55,0.52,95.66,1.51,270.88,0.0,70.69,5.98,6.51,19.61,5.38,8.88
1987,354,0.54,0.54,0.52,96.0,1.41,293.44,0.0,80.0,6.53,7.16,18.06,6.9,10.4
1987,355,0.54,0.54,0.52,96.05,1.27,203.56,0.0,67.25,5.55,6.66,18.92,4.59,10.55
1987,356,0.54,0.54,0.52,95.84,1.21,204.88,0.14,66.69,5.62,7.23,19.43,4.58,10.38
1987,357,0.54,0.54,0.54,95.68,1.3,232.81,2.43,89.88,6.96,7.52,13.71,7.87,1.29
1987,358,0.55,0.55,0.61,95.65,0.88,217.56,10.06,89.56,7.26,8.97,12.58,8.57,2.83
1987,359,0.55,0.56,0.56,95.92,1.12,108.75,0.38,76.88,5.92,5.82,16.4,5.15,8.43
1987,360,0.55,0.56,0.55,96.05,1.34,194.69,1.28,88.62,6.1,4.14,12.89,5.92,3.63
1987,361,0.55,0.55,0.55,96.61,1.55,130.69,0.02,81.81,5.43,3.55,13.95,4.35,9.39
1987,362,0.55,0.55,0.55,96.82,1.5,133.38,0.09,81.0,5.19,3.1,14.87,3.7,10.26
1987,363,0.55,0.55,0.55,96.69,0.99,188.69,0.0,77.75,5.13,2.97,13.87,3.44,10.15
1987,364,0.55,0.55,0.55,96.12,0.97,234.94,0.14,73.62,4.88,3.72,14.62,2.53,8.68
1987,365,0.55,0.55,0.54,95.09,2.2,220.06,0.1,76.5,4.58,1.41,13.58,1.82,10.01
1988,1,0.55,0.55,0.55,94.91,1.85,283.75,3.84,88.25,5.43,1.57,11.03,4.15,7.16
1988,2,0.55,0.56,0.59,95.52,1.48,304.38,4.84,89.94,5.98,4.02,11.81,5.66,4.77
1988,3,0.56,0.56,0.56,95.28,3.84,259.06,0.91,81.5,6.23,2.66,15.89,6.02,6.63
1988,4,0.56,0.56,0.56,95.64,3.94,297.5,0.46,78.12,5.68,4.53,13.52,4.9,10.28
1988,5,0.55,0.56,0.55,95.76,2.12,220.38,0.0,60.81,4.46,3.45,22.15,1.37,10.41
1988,6,0.55,0.56,0.55,95.71,3.09,216.56,0.0,55.56,4.52,6.44,19.37,1.5,8.15
1988,7,0.56,0.56,0.59,95.72,2.84,273.44,9.17,79.0,5.43,6.34,10.77,4.23,0.35
1988,8,0.57,0.58,0.63,95.95,4.38,319.19,8.7,84.81,5.25,4.15,8.94,3.91,9.42
1988,9,0.58,0.59,0.61,96.03,2.79,336.62,1.77,81.81,5.19,4.51,11.58,3.7,10.84
1988,10,0.58,0.59,0.6,95.87,2.01,244.25,0.99,85.06,5.74,3.06,12.15,5.0,8.05
1988,11,0.58,0.58,0.59,95.68,1.3,224.75,0.0,70.69,4.64,0.99,15.26,1.9,10.92
1988,12,0.58,0.58,0.59,95.45,1.24,232.81,1.16,86.62,6.16,6.22,11.27,6.04,3.88
1988,13,0.58,0.58,0.58,95.23,1.84,212.56,0.03,76.0,5.37,3.78,15.24,4.07,10.71
1988,14,0.57,0.58,0.57,95.04,3.44,201.69,0.19,61.56,4.76,5.95,16.44,2.33,2.57
1988,15,0.57,0.58,0.57,95.42,1.8,196.69,0.0,61.25,4.7,3.87,18.91,2.15,11.91
1988,16,0.57,0.58,0.57,95.48,2.02,167.81,0.0,59.62,4.82,5.42,18.05,2.45,12.04
1988,17,0.57,0.57,0.56,95.03,2.9,161.5,0.46,59.12,5.19,8.2,19.65,3.43,4.61
1988,18,0.57,0.57,0.56,94.58,1.26,229.5,0.17,71.31,5.37,4.57,15.28,3.74,7.41
1988,19,0.57,0.57,0.56,94.52,1.71,209.19,0.04,68.88,4.58,3.57,14.49,1.57,8.53
1988,20,0.57,0.57,0.56,94.78,2.23,249.5,0.56,79.75,5.43,3.95,12.4,4.01,5.76
1988,21,0.57,0.58,0.62,95.33,4.27,296.75,9.49,84.12,6.23,7.19,11.62,6.16,5.79
1988,22,0.58,0.59,0.63,95.44,3.78,300.88,4.97,84.44,5.92,5.96,9.96,5.51,2.88
1988,23,0.59,0.59,0.62,95.33,3.95,304.56,3.36,84.44,6.23,4.33,12.65,6.11,2.22
1988,24,0.59,0.59,0.6,95.24,1.59,272.81,0.43,82.69,6.29,5.29,14.98,6.19,10.32
1988,25,0.59,0.59,0.59,94.99,2.34,236.94,0.02,73.38,5.86,4.44,18.13,5.23,9.91
1988,26,0.59,0.59,0.59,95.07,1.98,228.44,0.0,80.5,7.14,5.89,19.33,8.18,12.72
1988,27,0.58,0.59,0.59,94.99,2.32,214.81,0.0,64.31,5.92,6.95,22.33,5.4,12.91
1988,28,0.58,0.58,0.58,94.81,2.48,210.62,0.0,56.5,5.19,7.98,20.51,3.39,5.79
1988,29,0.58,0.58,0.57,94.79,2.71,239.12,0.0,59.75,5.43,6.32,20.33,4.02,13.12
1988,30,0.58,0.58,0.57,94.65,6.77,278.75,0.0,66.69,5.86,8.05,15.74,4.96,3.23
1988,31,0.58,0.58,0.57,95.44,3.9,292.38,0.11,77.25,5.74,5.8,14.43,4.95,11.13
1988,32,0.57,0.58,0.57,95.34,1.74,234.88,0.11,68.5,5.49,3.57,21.9,4.39,14.33
1988,33,0.57,0.57,0.57,95.46,1.59,210.62,0.14,84.88,6.71,5.82,13.48,7.14,7.54
1988,34,0.57,0.58,0.59,95.29,0.89,126.75,3.7,93.12,7.39,7.99,13.2,8.69,5.48
1988,35,0.58,0.58,0.59,95.19,2.36,279.44,1.19,83.81,6.29,5.02,13.49,6.23,13.98
1988,36,0.58,0.58,0.58,95.55,2.34,267.81,0.06,81.94,6.1,3.01,16.63,5.94,10.9
1988,37,0.58,0.58,0.57,95.15,2.35,228.88,0.0,74.38,6.04,4.99,18.98,5.8,14.54
1988,38,0.58,0.59,0.62,94.91,2.56,300.31,9.47,82.31,5.8,4.88,13.87,5.08,14.77
1988,39,0.59,0.6,0.65,95.46,2.4,163.44,5.64,80.94,5.19,3.79,11.07,3.59,9.22
1988,40,0.59,0.59,0.61,95.38,1.97,293.06,0.0,85.5,6.16,1.76,15.29,5.76,14.03
1988,41,0.59,0.59,0.61,95.5,2.3,303.69,1.22,87.12,6.96,4.72,15.47,7.87,6.2
1988,42,0.59,0.59,0.6,95.71,1.55,270.88,0.19,67.19,5.13,5.19,16.39,3.2,15.52
1988,43,0.59,0.59,0.59,95.51,5.32,274.06,0.69,72.06,5.49,5.13,14.52,4.44,8.82
1988,44,0.59,0.59,0.59,95.83,3.17,315.19,0.09,82.25,5.43,3.83,10.42,4.27,11.83
1988,45,0.59,0.59,0.59,95.89,1.45,132.56,0.01,76.44,4.52,1.96,14.51,1.73,15.72
1988,46,0.59,0.59,0.59,95.53,1.55,113.44,0.0,68.81,4.15,0.68,16.5,0.39,16.19
1988,47,0.58,0.59,0.59,95.31,1.29,204.06,0.0,61.19,4.33,1.31,18.37,0.84,15.12
1988,48,0.58,0.58,0.58,95.17,1.34,242.0,0.0,59.5,4.58,5.11,18.62,1.71,13.47
1988,49,0.58,0.58,0.59,95.29,2.23,303.88,2.23,82.31,6.16,5.08,13.98,5.84,7.04
1988,50,0.58,0.59,0.59,95.44,2.55,297.94,0.18,78.94,5.37,3.68,14.99,3.94,11.98
1988,51,0.58,0.58,0.58,95.3,1.71,211.38,0.0,70.06,5.07,2.95,18.63,3.01,17.06
1988,52,0.58,0.58,0.57,95.43,1.53,142.88,0.0,68.31,5.25,5.36,18.33,3.53,15.02
1988,53,0.58,0.58,0.57,95.68,1.11,199.12,0.0,74.12,5.86,4.01,18.58,5.24,16.43
1988,54,0.57,0.58,0.57,95.18,1.88,265.38,0.14,78.5,6.59,7.07,16.02,6.98,11.49
1988,55,0.57,0.58,0.58,94.34,2.72,300.38,1.22,85.25,6.77,7.15,15.65,7.31,7.88
1988,56,0.58,0.59,0.64,94.15,4.41,303.94,11.8,82.38,5.13,3.4,10.69,3.2,17.68
1988,57,0.59,0.6,0.65,94.53,3.46,319.62,7.41,83.69,4.27,0.76,6.3,0.69,4.41
1988,58,0.59,0.6,0.63,94.66,1.73,228.06,2.58,78.81,3.97,-0.1,7.22,-0.27,10.09
1988,59,0.59,0.6,0.63,94.92,1.27,217.62,2.43,78.75,4.27,1.12,8.12,0.76,13.04
1988,60,0.59,0.6,0.62,94.4,2.26,262.19,0.09,74.56,4.52,-0.22,13.83,1.37,16.59
1988,61,0.59,0.6,0.62,94.47,2.34,302.56,2.33,84.31,5.07,2.73,9.62,3.14,8.44
1988,62,0.59,0.6,0.62,94.57,2.07,193.19,0.4,82.31,4.82,2.09,9.63,2.39,6.88
1988,63,0.59,0.6,0.61,94.59,1.26,141.44,0.45,75.25,4.82,1.58,13.07,2.39,10.23
1988,64,0.59,0.6,0.62,94.24,2.4,230.81,2.88,81.94,5.86,4.0,13.19,5.1,11.3
1988,65,0.6,0.61,0.65,93.61,3.02,234.5,4.93,77.5,5.68,4.29,16.41,4.54,11.96
1988,66,0.61,0.62,0.69,94.34,6.66,314.0,11.37,83.94,4.88,3.77,6.96,2.48,4.92
1988,67,0.61,0.62,0.68,94.94,5.79,308.5,6.34,83.19,5.43,4.55,10.27,4.15,6.89
1988,68,0.62,0.62,0.67,95.1,5.44,316.0,4.86,81.56,5.68,6.05,10.62,4.87,4.06
1988,69,0.62,0.62,0.66,95.47,3.79,324.25,2.15,79.81,5.19,1.76,11.6,3.5,6.45
1988,70,0.62,0.62,0.65,95.88,2.41,315.25,0.13,78.56,4.58,0.76,12.19,1.98,11.53
1988,71,0.62,0.62,0.67,95.99,3.59,315.19,5.96,84.0,5.43,4.2,11.03,4.4,5.92
1988,72,0.62,0.62,0.66,95.88,1.77,301.81,0.37,68.0,4.7,4.19,15.88,2.21,19.43
1988,73,0.62,0.62,0.64,95.35,2.18,238.44,0.0,53.62,4.09,1.69,19.97,-0.04,20.04
1988,74,0.62,0.62,0.63,95.02,2.3,225.44,0.08,57.94,5.43,4.98,20.92,3.83,14.52
1988,75,0.62,0.63,0.7,95.21,2.2,279.38,12.27,80.06,6.35,6.44,16.19,6.36,11.29
1988,76,0.62,0.63,0.66,95.26,2.91,271.56,0.01,69.75,5.68,3.81,19.65,4.65,19.46
1988,77,0.62,0.62,0.64,95.17,4.12,280.88,0.0,66.62,6.29,6.76,19.09,6.17,17.77
1988,78,0.62,0.62,0.63,95.28,2.86,284.88,0.0,65.69,6.23,7.67,21.37,6.08,20.52
1988,79,0.62,0.62,0.62,95.49,1.65,264.75,0.0,67.12,6.29,7.08,21.08,6.23,21.05
1988,80,0.61,0.61,0.62,95.57,1.73,213.31,0.0,59.25,5.68,7.26,23.12,4.83,21.13
1988,81,0.61,0.61,0.61,95.21,2.47,216.44,0.0,55.94,6.29,8.75,26.11,6.29,21.17
1988,82,0.61,0.61,0.66,95.2,3.12,300.0,7.87,78.88,6.84,6.09,15.39,7.45,8.0
1988,83,0.61,0.62,0.64,95.78,2.91,319.62,1.26,83.44,6.41,6.06,15.71,6.68,9.76
1988,84,0.61,0.62,0.63,96.11,2.66,307.38,0.42,74.56,5.98,6.09,18.04,5.61,21.65
1988,85,0.61,0.61,0.62,95.97,2.34,278.5,0.0,55.31,5.55,5.88,22.94,4.59,21.9
1988,86,0.6,0.6,0.61,95.7,2.22,268.12,0.0,50.88,5.8,8.46,26.7,5.02,22.29
1988,87,0.6,0.6,0.61,95.61,2.42,238.31,0.0,69.75,6.84,8.55,19.26,7.62,18.22
1988,88,0.6,0.59,0.6,95.74,1.85,162.69,0.0,67.44,5.37,6.38,18.07,4.16,22.88
1988,89,0.59,0.59,0.59,95.18,1.44,224.19,0.0,56.38,5.43,6.26,22.48,4.08,21.34
1988,90,0.59,0.59,0.59,94.46,4.48,254.0,0.0,57.88,5.49,6.44,21.99,4.19,16.22
1988,91,0.59,0.59,0.59,94.92,3.47,281.69,0.0,65.81,5.0,4.37,16.76,2.93,16.51
1988,92,0.59,0.59,0.59,95.22,2.55,217.06,0.01,67.31,5.19,3.31,18.18,3.38,22.2
1988,93,0.59,0.59,0.59,94.64,2.05,163.25,0.81,55.62,5.13,4.28,22.5,3.07,10.86
1988,94,0.59,0.59,0.62,94.07,2.94,267.5,6.39,70.94,7.08,9.41,22.55,7.87,14.49
1988,95,0.59,0.59,0.59,94.43,1.7,120.12,0.62,69.94,6.53,7.1,21.26,6.65,22.0
1988,96,0.59,0.59,0.59,94.59,1.88,288.81,0.48,72.25,6.47,8.69,18.15,6.62,21.98
1988,97,0.59,0.59,0.59,94.7,1.57,240.12,0.95,72.25,6.23,6.37,20.47,5.99,20.11
1988,98,0.59,0.59,0.59,94.98,2.3,230.81,0.0,67.06,5.74,5.56,19.3,4.91,23.88
1988,99,0.59,0.58,0.59,94.88,1.54,175.25,0.0,61.75,6.41,7.67,21.46,6.41,22.5
1988,100,0.58,0.58,0.58,94.83,1.28,196.44,0.01,57.94,6.53,9.96,25.37,6.53,19.54
1988,101,0.58,0.58,0.57,94.91,1.52,123.12,0.0,60.0,7.02,11.15,26.76,7.48,23.54
1988,102,0.58,0.57,0.57,95.11,1.34,233.94,0.0,69.25,7.69,10.59,22.79,9.16,22.84
1988,103,0.57,0.57,0.56,95.26,2.28,261.56,0.0,58.5,6.77,11.22,24.06,7.1,19.92
1988,104,0.57,0.57,0.56,95.39,2.52,282.5,0.0,72.75,7.81,10.55,21.45,9.58,20.84
1988,105,0.57,0.56,0.55,95.41,2.26,240.88,0.0,73.06,7.93,9.23,21.93,9.8,21.89
1988,106,0.56,0.56,0.55,95.24,1.79,162.88,0.0,66.75,7.14,9.34,22.45,8.15,25.79
1988,107,0.56,0.56,0.55,94.58,1.88,186.94,0.0,59.44,7.39,9.08,27.42,8.55,24.18
1988,108,0.56,0.55,0.55,94.56,1.51,272.62,1.0,67.62,8.18,13.15,23.4,10.02,17.31
1988,109,0.56,0.55,0.55,94.87,1.35,220.38,0.01,62.94,8.06,11.3,26.46,9.8,25.31
1988,110,0.55,0.55,0.54,94.7,1.62,242.0,0.21,62.06,8.54,14.08,27.87,10.76,21.88
1988,111,0.55,0.55,0.54,95.07,2.59,237.31,0.1,72.0,8.12,10.63,22.3,10.01,23.07
1988,112,0.55,0.55,0.54,95.04,1.48,120.88,0.01,61.44,6.65,9.31,24.62,7.08,25.88
1988,113,0.55,0.55,0.55,94.92,1.84,256.38,3.13,75.62,9.22,12.21,22.73,11.87,17.56
1988,114,0.55,0.55,0.55,94.93,1.77,271.56,0.57,75.19,8.06,11.05,19.32,9.83,20.91
1988,115,0.55,0.55,0.54,94.72,1.85,269.94,0.02,62.0,6.29,8.66,21.09,6.01,25.11
1988,116,0.55,0.55,0.54,94.55,1.7,207.0,0.12,61.88,6.41,9.29,20.49,6.55,23.79
1988,117,0.55,0.55,0.58,94.49,2.62,254.44,6.86,71.12,7.26,8.62,23.3,8.19,13.18
1988,118,0.56,0.57,0.63,94.56,2.69,294.69,12.22,81.94,6.71,8.36,14.88,7.19,11.31
1988,119,0.57,0.59,0.63,94.85,4.79,288.69,9.18,84.25,7.14,7.73,14.25,8.12,8.14
1988,120,0.58,0.59,0.59,95.01,2.48,285.38,0.95,70.12,6.53,5.55,19.08,6.62,25.64
1988,121,0.57,0.58,0.58,95.0,2.62,254.19,0.22,66.5,6.9,8.35,20.16,7.54,23.02
1988,122,0.57,0.57,0.56,94.75,2.06,209.62,0.0,51.06,6.23,7.41,27.83,6.04,25.31
1988,123,0.57,0.56,0.55,94.74,2.01,215.12,0.09,55.56,7.14,11.76,28.12,7.79,23.22
1988,124,0.56,0.56,0.55,94.87,1.55,98.94,0.02,58.19,7.14,11.28,28.87,8.05,24.04
1988,125,0.56,0.55,0.54,94.36,2.17,161.5,0.0,52.75,7.08,11.37,32.2,7.32,23.09
1988,126,0.55,0.55,0.52,94.35,2.07,183.44,0.0,36.25,5.62,13.34,35.26,4.05,23.11
1988,127,0.55,0.55,0.52,94.6,2.42,180.38,0.0,33.5,6.16,14.98,34.48,5.37,19.22
1988,128,0.55,0.55,0.52,94.73,2.23,255.25,1.42,57.94,8.24,13.55,26.56,10.03,9.28
1988,129,0.55,0.54,0.52,95.22,1.5,216.75,0.0,60.5,8.24,12.87,27.67,10.26,25.36
1988,130,0.55,0.54,0.52,95.27,1.99,188.5,0.0,55.12,7.87,12.87,28.4,9.51,26.99
1988,131,0.55,0.54,0.52,94.69,1.71,91.75,0.05,63.0,8.97,13.79,28.21,11.46,19.0
1988,132,0.54,0.54,0.52,93.89,3.76,282.31,1.33,74.5,9.4,12.37,23.57,12.08,18.15
1988,133,0.54,0.54,0.52,94.15,2.96,309.75,0.43,71.12,8.42,10.92,23.09,10.44,21.89
1988,134,0.54,0.54,0.56,94.37,2.12,255.0,7.16,78.12,8.3,8.3,20.08,10.22,7.72
1988,135,0.55,0.55,0.54,94.65,2.88,284.38,0.16,70.12,7.51,8.03,22.79,8.78,17.95
1988,136,0.54,0.54,0.52,94.85,2.02,216.69,0.58,64.81,7.87,10.13,24.52,9.45,26.19
1988,137,0.54,0.54,0.53,95.01,1.27,227.06,0.93,67.69,8.54,12.71,23.73,10.82,15.25
1988,138,0.54,0.54,0.52,94.93,1.58,206.69,0.19,55.56,7.87,12.87,27.74,9.46,25.96
1988,139,0.55,0.55,0.59,94.95,1.67,196.56,10.32,74.25,9.83,14.83,23.76,12.87,16.96
1988,140,0.55,0.55,0.59,95.16,1.57,209.81,6.38,66.94,9.28,14.53,24.87,12.03,26.46
1988,141,0.55,0.56,0.59,95.46,1.76,220.81,4.87,62.94,8.67,14.44,25.23,11.08,25.84
1988,142,0.55,0.56,0.59,95.49,2.19,79.94,4.9,70.0,9.7,13.8,25.98,12.85,26.17
1988,143,0.55,0.56,0.55,95.07,1.95,147.38,0.51,64.75,10.68,15.2,31.51,14.19,21.25
1988,144,0.55,0.55,0.55,94.51,3.21,254.19,1.31,74.62,10.62,14.61,24.69,14.05,16.18
1988,145,0.55,0.55,0.56,94.96,4.29,285.69,2.09,79.81,9.83,13.68,21.11,12.9,7.88
1988,146,0.55,0.55,0.55,95.05,1.85,169.94,1.21,65.38,9.95,13.69,28.23,13.06,25.41
1988,147,0.55,0.55,0.57,94.97,1.88,291.0,3.67,67.12,9.77,13.83,25.58,12.81,24.28
1988,148,0.55,0.55,0.55,94.79,1.75,258.56,0.61,62.75,8.79,12.55,27.12,11.22,26.72
1988,149,0.55,0.55,0.53,94.89,2.16,216.38,0.0,59.88,8.12,12.83,26.06,9.91,27.12
1988,150,0.55,0.54,0.52,94.81,2.55,206.94,0.02,50.5,8.24,14.15,31.26,10.15,27.43
1988,151,0.54,0.54,0.52,94.9,2.08,89.44,0.0,53.0,9.46,17.14,32.43,12.26,27.38
1988,152,0.54,0.53,0.52,94.92,1.75,121.0,0.13,63.62,10.19,15.62,30.02,13.44,18.59
1988,153,0.54,0.53,0.51,95.33,2.56,117.75,0.01,67.12,9.4,13.71,26.98,12.3,27.66
1988,154,0.53,0.52,0.51,95.38,1.95,81.19,0.0,55.62,8.12,12.61,30.15,10.03,28.93
1988,155,0.53,0.52,0.49,94.92,1.8,218.94,0.05,48.81,9.34,15.1,35.02,12.11,23.12
1988,156,0.53,0.52,0.52,94.74,2.62,266.25,3.24,62.25,10.5,17.51,29.55,13.83,17.12
1988,157,0.53,0.52,0.53,95.0,2.85,187.69,3.37,75.5,10.31,13.72,22.77,13.68,28.89
1988,158,0.53,0.53,0.52,94.96,2.26,166.75,1.62,66.81,8.73,12.57,25.05,11.09,27.93
1988,159,0.53,0.53,0.58,94.66,1.68,86.19,9.63,73.19,9.46,11.98,23.97,12.3,17.69
1988,160,0.55,0.55,0.62,94.63,1.63,68.62,11.55,79.75,9.83,12.58,19.65,12.87,13.26
1988,161,0.55,0.55,0.55,94.86,1.69,194.94,0.01,56.62,8.85,11.43,31.02,11.25,25.57
1988,162,0.55,0.55,0.53,94.75,2.77,214.94,0.0,46.31,8.91,15.97,34.13,11.28,25.53
1988,163,0.54,0.54,0.53,94.93,2.11,276.19,0.82,63.62,10.31,16.07,28.23,13.55,17.68
1988,164,0.54,0.54,0.52,94.98,1.62,156.75,0.0,54.62,8.67,14.95,31.68,10.87,27.07
1988,165,0.53,0.53,0.51,94.76,1.45,192.81,0.02,54.19,9.89,16.14,35.44,12.72,24.46
1988,166,0.53,0.52,0.51,95.09,2.4,184.75,0.01,62.44,10.31,16.55,29.07,13.51,24.04
1988,167,0.53,0.52,0.51,95.14,1.21,207.38,0.01,58.69,10.74,15.21,31.83,14.11,14.78
1988,168,0.53,0.52,0.52,94.93,2.8,262.88,1.25,64.56,11.35,16.08,29.98,15.08,19.98
1988,169,0.52,0.52,0.51,94.84,1.91,138.56,0.94,61.88,9.77,15.72,29.19,12.84,25.72
1988,170,0.52,0.52,0.5,94.91,2.09,126.12,0.69,63.06,10.31,15.89,30.34,13.69,19.49
1988,171,0.52,0.52,0.49,95.21,2.05,48.88,0.15,63.75,10.07,15.69,29.26,13.28,26.16
1988,172,0.52,0.52,0.48,95.08,2.26,64.0,0.0,61.06,10.31,15.1,32.08,13.72,23.6
1988,173,0.52,0.52,0.46,95.03,2.0,58.0,0.0,58.88,10.74,16.98,33.87,14.27,24.07
1988,174,0.52,0.51,0.45,95.24,1.89,76.12,0.0,61.75,11.17,16.97,30.18,14.87,26.1
1988,175,0.52,0.51,0.44,94.94,1.99,152.44,0.06,48.62,10.62,17.48,39.32,14.03,27.7
1988,176,0.52,0.51,0.42,94.83,2.96,305.06,0.33,60.19,11.17,17.31,29.77,14.84,24.32
1988,177,0.52,0.51,0.42,94.82,2.44,310.12,0.0,61.25,9.7,15.83,29.05,12.58,28.38
1988,178,0.51,0.5,0.41,94.76,1.98,181.06,0.53,55.94,9.52,15.82,31.72,12.24,28.11
1988,179,0.52,0.52,0.52,94.89,2.21,205.62,11.31,68.38,11.05,16.96,28.97,14.73,20.07
1988,180,0.52,0.52,0.52,94.89,1.94,218.31,1.43,60.12,9.64,16.43,28.8,12.52,26.32
1988,181,0.52,0.52,0.48,94.91,2.27,136.75,0.0,57.12,9.7,14.31,32.74,12.62,28.17
1988,182,0.52,0.52,0.45,94.53,2.69,179.75,0.0,41.5,9.03,17.82,40.76,11.36,25.85
1988,183,0.52,0.51,0.42,94.89,2.45,306.81,0.0,54.31,10.93,18.9,31.01,14.51,24.69
1988,184,0.51,0.51,0.41,94.9,1.94,241.0,0.0,49.25,9.03,18.08,33.58,11.42,29.53
1988,185,0.51,0.5,0.4,94.71,1.88,211.06,0.0,42.69,8.48,18.37,35.46,10.62,28.62
1988,186,0.51,0.5,0.38,94.46,1.39,175.0,0.0,41.06,9.58,19.11,39.65,12.33,23.85
1988,187,0.51,0.5,0.38,94.81,2.25,143.19,0.0,45.81,10.13,20.13,38.8,13.23,23.02
1988,188,0.5,0.49,0.37,95.38,1.41,114.44,0.0,47.56,10.38,18.69,39.68,13.68,26.58
1988,189,0.5,0.49,0.36,95.55,1.79,115.5,0.0,49.62,10.99,19.93,38.62,14.57,25.89
1988,190,0.5,0.49,0.35,95.32,1.87,221.88,0.0,43.06,9.83,21.15,40.29,12.49,25.77
1988,191,0.5,0.48,0.34,95.29,2.0,122.56,0.13,49.12,11.35,21.16,37.98,15.12,21.25
1988,192,0.5,0.48,0.34,95.4,1.72,127.5,0.77,45.38,10.99,21.94,40.47,14.32,22.26
1988,193,0.49,0.48,0.34,95.33,2.2,284.69,0.0,38.0,9.77,23.33,40.4,12.72,23.07
1988,194,0.49,0.48,0.34,95.24,1.76,177.38,0.0,40.62,9.77,22.49,37.95,12.71,24.95
1988,195,0.49,0.48,0.33,94.98,1.73,249.69,0.01,37.38,9.7,22.12,39.91,12.55,21.25
1988,196,0.49,0.48,0.33,95.12,2.34,199.69,0.03,44.81,10.68,20.98,36.3,14.13,24.43
1988,197,0.49,0.48,0.33,95.39,3.07,30.19,0.09,64.38,11.66,17.51,30.44,15.6,20.99
1988,198,0.49,0.48,0.33,95.42,2.38,68.25,0.0,60.38,9.83,15.98,29.62,12.94,24.85
1988,199,0.48,0.48,0.33,95.42,1.99,137.75,0.0,56.0,9.46,16.26,31.72,12.41,26.8
1988,200,0.48,0.48,0.32,95.42,2.06,109.69,0.0,46.5,8.42,16.61,33.41,10.55,28.55
1988,201,0.48,0.48,0.32,95.18,2.09,171.12,0.0,34.62,7.93,17.83,39.4,9.46,26.22
1988,202,0.48,0.48,0.32,95.11,2.45,306.56,0.76,49.44,10.86,19.94,34.53,14.37,25.08
1988,203,0.48,0.48,0.34,95.26,3.11,312.56,0.61,68.69,11.9,18.2,26.58,15.84,19.21
1988,204,0.48,0.48,0.34,95.34,2.41,101.62,0.3,67.25,12.57,18.8,30.37,16.74,24.37
1988,205,0.48,0.48,0.34,95.13,2.09,113.56,0.01,51.62,10.74,17.9,35.15,14.17,25.25
1988,206,0.48,0.48,0.32,95.13,2.13,248.88,0.0,41.38,9.83,21.76,36.6,12.82,24.25
1988,207,0.48,0.48,0.31,95.5,1.84,122.38,0.0,46.5,10.68,20.75,36.59,14.12,25.5
1988,208,0.48,0.47,0.3,95.39,2.04,179.38,0.0,37.06,9.09,21.46,39.27,11.7,26.47
1988,209,0.48,0.47,0.3,95.35,2.16,156.31,0.0,37.12,8.67,20.91,37.91,11.01,27.18
1988,210,0.48,0.47,0.29,95.38,1.91,89.62,0.0,36.69,8.18,19.11,37.96,10.05,27.0
1988,211,0.48,0.47,0.28,95.02,1.52,157.69,0.0,30.0,7.69,21.41,42.4,8.75,26.84
1988,212,0.48,0.47,0.28,95.13,2.01,42.19,0.0,46.25,11.29,22.19,39.64,14.4,23.35
1988,213,0.48,0.47,0.27,95.39,2.0,107.12,0.0,50.5,11.17,20.26,37.46,14.81,22.66
1988,214,0.48,0.46,0.27,95.45,1.86,175.0,0.0,34.12,8.73,21.77,42.15,10.94,25.68
1988,215,0.47,0.46,0.25,95.24,2.02,195.25,0.0,25.31,7.39,23.07,42.2,8.41,21.08
1988,216,0.47,0.46,0.24,94.82,3.84,228.44,0.0,22.88,7.2,26.81,42.21,8.14,24.15
1988,217,0.47,0.46,0.24,94.95,2.52,139.81,0.2,49.0,11.35,21.12,34.52,15.02,23.3
1988,218,0.47,0.46,0.24,95.11,2.3,63.44,0.0,50.75,10.56,18.88,35.9,13.84,26.23
1988,219,0.47,0.46,0.24,95.14,2.12,155.44,0.0,40.69,9.89,22.11,36.68,12.93,23.81
1988,220,0.47,0.46,0.23,95.21,2.08,323.0,0.02,49.81,11.17,21.42,34.41,14.77,25.53
1988,221,0.47,0.46,0.23,95.13,2.59,325.44,0.03,61.88,11.78,19.27,31.46,15.58,24.59
1988,222,0.47,0.46,0.23,95.19,2.2,245.25,0.0,58.19,10.68,18.44,32.17,13.93,26.05
1988,223,0.47,0.46,0.23,95.05,1.81,95.75,0.0,40.94,8.06,18.26,35.97,9.51,26.34
1988,224,0.47,0.46,0.23,94.95,1.66,186.38,0.0,35.44,8.42,19.91,37.2,10.33,23.63
1988,225,0.47,0.46,0.22,95.01,2.02,193.12,0.0,39.12,9.46,21.75,38.03,12.04,23.48
1988,226,0.47,0.46,0.21,95.13,1.96,169.5,0.0,44.44,10.56,22.3,37.25,13.94,23.66
1988,227,0.47,0.46,0.21,94.97,1.97,194.5,0.0,44.19,10.93,22.73,38.76,14.3,22.4
1988,228,0.47,0.46,0.21,95.09,2.1,295.38,0.1,62.06,13.37,21.14,33.58,17.62,22.9
1988,229,0.47,0.46,0.21,95.1,1.94,162.12,0.01,49.38,10.5,20.19,35.08,13.76,25.34
1988,230,0.47,0.46,0.2,95.18,2.34,73.69,0.0,43.56,9.28,20.39,35.76,11.81,22.75
1988,231,0.47,0.46,0.2,95.31,2.01,136.19,0.0,52.75,10.68,19.48,33.31,13.92,22.58
1988,232,0.47,0.46,0.2,95.12,1.72,158.38,0.12,49.31,10.5,20.85,34.39,13.73,23.35
1988,233,0.47,0.46,0.2,94.83,2.49,202.69,0.17,38.19,8.85,21.26,36.51,11.22,23.54
1988,234,0.47,0.46,0.2,94.74,2.35,188.94,0.37,40.44,9.58,21.52,39.13,11.94,22.45
1988,235,0.47,0.46,0.23,95.23,3.83,213.19,0.68,66.5,12.02,18.97,28.52,15.9,17.13
1988,236,0.47,0.46,0.23,95.28,2.73,42.06,0.03,57.12,9.64,17.9,29.73,12.57,21.62
1988,237,0.47,0.46,0.24,95.02,2.52,167.56,0.95,55.12,9.89,16.93,32.05,12.94,21.9
1988,238,0.47,0.46,0.25,94.89,2.05,111.25,0.0,50.38,9.34,17.94,34.55,11.92,25.5
1988,239,0.47,0.46,0.24,95.22,2.35,47.88,0.0,61.88,11.11,17.12,31.76,14.72,22.67
1988,240,0.47,0.46,0.23,95.34,1.92,133.38,0.0,58.06,10.8,17.31,34.27,14.26,25.0
1988,241,0.47,0.46,0.23,95.18,1.58,153.5,0.0,34.25,7.14,19.03,38.14,7.7,22.71
1988,242,0.47,0.46,0.21,94.86,2.91,258.25,0.05,32.75,8.54,22.83,40.77,10.06,18.57
1988,243,0.47,0.46,0.23,95.05,1.97,92.0,1.37,56.62,13.12,22.83,33.19,17.32,17.46
1988,244,0.47,0.46,0.25,95.08,2.85,217.5,0.02,25.25,6.47,23.49,39.63,6.21,17.19
1988,245,0.47,0.46,0.23,94.95,2.62,233.12,0.02,25.62,6.29,22.43,39.28,5.53,20.36
1988,246,0.47,0.46,0.22,94.8,3.68,209.81,0.0,40.94,8.79,21.01,34.28,10.04,22.15
1988,247,0.47,0.46,0.21,95.03,2.04,144.81,0.0,51.31,10.19,19.56,37.15,12.52,23.27
1988,248,0.47,0.46,0.21,95.2,2.02,168.62,0.0,39.44,8.67,20.5,39.56,10.33,22.53
1988,249,0.46,0.46,0.2,95.6,2.05,143.94,0.0,44.94,10.01,20.37,37.75,12.86,22.7
1988,250,0.46,0.46,0.2,95.69,1.91,78.0,0.0,52.31,9.7,18.51,34.77,12.22,22.37
1988,251,0.46,0.46,0.2,95.37,2.39,279.88,0.0,44.94,8.73,19.35,33.65,10.8,22.16
1988,252,0.46,0.46,0.19,95.22,2.29,201.5,0.0,56.88,10.31,18.23,31.66,13.2,22.01
1988,253,0.46,0.46,0.2,95.38,2.03,95.81,0.39,62.75,11.05,18.26,30.59,14.6,21.7
1988,254,0.46,0.46,0.2,95.49,1.72,163.25,0.02,57.62,9.89,16.37,29.73,13.01,20.3
1988,255,0.46,0.46,0.2,95.56,1.86,172.31,0.21,43.75,8.48,17.92,33.55,10.5,17.12
1988,256,0.46,0.46,0.21,95.41,2.08,151.56,0.36,55.62,10.5,19.04,31.94,13.86,18.87
1988,257,0.46,0.46,0.21,94.97,1.69,160.81,0.03,51.31,9.22,18.02,32.05,11.65,20.93
1988,258,0.47,0.46,0.29,94.67,3.76,219.94,10.75,57.31,10.13,17.68,29.42,12.8,18.97
1988,259,0.48,0.49,0.54,95.29,3.33,151.25,5.57,66.12,8.42,14.51,22.44,10.59,14.13
1988,260,0.5,0.52,0.62,95.06,4.06,236.0,24.82,79.0,9.03,14.35,17.48,11.59,8.74
1988,261,0.51,0.53,0.53,95.27,3.8,311.81,1.77,71.69,8.12,12.72,19.72,10.09,10.39
1988,262,0.51,0.52,0.5,95.52,2.08,315.81,0.66,72.25,8.48,12.19,21.87,10.7,17.11
1988,263,0.51,0.52,0.5,95.76,1.79,231.56,0.58,72.44,8.67,13.69,21.3,11.17,12.2
1988,264,0.51,0.52,0.52,95.57,1.41,299.94,3.83,72.06,8.97,13.86,23.01,11.58,16.0
1988,265,0.51,0.52,0.51,95.33,2.17,311.94,1.44,77.56,9.89,13.55,22.94,13.08,15.01
1988,266,0.51,0.52,0.49,95.18,1.38,196.56,0.04,64.06,8.36,12.72,27.37,10.19,19.66
1988,267,0.51,0.51,0.48,95.29,1.85,204.94,0.0,53.75,7.69,13.38,29.33,9.13,19.42
1988,268,0.51,0.51,0.48,95.64,1.91,181.5,0.0,57.0,8.3,14.63,29.53,10.14,19.16
1988,269,0.51,0.5,0.48,95.97,1.77,88.75,0.0,67.5,9.22,13.46,29.5,11.78,18.84
1988,270,0.5,0.5,0.48,96.07,1.84,85.0,0.0,73.88,9.7,12.87,27.21,12.9,18.54
1988,271,0.5,0.5,0.47,95.83,1.62,85.25,0.0,67.19,8.67,11.97,28.41,10.56,18.03
1988,272,0.5,0.5,0.47,95.52,1.57,176.62,0.2,64.75,8.67,13.58,27.73,10.8,18.56
1988,273,0.5,0.49,0.48,95.1,1.88,213.31,0.66,60.38,9.03,13.52,29.04,11.64,17.41
1988,274,0.5,0.49,0.48,94.91,2.37,231.19,0.95,61.44,9.7,15.43,28.63,12.67,14.7
1988,275,0.49,0.49,0.47,95.19,1.76,137.0,0.17,56.81,9.09,15.64,30.26,11.57,18.36
1988,276,0.49,0.49,0.48,95.4,1.96,119.62,1.25,67.81,10.93,15.22,29.53,14.56,13.51
1988,277,0.49,0.49,0.48,95.37,1.34,223.88,0.23,64.06,10.62,17.01,29.46,14.12,18.17
1988,278,0.49,0.49,0.48,95.31,1.56,237.81,1.09,66.81,10.99,16.6,28.37,14.6,7.66
1988,279,0.49,0.49,0.47,95.33,1.12,154.88,0.01,65.5,10.44,15.92,28.87,13.78,17.16
1988,280,0.49,0.49,0.48,95.34,1.08,183.69,1.32,66.44,10.5,16.87,27.29,13.89,16.58
1988,281,0.49,0.49,0.47,95.12,1.88,223.12,0.11,55.25,9.09,15.49,29.89,11.63,16.79
1988,282,0.49,0.48,0.46,95.35,1.65,206.12,0.01,64.81,10.19,16.3,29.44,13.39,16.79
1988,283,0.48,0.48,0.45,95.41,1.55,219.94,0.0,58.81,9.09,14.75,31.8,11.55,15.31
1988,284,0.48,0.48,0.45,95.26,2.38,239.75,0.01,44.12,7.87,17.12,32.12,9.44,14.95
1988,285,0.48,0.48,0.45,94.96,1.82,260.88,0.07,52.5,8.36,16.22,28.69,10.11,11.45
1988,286,0.48,0.48,0.45,94.84,0.99,198.06,0.38,71.56,10.13,16.15,22.05,13.3,12.75
1988,287,0.48,0.48,0.45,94.64,2.18,235.31,0.19,67.19,9.58,14.58,29.23,12.27,12.8
1988,288,0.48,0.48,0.45,94.61,2.21,148.0,0.03,61.06,8.91,14.36,31.0,11.03,10.42
1988,289,0.48,0.48,0.42,94.76,3.67,158.31,0.0,34.06,6.04,18.43,30.17,5.69,9.36
1988,290,0.48,0.48,0.41,95.03,3.4,158.12,0.0,40.25,6.84,18.64,28.92,7.45,6.78
1988,291,0.48,0.48,0.4,95.07,3.16,182.69,0.0,41.75,7.08,18.43,29.79,7.98,4.68
1988,292,0.48,0.47,0.39,94.99,2.02,181.56,0.13,51.19,7.87,15.85,26.12,9.62,7.35
1988,293,0.48,0.47,0.4,94.97,2.09,248.44,1.57,57.38,8.06,14.85,26.47,9.65,2.57
1988,294,0.48,0.48,0.47,95.63,2.09,317.38,2.31,76.62,9.4,14.17,21.55,12.32,12.5
1988,295,0.48,0.48,0.46,95.58,1.37,193.5,0.67,71.81,8.73,13.62,22.75,11.23,14.22
1988,296,0.48,0.48,0.45,95.43,1.7,211.38,0.46,72.62,8.18,12.37,21.36,10.14,11.89
1988,297,0.48,0.48,0.44,95.42,1.49,205.81,0.0,69.94,7.32,9.23,23.85,8.46,15.21
1988,298,0.48,0.48,0.43,95.65,1.69,291.06,0.0,72.19,7.63,10.2,22.81,9.17,15.34
1988,299,0.48,0.48,0.42,95.66,1.48,163.06,0.0,71.25,7.69,9.6,24.42,9.11,15.27
1988,300,0.48,0.48,0.41,95.47,1.51,174.12,0.0,58.06,6.41,9.59,26.49,6.21,14.97
1988,301,0.48,0.47,0.4,95.41,1.98,219.12,0.0,44.25,5.13,9.97,27.13,3.36,14.77
1988,302,0.48,0.47,0.38,95.65,1.91,231.06,0.0,44.5,5.25,10.45,27.15,3.75,14.91
1988,303,0.48,0.47,0.38,95.7,1.42,238.25,0.0,42.12,5.0,10.12,28.4,3.01,14.54
1988,304,0.48,0.47,0.37,95.33,1.91,242.25,0.01,48.44,6.41,13.13,24.77,6.47,10.11
1988,305,0.48,0.47,0.37,95.23,2.64,293.69,0.06,71.62,8.48,12.15,23.96,10.52,14.04
1988,306,0.48,0.47,0.37,95.54,1.38,222.81,0.01,74.94,8.42,10.58,22.83,10.48,13.98
1988,307,0.47,0.47,0.36,95.47,2.11,223.69,0.0,59.06,7.32,10.83,25.21,8.44,10.63
1988,308,0.47,0.47,0.36,95.15,1.61,230.56,0.0,51.44,7.02,14.58,26.96,7.72,12.61
1988,309,0.47,0.47,0.34,94.9,2.49,212.94,0.0,42.88,6.23,14.74,26.5,5.99,5.89
1988,310,0.47,0.47,0.34,95.1,2.58,105.31,0.0,66.12,8.18,12.95,21.3,9.94,11.76
1988,311,0.47,0.47,0.34,95.18,1.23,189.44,0.0,67.88,8.12,11.79,23.55,10.08,12.6
1988,312,0.48,0.48,0.49,95.25,1.52,188.06,7.98,80.0,9.52,12.92,20.8,12.47,8.1
1988,313,0.48,0.48,0.48,95.24,1.45,205.94,0.1,73.12,8.61,10.88,24.26,10.9,13.86
1988,314,0.48,0.48,0.49,95.24,1.64,187.75,2.8,74.31,9.34,14.2,22.63,12.19,12.4
1988,315,0.48,0.48,0.48,95.25,1.06,215.06,0.04,70.06,8.85,12.24,23.53,11.32,7.02
1988,316,0.48,0.48,0.47,95.34,1.69,194.88,0.8,68.56,9.34,13.98,25.27,12.19,9.02
1988,317,0.48,0.48,0.47,95.46,2.38,180.06,0.72,66.44,8.67,13.76,25.46,11.07,6.74
1988,318,0.48,0.48,0.49,95.53,1.45,231.44,4.04,71.56,8.79,13.01,22.79,11.19,9.53
1988,319,0.49,0.5,0.56,95.52,1.73,332.88,10.01,90.5,9.4,12.13,16.89,12.36,4.55
1988,320,0.5,0.52,0.58,95.34,2.66,281.31,11.57,88.5,9.09,11.27,17.19,11.74,5.84
1988,321,0.51,0.52,0.54,95.66,1.77,62.62,2.45,82.81,8.12,9.76,18.12,10.08,11.91
1988,322,0.51,0.52,0.5,95.91,1.46,145.19,0.01,69.81,6.04,7.51,19.6,5.69,12.22
1988,323,0.51,0.52,0.49,95.74,2.3,234.75,0.0,66.62,5.62,6.91,19.72,4.77,12.56
1988,324,0.51,0.51,0.5,95.36,2.54,288.75,1.02,81.12,6.53,6.12,14.72,6.59,3.83
1988,325,0.51,0.51,0.5,95.05,1.81,273.19,0.1,71.69,6.35,7.64,18.19,6.21,11.96
1988,326,0.51,0.51,0.51,94.49,3.75,253.94,4.84,70.94,6.59,7.58,18.49,6.6,8.6
1988,327,0.52,0.53,0.59,94.8,2.73,15.44,10.62,81.5,5.62,5.89,10.23,4.64,3.46
1988,328,0.52,0.54,0.55,95.3,2.82,273.25,3.45,77.38,4.82,3.99,10.64,2.48,3.08
1988,329,0.52,0.53,0.52,95.33,1.85,328.56,0.77,77.88,5.0,4.19,11.38,3.18,7.85
1988,330,0.52,0.53,0.52,95.35,1.9,232.56,0.15,73.69,4.88,3.83,12.23,2.81,8.18
1988,331,0.52,0.53,0.52,94.95,1.16,195.88,0.01,65.94,4.27,1.33,14.87,0.76,7.36
1988,332,0.52,0.53,0.51,95.12,1.39,97.12,0.0,74.31,5.0,4.31,12.8,2.74,8.59
1988,333,0.52,0.52,0.51,95.65,1.67,34.56,0.25,80.81,6.04,6.19,14.15,5.8,8.85
1988,334,0.52,0.52,0.51,95.79,1.34,305.69,0.15,81.75,6.41,6.65,15.55,6.63,9.23
1988,335,0.52,0.52,0.51,95.2,2.52,222.56,0.07,79.62,6.04,5.0,17.14,5.76,11.6
1988,336,0.52,0.52,0.51,93.98,4.3,219.75,1.2,71.69,5.8,5.64,16.89,4.94,7.46
1988,337,0.52,0.52,0.52,94.32,4.27,270.56,1.39,74.12,6.1,6.66,15.13,5.73,4.36
1988,338,0.52,0.52,0.52,95.2,3.1,267.38,2.67,82.0,6.29,4.62,16.11,6.2,8.47
1988,339,0.52,0.53,0.52,95.85,2.91,293.44,0.18,80.94,6.1,6.3,14.58,5.9,8.41
1988,340,0.52,0.53,0.51,95.7,2.2,275.0,0.0,79.38,6.04,4.18,17.31,5.56,10.54
1988,341,0.52,0.53,0.53,95.18,2.26,197.38,4.34,77.19,6.47,7.13,15.84,6.45,8.25
1988,342,0.53,0.55,0.59,95.17,2.62,274.19,10.57,88.31,5.98,4.95,9.69,5.64,0.8
1988,343,0.55,0.57,0.65,95.32,3.61,287.69,18.1,87.12,5.31,5.0,9.25,3.94,3.0
1988,344,0.56,0.59,0.66,95.5,4.57,257.81,13.64,81.69,5.37,4.76,9.86,4.11,3.34
1988,345,0.58,0.61,0.68,95.53,3.55,346.0,10.52,84.75,6.16,6.38,12.2,6.12,6.96
1988,346,0.59,0.61,0.66,95.82,2.07,332.81,6.69,90.06,6.59,5.73,12.62,7.08,7.4
1988,347,0.59,0.61,0.64,95.71,2.28,316.31,2.74,90.88,6.53,5.99,12.25,6.94,3.42
1988,348,0.59,0.61,0.65,95.33,1.53,305.19,3.05,89.12,6.1,5.37,10.71,5.92,6.64
1988,349,0.59,0.61,0.62,95.34,1.27,143.38,0.28,80.81,5.49,3.21,13.95,4.44,9.66
1988,350,0.59,0.6,0.63,95.26,3.3,304.12,2.32,83.94,5.86,4.1,11.34,5.21,4.22
1988,351,0.59,0.61,0.65,94.97,3.58,311.62,4.14,88.25,6.41,7.14,11.16,6.65,2.5
1988,352,0.6,0.61,0.64,95.48,2.24,265.88,2.7,85.88,5.68,5.84,10.31,4.97,4.86
1988,353,0.6,0.61,0.66,96.03,2.73,318.31,3.74,87.19,5.55,4.75,10.15,4.61,5.09
1988,354,0.6,0.61,0.65,96.04,2.56,311.69,2.32,87.12,5.68,4.99,10.52,4.98,3.33
1988,355,0.61,0.62,0.7,94.98,4.09,300.19,15.93,89.88,5.8,3.14,10.93,5.05,2.76
1988,356,0.63,0.66,0.77,95.23,5.2,157.0,20.33,92.62,6.41,6.4,9.0,6.56,3.51
1988,357,0.66,0.69,0.78,96.21,1.88,109.56,16.93,90.44,6.1,5.91,9.66,6.15,7.3
1988,358,0.66,0.68,0.72,96.21,1.25,255.75,0.65,80.62,5.0,3.35,11.67,3.26,9.86
1988,359,0.66,0.67,0.71,96.17,1.38,276.94,0.0,82.88,5.0,1.01,12.9,3.19,11.03
1988,360,0.66,0.66,0.7,96.19,1.34,206.69,0.0,79.25,4.88,1.9,15.23,2.58,11.01
1988,361,0.66,0.66,0.7,96.17,1.34,251.94,0.0,73.19,4.76,1.88,14.36,2.31,10.84
1988,362,0.66,0.66,0.7,96.11,1.29,164.75,0.0,76.81,5.0,2.24,14.76,2.93,11.08
1988,363,0.66,0.66,0.7,96.27,1.66,129.5,0.0,86.88,5.43,3.26,13.57,4.4,11.11
1988,364,0.66,0.66,0.7,96.55,1.91,128.12,0.0,87.0,5.49,3.17,13.76,4.5,10.41
1988,365,0.65,0.66,0.69,96.65,1.23,125.19,0.0,83.56,5.19,2.13,14.33,3.72,10.77
1988,366,0.65,0.66,0.69,96.54,1.03,279.88,0.0,83.75,5.43,4.29,12.53,4.37,7.34
1989,1,0.65,0.66,0.69,96.26,1.2,245.44,0.07,82.88,5.13,1.46,11.8,3.5,8.06
1989,2,0.65,0.66,0.69,96.24,1.03,137.0,0.07,76.81,4.88,4.05,12.65,2.86,11.14
1989,3,0.65,0.66,0.69,96.43,1.25,172.12,0.02,84.94,5.31,1.59,13.95,4.04,11.19
1989,4,0.65,0.66,0.69,96.64,1.2,269.88,0.5,86.06,5.62,3.57,12.58,4.8,9.06
1989,5,0.65,0.66,0.7,96.49,2.23,318.38,3.83,93.44,6.1,6.06,9.37,6.12,5.31
1989,6,0.66,0.67,0.74,95.83,1.78,289.94,9.42,85.31,5.13,2.68,9.73,3.49,4.46
1989,7,0.66,0.67,0.7,95.51,1.95,246.81,0.0,77.88,4.88,2.51,13.24,2.63,11.11
1989,8,0.66,0.66,0.7,95.73,1.45,233.06,0.0,81.38,5.19,2.87,14.36,3.53,11.73
1989,9,0.66,0.66,0.7,95.73,1.99,218.56,0.0,66.81,4.7,2.37,18.46,2.05,11.39
1989,10,0.66,0.66,0.69,95.71,2.54,216.88,0.0,58.25,4.09,3.4,18.2,0.18,11.64
1989,11,0.66,0.66,0.69,95.82,1.82,220.75,0.0,56.62,3.78,1.97,18.06,-0.78,11.89
1989,12,0.65,0.66,0.69,96.01,1.48,221.0,0.0,50.19,3.36,0.83,16.81,-2.49,11.26
1989,13,0.65,0.66,0.69,96.46,1.23,133.62,0.0,64.81,4.33,4.69,14.8,0.74,10.43
1989,14,0.65,0.66,0.69,96.58,1.59,92.94,0.2,87.75,5.98,4.37,14.51,5.66,6.89
1989,15,0.65,0.66,0.69,96.61,1.55,124.44,0.11,83.81,5.43,4.49,12.95,4.46,10.26
1989,16,0.65,0.66,0.69,96.47,1.39,124.38,0.03,84.56,5.8,5.56,12.88,5.33,7.57
1989,17,0.65,0.65,0.68,96.25,0.95,104.12,0.04,75.38,5.43,5.77,15.58,4.32,12.11
1989,18,0.65,0.65,0.69,96.1,0.73,176.25,0.06,90.75,6.1,5.09,9.82,6.05,9.84
1989,19,0.65,0.65,0.68,96.08,0.91,132.75,0.07,87.0,5.68,4.59,12.72,4.91,13.15
1989,20,0.65,0.65,0.68,96.1,0.95,163.81,0.01,76.75,5.37,3.17,14.3,4.05,13.63
1989,21,0.65,0.66,0.7,96.03,1.77,277.88,4.37,88.06,6.1,6.01,12.12,6.0,10.3
1989,22,0.65,0.66,0.73,95.87,3.46,298.5,9.62,85.81,5.8,5.8,11.19,5.29,5.58
1989,23,0.67,0.69,0.79,95.81,3.6,328.38,19.86,88.38,5.74,4.41,9.79,5.12,4.39
1989,24,0.68,0.7,0.74,96.0,1.63,338.0,2.24,85.44,5.86,6.43,11.06,5.48,8.17
1989,25,0.68,0.69,0.73,96.07,1.09,150.88,0.05,79.38,4.94,2.9,13.37,2.9,12.79
1989,26,0.68,0.69,0.72,95.9,1.48,197.5,0.0,73.12,4.52,0.74,15.12,1.62,13.63
1989,27,0.67,0.68,0.72,96.09,1.11,198.25,0.06,68.69,4.27,1.26,14.01,0.93,11.84
1989,28,0.67,0.68,0.72,96.32,1.32,130.0,0.05,73.25,4.33,1.58,12.62,1.11,10.26
1989,29,0.67,0.68,0.72,96.58,1.16,53.19,1.02,87.31,5.62,3.78,11.64,4.83,8.39
1989,30,0.67,0.68,0.71,96.7,0.92,109.69,0.14,77.88,4.88,2.87,12.96,2.79,12.54
1989,31,0.67,0.68,0.71,96.83,1.33,142.44,0.0,78.38,4.52,0.87,14.59,1.81,14.14
1989,32,0.67,0.67,0.71,96.71,1.2,176.69,0.01,77.44,4.76,2.27,14.29,2.43,12.48
1989,33,0.67,0.67,0.71,96.53,1.34,177.44,0.02,79.88,4.94,1.97,14.19,3.01,6.32
1989,34,0.66,0.67,0.7,96.37,1.59,189.81,0.03,78.31,4.88,1.28,14.29,2.87,12.52
1989,35,0.66,0.67,0.7,96.18,1.7,221.44,0.0,67.44,4.27,1.87,14.56,0.96,13.7
1989,36,0.66,0.67,0.7,96.1,1.36,177.94,0.03,75.12,4.52,1.8,12.01,1.73,9.56
1989,37,0.66,0.67,0.7,96.33,1.5,126.12,0.36,82.56,5.25,3.38,12.5,3.9,10.67
1989,38,0.66,0.66,0.7,96.28,1.48,119.31,0.07,79.0,5.0,1.27,15.4,3.13,13.88
1989,39,0.66,0.66,0.7,95.95,1.27,209.81,0.01,72.62,4.58,1.03,14.98,1.83,14.06
1989,40,0.66,0.66,0.7,95.57,1.61,207.88,0.16,72.0,4.88,1.76,14.76,2.58,12.8
1989,41,0.66,0.66,0.7,95.73,0.95,129.5,0.64,82.75,5.55,3.51,11.8,4.66,10.5
1989,42,0.66,0.66,0.7,96.44,1.99,112.75,0.04,79.88,5.0,2.52,13.81,3.26,13.39
1989,43,0.66,0.66,0.69,97.06,1.62,92.06,0.09,84.75,5.74,3.97,13.92,5.22,12.68
1989,44,0.66,0.66,0.69,96.79,1.99,283.12,0.03,84.25,5.13,2.19,12.73,3.67,15.47
1989,45,0.66,0.66,0.7,95.94,3.71,297.19,1.97,80.5,5.07,3.04,11.01,3.3,12.6
1989,46,0.68,0.7,0.8,95.48,5.82,331.19,28.49,82.81,5.13,5.0,9.52,3.52,4.46
1989,47,0.68,0.7,0.73,95.81,2.59,324.81,1.03,82.5,5.13,2.94,11.11,3.55,13.53
1989,48,0.68,0.7,0.72,95.88,1.71,244.44,0.0,63.44,4.15,-0.81,19.06,0.4,17.06
1989,49,0.68,0.69,0.72,96.15,1.76,268.81,0.0,56.94,4.27,2.89,20.17,0.67,16.76
1989,50,0.68,0.68,0.71,96.46,1.45,214.25,0.0,55.12,4.52,5.28,19.73,1.42,17.26
1989,51,0.67,0.68,0.7,96.23,1.65,224.0,0.0,56.69,4.88,5.9,22.15,2.73,13.69
1989,52,0.67,0.67,0.7,95.69,1.55,210.38,0.0,58.44,5.19,5.55,20.16,3.37,15.79
1989,53,0.67,0.67,0.7,95.45,1.09,169.75,0.0,68.12,5.74,6.61,18.67,4.73,13.64
1989,54,0.66,0.67,0.7,94.88,0.81,202.62,0.08,72.88,6.1,6.88,17.47,5.65,14.44
1989,55,0.66,0.67,0.7,94.02,2.39,227.38,0.34,70.62,5.86,6.81,16.61,5.12,11.08
1989,56,0.66,0.67,0.7,93.34,5.23,251.06,2.05,70.31,6.41,6.67,16.44,6.34,14.11
1989,57,0.66,0.67,0.72,93.4,5.7,268.0,7.68,75.06,7.57,10.73,16.76,8.75,7.38
1989,58,0.67,0.68,0.71,94.29,5.49,287.56,1.72,72.44,5.62,4.23,11.8,4.26,10.12
1989,59,0.66,0.67,0.7,94.79,3.36,264.88,0.32,78.0,6.29,3.73,17.43,6.01,15.28
1989,60,0.66,0.67,0.7,95.07,3.36,266.88,0.04,78.62,6.65,6.26,18.49,7.13,15.74
1989,61,0.66,0.66,0.69,95.6,1.85,247.56,0.0,70.12,6.23,5.92,20.82,6.09,17.77
1989,62,0.66,0.66,0.68,95.33,3.16,270.0,0.0,66.69,5.98,7.08,19.94,5.4,17.86
1989,63,0.66,0.66,0.68,95.54,2.04,316.88,0.0,79.62,6.35,4.76,16.67,6.41,16.28
1989,64,0.66,0.66,0.68,95.5,1.15,111.5,0.0,67.5,5.43,4.22,19.96,3.94,18.2
1989,65,0.65,0.66,0.67,95.37,1.9,206.0,0.0,64.56,5.8,5.49,21.52,5.15,18.33
1989,66,0.65,0.65,0.67,95.48,1.51,213.25,0.0,66.81,5.86,7.0,19.58,5.32,18.2
1989,67,0.65,0.65,0.67,95.38,2.27,275.38,1.4,74.75,6.47,6.64,18.82,6.51,10.84
1989,68,0.65,0.66,0.7,95.46,3.28,333.31,4.89,81.44,6.04,5.48,12.87,5.83,9.47
1989,69,0.65,0.66,0.68,95.59,2.6,114.25,1.08,80.69,6.29,7.05,15.05,6.42,9.28
1989,70,0.65,0.66,0.67,95.79,1.42,79.44,0.59,79.31,6.47,6.09,18.0,6.77,18.37
1989,71,0.65,0.65,0.66,95.62,1.48,133.19,0.0,65.5,5.74,5.02,22.53,4.93,19.85
1989,72,0.64,0.64,0.66,95.12,2.25,252.88,0.0,54.12,5.62,7.4,23.67,4.62,19.71
1989,73,0.64,0.64,0.66,95.3,1.91,220.12,0.0,76.44,6.65,7.18,17.56,7.06,15.7
1989,74,0.64,0.64,0.66,95.12,1.58,186.69,0.0,70.5,5.86,4.7,20.48,5.31,20.19
1989,75,0.63,0.63,0.65,94.58,2.1,227.94,0.0,56.88,5.74,7.1,23.44,4.8,20.6
1989,76,0.63,0.63,0.64,94.35,1.85,190.31,0.0,59.94,6.04,7.46,23.23,5.39,20.11
1989,77,0.63,0.62,0.64,94.25,1.86,164.75,0.63,69.75,7.39,8.45,22.69,8.48,17.89
1989,78,0.62,0.62,0.63,93.74,2.79,156.12,0.09,58.0,6.41,8.71,24.9,6.25,17.31
1989,79,0.62,0.62,0.65,93.79,2.38,252.44,5.73,66.19,5.49,5.5,16.26,3.92,11.93
1989,80,0.63,0.64,0.7,94.7,5.21,324.38,10.7,80.25,6.1,6.51,12.69,5.78,10.09
1989,81,0.64,0.66,0.71,95.17,4.73,330.06,10.95,88.38,6.84,6.94,11.61,7.6,12.3
1989,82,0.65,0.66,0.7,95.48,4.91,320.25,3.68,83.19,6.84,7.12,14.69,7.55,16.07
1989,83,0.65,0.66,0.68,95.37,4.09,323.88,1.25,79.5,5.98,6.38,13.47,5.7,17.62
1989,84,0.65,0.66,0.68,95.42,3.05,318.88,1.09,79.12,6.29,6.29,14.98,6.32,12.81
1989,85,0.65,0.65,0.66,95.39,1.37,155.81,0.02,69.0,5.98,5.46,21.65,5.52,23.07
1989,86,0.64,0.64,0.66,95.18,2.51,209.75,0.0,52.69,5.31,7.24,24.22,3.9,22.26
1989,87,0.64,0.64,0.65,94.88,2.09,180.38,0.0,53.81,5.74,8.18,23.5,4.8,21.65
1989,88,0.63,0.63,0.65,94.9,1.5,193.06,0.09,68.25,6.77,8.78,22.08,7.15,18.85
1989,89,0.63,0.63,0.64,94.91,1.79,149.81,0.05,66.62,6.84,7.79,23.57,7.3,21.37
1989,90,0.63,0.62,0.64,95.08,1.52,163.62,0.01,70.5,7.08,8.53,24.41,7.8,18.9
1989,91,0.62,0.62,0.63,95.11,1.93,207.38,0.04,67.81,6.9,7.91,22.69,7.65,22.52
1989,92,0.62,0.62,0.62,94.48,2.59,194.75,1.05,55.25,6.23,8.01,26.37,5.96,22.4
1989,93,0.62,0.62,0.64,93.73,2.42,220.75,2.12,68.06,7.39,10.29,18.72,8.45,19.22
1989,94,0.62,0.63,0.69,93.76,2.3,247.06,10.34,84.19,6.29,5.07,11.73,6.06,6.57
1989,95,0.63,0.63,0.65,94.43,3.18,249.81,0.06,65.06,4.88,3.6,16.08,2.53,17.69
1989,96,0.63,0.63,0.64,95.24,2.43,241.81,0.0,67.0,5.25,4.82,16.51,3.67,24.06
1989,97,0.62,0.62,0.64,95.21,2.09,203.19,0.0,55.88,5.07,4.43,21.64,3.15,22.66
1989,98,0.62,0.62,0.62,94.92,1.99,190.94,0.0,49.75,5.25,7.61,24.31,3.65,22.41
1989,99,0.62,0.62,0.62,94.43,2.1,180.5,0.0,49.75,5.8,8.65,27.03,4.85,25.11
1989,100,0.62,0.62,0.62,93.77,3.8,278.38,2.14,71.25,7.08,9.01,20.88,7.7,19.09
1989,101,0.62,0.63,0.71,94.36,4.84,290.06,16.28,85.44,7.51,8.4,13.27,8.73,5.93
1989,102,0.63,0.64,0.65,94.57,3.46,280.88,0.73,71.62,7.45,6.32,21.82,8.62,17.76
1989,103,0.63,0.63,0.66,94.5,4.66,289.69,3.27,71.12,7.08,10.06,17.99,7.83,22.2
1989,104,0.63,0.63,0.65,94.88,4.06,298.69,1.06,74.19,6.29,5.32,15.85,6.23,12.3
1989,105,0.62,0.63,0.64,95.18,2.66,274.38,0.0,68.81,5.68,3.64,19.45,4.56,24.97
1989,106,0.62,0.62,0.63,94.86,2.78,283.0,1.41,71.94,7.2,6.98,22.02,8.12,22.75
1989,107,0.62,0.62,0.63,94.79,1.85,315.5,0.05,64.25,5.68,7.74,18.83,4.44,24.25
1989,108,0.62,0.62,0.63,94.85,1.84,130.81,1.79,63.44,5.68,6.98,20.61,4.8,23.55
1989,109,0.62,0.62,0.64,94.8,1.45,145.81,1.15,85.5,7.93,8.53,16.63,9.59,8.34
1989,110,0.62,0.62,0.63,94.8,1.77,237.12,0.79,71.75,7.57,9.4,21.15,8.93,17.12
1989,111,0.62,0.62,0.62,95.06,1.98,264.25,0.1,72.69,7.08,8.79,20.16,7.98,22.12
1989,112,0.62,0.61,0.62,94.97,1.69,201.56,0.04,67.25,6.84,7.38,22.62,7.43,24.94
1989,113,0.61,0.61,0.63,94.82,1.0,175.44,2.92,70.12,8.18,10.35,22.3,10.12,22.61
1989,114,0.61,0.61,0.61,94.45,2.33,182.56,0.0,58.12,7.75,10.92,27.05,9.31,25.51
1989,115,0.61,0.6,0.59,93.72,4.61,212.44,0.0,52.75,6.9,9.91,28.2,7.39,26.24
1989,116,0.61,0.6,0.65,94.11,1.91,176.06,11.59,69.5,7.02,7.9,22.4,7.64,26.1
1989,117,0.62,0.63,0.7,94.85,3.68,297.62,13.4,79.94,6.35,6.25,11.9,6.19,10.33
1989,118,0.63,0.64,0.7,94.92,4.44,281.12,13.15,75.06,6.04,3.8,16.7,5.56,16.1
1989,119,0.64,0.66,0.69,94.91,4.87,311.5,4.73,71.81,5.31,5.73,13.07,3.85,13.25
1989,120,0.64,0.65,0.66,95.09,2.97,319.25,1.08,73.88,5.55,5.41,13.83,4.48,15.51
1989,121,0.64,0.64,0.66,95.4,2.04,224.06,2.71,71.06,5.68,5.57,15.52,4.83,11.34
1989,122,0.63,0.64,0.66,95.39,2.14,310.56,0.0,70.44,5.62,4.25,17.01,4.65,21.03
1989,123,0.63,0.63,0.65,95.13,1.53,106.0,0.0,63.31,5.62,6.04,19.78,4.72,26.58
1989,124,0.63,0.63,0.66,95.29,1.81,79.62,2.45,66.06,6.41,8.62,19.68,6.59,19.43
1989,125,0.63,0.63,0.64,95.69,1.61,135.69,0.0,65.12,6.35,7.19,21.8,6.55,25.4
1989,126,0.62,0.62,0.63,95.51,1.52,183.62,0.0,55.88,6.16,7.29,25.98,5.91,26.61
1989,127,0.62,0.62,0.62,94.97,1.87,197.38,0.0,46.75,6.1,9.48,28.72,5.64,25.87
1989,128,0.62,0.62,0.62,94.85,1.58,159.94,0.0,49.81,6.77,12.37,27.78,7.07,25.93
1989,129,0.62,0.61,0.61,94.84,1.38,95.06,0.0,54.88,7.87,12.45,30.23,9.26,26.4
1989,130,0.61,0.6,0.6,94.97,1.65,203.31,0.0,59.81,8.67,14.1,26.62,10.76,23.93
1989,131,0.61,0.6,0.59,94.7,1.22,178.38,0.02,53.62,8.54,13.25,34.22,10.39,24.87
1989,132,0.6,0.59,0.59,94.51,2.18,301.06,0.46,71.56,9.28,11.64,22.35,11.87,18.0
1989,133,0.6,0.59,0.59,94.89,2.05,314.0,0.55,69.25,8.42,10.83,24.45,10.55,24.43
1989,134,0.59,0.59,0.59,95.6,2.52,239.38,0.08,75.75,8.91,11.81,22.38,11.51,22.23
1989,135,0.59,0.59,0.59,95.82,1.85,74.5,0.0,62.31,6.77,10.68,22.83,7.37,26.25
1989,136,0.59,0.59,0.59,95.77,1.93,120.25,0.0,65.25,6.9,10.5,22.34,7.65,28.38
1989,137,0.59,0.59,0.58,95.64,1.98,312.5,0.0,65.12,7.14,10.04,22.3,8.19,25.7
1989,138,0.59,0.58,0.58,95.47,1.98,193.69,0.0,65.5,7.51,10.54,23.98,8.87,27.41
1989,139,0.59,0.58,0.57,95.38,1.59,178.69,0.01,58.12,7.26,9.86,27.47,8.4,25.72
1989,140,0.58,0.57,0.56,95.19,1.34,164.12,0.0,52.5,7.87,12.42,29.98,9.48,26.14
1989,141,0.58,0.57,0.57,94.97,1.3,172.0,0.0,54.12,8.36,14.74,27.65,10.35,14.86
1989,142,0.58,0.57,0.56,94.82,2.74,175.5,0.0,59.69,9.16,15.25,26.57,11.87,22.58
1989,143,0.57,0.56,0.55,94.32,2.84,142.94,0.0,47.88,8.3,16.25,32.98,10.12,17.74
1989,144,0.57,0.56,0.55,94.51,2.02,171.25,0.0,68.44,9.7,14.1,26.9,12.58,24.64
1989,145,0.57,0.56,0.55,94.97,1.96,241.81,0.0,76.88,9.95,13.31,23.78,13.1,15.47
1989,146,0.56,0.56,0.57,95.14,1.47,132.88,2.74,69.06,9.58,13.65,26.99,12.5,24.33
1989,147,0.56,0.56,0.59,95.06,1.12,100.06,2.41,80.62,10.38,14.55,20.67,13.77,21.38
1989,148,0.57,0.57,0.59,95.04,1.4,157.19,4.42,66.38,10.01,15.03,25.79,13.17,28.03
1989,149,0.57,0.57,0.57,94.87,1.17,139.5,0.76,56.38,9.46,15.72,30.83,12.26,22.58
1989,150,0.57,0.57,0.61,94.73,2.29,281.12,6.51,72.44,9.95,12.59,22.92,13.07,18.13
1989,151,0.57,0.57,0.59,94.89,3.22,276.94,1.67,71.25,8.73,10.93,22.58,11.08,26.67
1989,152,0.57,0.57,0.57,94.98,1.98,279.75,0.36,62.19,8.24,10.97,27.02,10.08,24.04
1989,153,0.57,0.56,0.57,94.93,1.49,221.06,1.25,62.12,8.61,14.0,26.12,10.82,24.37
1989,154,0.56,0.56,0.57,94.88,1.91,251.06,1.36,72.94,9.03,12.86,22.12,11.63,7.07
1989,155,0.56,0.56,0.56,94.91,1.81,191.12,0.44,68.06,8.3,12.07,22.72,10.33,17.82
1989,156,0.57,0.58,0.66,94.92,1.51,166.75,16.97,83.44,7.93,9.68,14.34,9.71,7.11
1989,157,0.58,0.59,0.59,95.14,1.88,244.38,0.02,61.94,7.45,9.15,24.63,8.77,27.29
1989,158,0.58,0.58,0.57,95.2,1.94,206.19,0.04,52.94,7.51,12.05,28.14,8.76,25.66
1989,159,0.58,0.58,0.59,95.21,1.98,192.75,4.05,59.12,8.61,14.19,31.05,10.79,21.0
1989,160,0.58,0.58,0.57,95.13,2.24,145.19,0.0,54.12,8.54,15.24,31.82,10.49,19.6
1989,161,0.57,0.57,0.57,95.22,1.72,252.12,0.0,66.12,9.95,15.8,30.26,12.93,10.32
1989,162,0.57,0.57,0.55,95.47,1.89,111.12,0.0,61.94,8.85,14.17,27.64,11.23,25.8
1989,163,0.57,0.56,0.55,95.3,1.71,168.44,0.0,51.88,7.57,14.4,27.85,8.99,25.93
1989,164,0.56,0.55,0.55,95.14,1.85,70.94,0.0,49.94,7.69,14.69,28.83,9.06,26.14
1989,165,0.56,0.55,0.54,95.21,1.84,133.56,0.0,55.19,8.67,15.12,28.81,10.98,25.41
1989,166,0.55,0.55,0.54,95.45,1.84,79.38,0.12,59.62,9.28,13.56,29.75,12.1,26.02
1989,167,0.55,0.55,0.53,95.32,2.15,200.06,0.05,55.5,9.7,15.79,31.98,12.76,25.27
1989,168,0.55,0.54,0.53,95.06,1.62,172.12,0.37,52.56,9.52,17.71,32.05,12.41,23.92
1989,169,0.55,0.54,0.53,95.06,2.01,48.56,0.46,59.69,9.77,16.49,28.44,12.78,23.55
1989,170,0.55,0.54,0.54,95.21,1.45,205.44,0.62,65.88,9.83,14.82,27.8,12.87,16.73
1989,171,0.55,0.54,0.55,95.37,1.47,84.88,1.63,76.81,10.56,15.21,21.8,14.09,16.66
1989,172,0.55,0.54,0.54,95.38,1.55,162.31,0.5,66.0,9.89,14.44,27.12,13.09,27.87
1989,173,0.54,0.54,0.52,95.24,1.72,216.69,0.07,54.19,9.77,15.45,30.41,12.81,28.32
1989,174,0.54,0.53,0.52,95.12,2.98,218.12,0.16,52.0,10.31,19.12,33.76,13.56,20.73
1989,175,0.54,0.53,0.5,95.1,2.08,194.69,0.15,50.88,9.95,18.77,32.73,13.12,31.25
1989,176,0.53,0.52,0.49,95.17,1.85,198.5,0.0,45.12,8.91,18.55,32.68,11.42,28.44
1989,177,0.53,0.52,0.47,95.05,1.89,207.81,0.0,39.19,8.61,19.2,35.66,10.64,26.78
1989,178,0.52,0.52,0.45,94.96,2.36,293.25,0.0,42.06,8.85,20.01,34.76,11.16,28.28
1989,179,0.52,0.52,0.44,95.23,2.68,205.44,0.16,61.25,10.68,16.83,28.8,14.12,25.68
1989,180,0.52,0.52,0.44,95.27,2.04,78.69,0.0,56.88,9.7,15.9,32.51,12.58,25.96
1989,181,0.52,0.51,0.42,95.18,1.92,161.81,0.0,46.62,8.79,17.15,33.92,11.17,27.45
1989,182,0.52,0.51,0.41,95.02,1.75,198.94,0.02,41.44,9.09,19.32,37.43,11.65,26.14
1989,183,0.52,0.51,0.4,94.94,3.06,312.62,0.06,59.06,11.17,18.51,32.74,14.83,24.98
1989,184,0.52,0.51,0.4,94.96,2.48,256.88,0.14,62.81,10.38,16.16,29.52,13.72,26.37
1989,185,0.52,0.5,0.39,95.05,1.61,75.69,0.0,47.44,8.73,16.7,33.85,10.89,29.17
1989,186,0.52,0.5,0.38,95.24,1.73,125.25,0.0,42.06,9.89,19.9,38.58,12.88,25.56
1989,187,0.51,0.5,0.37,95.28,1.68,191.5,0.0,30.81,8.42,22.18,41.2,10.5,26.4
1989,188,0.51,0.5,0.35,95.26,1.88,210.56,0.0,30.75,8.3,22.3,39.62,10.01,26.6
1989,189,0.51,0.49,0.35,95.19,1.78,220.31,0.45,43.5,11.23,22.98,36.94,14.8,25.12
1989,190,0.51,0.49,0.37,95.43,1.78,217.38,0.68,52.25,11.66,22.53,32.83,15.49,18.59
1989,191,0.51,0.49,0.37,95.39,1.5,193.69,0.44,44.94,11.05,22.05,38.42,14.48,25.2
1989,192,0.5,0.49,0.36,95.28,2.44,226.44,0.41,37.56,8.67,21.73,35.79,10.78,22.27
1989,193,0.51,0.5,0.41,95.37,2.31,140.69,3.98,66.06,11.72,18.84,28.33,15.66,15.8
1989,194,0.51,0.5,0.41,95.41,2.16,144.31,0.78,63.0,10.56,18.01,28.12,14.08,26.4
1989,195,0.51,0.5,0.41,95.39,1.8,66.81,0.83,55.31,9.7,17.11,30.95,12.76,27.56
1989,196,0.5,0.5,0.39,95.37,2.17,145.88,0.0,50.19,9.4,17.76,31.67,12.23,27.39
1989,197,0.5,0.49,0.38,95.52,2.14,197.25,0.0,50.25,9.28,17.64,33.08,12.06,27.66
1989,198,0.5,0.49,0.37,95.46,1.95,188.62,0.0,45.62,8.0,17.14,31.91,9.76,27.85
1989,199,0.5,0.49,0.36,95.38,2.02,123.62,0.0,41.19,7.57,16.64,32.05,8.89,27.97
1989,200,0.5,0.49,0.35,95.3,1.87,113.62,0.0,33.62,6.65,18.58,34.4,6.83,25.5
1989,201,0.5,0.48,0.34,95.42,1.95,153.25,0.0,32.0,6.35,18.48,35.94,6.2,28.69
1989,202,0.49,0.48,0.34,95.54,1.74,93.38,0.0,31.12,6.47,17.95,37.7,6.18,28.35
1989,203,0.49,0.48,0.33,95.45,1.62,116.62,0.0,29.25,7.26,20.98,40.01,8.16,26.52
1989,204,0.49,0.48,0.32,95.38,1.73,175.44,0.0,29.62,7.63,22.47,39.81,9.08,28.73
1989,205,0.49,0.48,0.31,95.35,2.12,214.44,0.0,31.56,7.81,21.13,37.98,9.37,27.48
1989,206,0.49,0.48,0.3,95.43,2.22,201.94,0.01,43.25,9.83,21.31,36.23,12.71,25.42
1989,207,0.48,0.48,0.3,95.46,2.36,289.25,0.0,59.88,11.41,19.15,32.23,15.19,25.44
1989,208,0.48,0.48,0.3,95.33,2.66,325.75,0.0,60.69,10.99,17.86,30.9,14.52,24.73
1989,209,0.48,0.48,0.3,95.3,2.45,217.06,0.0,62.31,11.11,16.75,31.15,14.77,23.41
1989,210,0.48,0.48,0.3,95.29,1.84,225.12,0.0,52.06,10.38,18.56,33.64,13.69,26.32
1989,211,0.48,0.48,0.3,95.23,1.8,180.94,0.0,44.25,9.52,19.36,36.59,12.27,25.88
1989,212,0.48,0.48,0.29,95.08,2.11,188.94,0.0,39.44,8.91,20.33,37.4,11.37,25.81
1989,213,0.48,0.48,0.29,94.92,2.23,217.0,0.0,42.06,9.34,20.76,36.98,11.84,27.16
1989,214,0.48,0.47,0.29,94.92,2.2,210.06,0.0,60.69,12.02,19.42,33.62,15.99,28.63
1989,215,0.48,0.47,0.29,94.84,1.85,124.12,0.0,50.75,9.95,18.87,35.2,12.82,24.26
1989,216,0.48,0.47,0.29,94.83,1.63,145.44,0.31,46.0,10.31,20.1,35.11,13.61,25.76
1989,217,0.48,0.47,0.29,94.51,2.4,166.94,0.07,45.19,10.93,22.26,38.44,14.13,19.18
1989,218,0.48,0.47,0.28,94.55,2.36,218.06,0.08,46.94,11.47,22.66,37.26,14.76,21.63
1989,219,0.48,0.47,0.28,94.88,2.22,178.25,0.01,42.81,10.86,23.04,37.74,14.19,22.4
1989,220,0.48,0.47,0.28,95.27,1.24,206.25,0.11,47.31,12.27,24.21,36.4,16.31,20.74
1989,221,0.48,0.47,0.29,95.33,1.96,252.44,0.0,56.69,12.51,22.05,34.33,16.59,24.14
1989,222,0.48,0.47,0.28,95.19,1.86,176.31,0.03,43.44,10.25,21.01,37.97,13.33,24.76
1989,223,0.48,0.47,0.27,94.99,2.72,210.19,0.0,37.44,10.13,25.01,39.08,13.26,22.09
1989,224,0.48,0.46,0.27,95.05,2.06,227.75,0.0,40.81,10.31,23.85,35.5,13.63,24.17
1989,225,0.47,0.46,0.27,94.91,1.93,174.62,0.01,37.19,9.77,23.72,37.92,12.79,24.84
1989,226,0.47,0.46,0.26,94.96,2.06,220.25,0.08,40.88,10.25,22.64,37.8,13.5,22.83
1989,227,0.47,0.46,0.25,95.12,2.23,175.81,0.3,42.44,10.38,22.69,37.35,13.65,25.14
1989,228,0.47,0.46,0.25,95.09,2.05,171.38,0.19,47.31,10.86,21.25,37.33,14.29,26.72
1989,229,0.47,0.46,0.25,95.36,1.86,181.56,0.02,60.69,12.33,20.59,31.3,16.08,25.31
1989,230,0.47,0.46,0.27,95.49,1.27,151.06,0.54,65.19,13.24,20.93,30.29,17.55,14.07
1989,231,0.47,0.47,0.33,95.29,1.48,156.56,2.99,59.94,12.82,21.71,30.44,17.09,15.59
1989,232,0.48,0.47,0.35,95.18,1.72,217.19,0.51,49.06,11.41,23.01,35.18,15.12,23.6
1989,233,0.48,0.47,0.38,95.33,1.27,128.62,2.47,58.12,12.82,21.85,33.4,17.03,22.49
1989,234,0.48,0.47,0.4,95.49,1.58,53.0,1.3,59.69,12.21,21.39,31.04,16.21,21.39
1989,235,0.48,0.47,0.41,95.47,2.45,314.19,1.26,61.06,11.17,19.02,29.81,14.84,20.84
1989,236,0.48,0.47,0.4,95.27,2.35,278.12,0.43,65.0,11.66,18.65,29.77,15.42,20.87
1989,237,0.48,0.47,0.38,95.05,1.69,191.75,0.0,54.38,9.95,17.54,32.57,12.73,19.85
1989,238,0.47,0.47,0.36,94.95,1.92,196.31,0.21,52.25,10.38,19.44,33.06,13.69,24.17
1989,239,0.47,0.47,0.34,94.95,2.09,273.25,0.0,43.0,9.34,19.97,34.49,12.02,23.97
1989,240,0.47,0.47,0.38,94.96,2.78,242.88,4.4,61.94,12.63,21.06,31.82,16.56,19.1
1989,241,0.48,0.48,0.47,95.26,2.36,200.94,0.95,63.5,10.93,18.15,28.52,14.49,19.04
1989,242,0.48,0.47,0.42,95.01,1.98,210.44,0.2,55.88,10.07,17.48,31.83,13.31,22.84
1989,243,0.48,0.48,0.47,94.89,1.61,231.81,6.55,63.62,11.47,19.1,28.51,15.23,11.67
1989,244,0.48,0.5,0.58,94.87,3.55,291.19,11.15,79.25,12.33,17.91,25.4,16.43,18.56
1989,245,0.49,0.5,0.49,95.17,2.22,242.56,1.49,70.0,11.17,16.73,27.82,14.85,20.03
1989,246,0.49,0.49,0.48,95.15,1.83,168.56,0.66,70.75,11.54,15.4,29.54,15.39,17.73
1989,247,0.49,0.49,0.51,95.06,2.16,71.38,6.83,71.44,11.9,16.66,29.69,15.9,21.16
1989,248,0.5,0.5,0.51,94.73,2.33,86.31,2.08,70.69,12.76,18.19,32.24,16.83,11.19
1989,249,0.49,0.5,0.47,94.66,1.78,179.38,0.23,57.88,11.96,19.29,35.87,15.6,19.13
1989,250,0.49,0.49,0.46,94.45,1.97,184.25,0.08,38.25,8.54,20.69,38.96,10.19,19.03
1989,251,0.49,0.49,0.45,94.5,3.04,288.75,0.0,57.75,10.13,18.48,28.8,12.95,20.74
1989,252,0.49,0.48,0.46,94.7,2.38,308.88,0.0,68.44,11.35,17.62,27.94,15.04,20.64
1989,253,0.48,0.48,0.46,94.8,1.73,193.0,0.0,59.06,10.44,16.12,33.89,13.57,16.56
1989,254,0.48,0.48,0.45,95.06,2.17,200.19,0.0,70.25,11.96,17.83,30.73,15.91,20.27
1989,255,0.48,0.48,0.45,95.18,2.34,57.69,0.0,69.75,12.45,17.81,31.7,16.58,19.47
1989,256,0.48,0.48,0.45,95.11,2.37,99.62,0.15,67.81,12.08,19.18,30.08,16.08,17.63
1989,257,0.48,0.48,0.45,95.4,2.34,62.5,0.1,70.5,11.23,16.45,26.44,14.96,11.34
1989,258,0.48,0.48,0.44,95.61,1.55,120.5,0.0,66.69,9.95,15.55,29.19,13.1,20.84
1989,259,0.48,0.48,0.43,95.51,1.7,182.12,0.0,53.06,7.57,14.61,29.15,8.51,21.98
1989,260,0.48,0.47,0.41,95.38,2.72,251.31,0.0,51.25,9.34,16.66,33.01,11.87,20.22
1989,261,0.48,0.47,0.4,95.31,1.37,242.31,0.42,49.94,10.07,19.9,33.23,13.21,16.69
1989,262,0.48,0.47,0.38,95.37,1.62,189.5,0.06,51.0,9.95,19.25,32.33,12.94,18.85
1989,263,0.48,0.47,0.41,95.38,1.55,188.5,12.63,51.69,10.31,19.0,32.44,13.51,14.37
1989,264,0.49,0.5,0.54,95.28,1.4,193.69,2.35,68.94,12.02,19.44,26.24,16.05,9.75
1989,265,0.49,0.5,0.55,95.17,1.72,223.56,9.55,73.12,12.08,17.48,27.48,16.12,18.0
1989,266,0.5,0.51,0.49,95.29,1.83,219.44,0.47,74.75,11.72,16.49,27.51,15.62,19.58
1989,267,0.5,0.5,0.48,95.43,1.73,150.94,1.22,71.25,11.23,15.14,30.2,14.96,19.96
1989,268,0.5,0.5,0.48,95.5,1.34,97.38,0.29,68.75,10.74,16.42,26.58,14.39,19.68
1989,269,0.49,0.5,0.48,95.08,2.23,212.69,0.28,63.75,10.31,16.75,28.65,13.58,18.82
1989,270,0.49,0.49,0.48,95.08,2.3,332.62,0.72,74.19,10.5,15.19,24.81,13.86,14.79
1989,271,0.49,0.49,0.48,95.14,1.97,329.25,1.36,69.44,9.28,13.48,25.49,11.97,16.36
1989,272,0.49,0.49,0.49,95.05,2.05,256.69,1.15,68.5,8.79,13.05,23.97,11.14,16.17
1989,273,0.49,0.49,0.5,95.12,1.52,123.06,2.98,76.81,9.95,14.8,22.55,13.15,11.15
1989,274,0.5,0.5,0.5,95.56,1.86,225.0,1.62,77.12,10.01,14.4,23.26,13.27,12.05
1989,275,0.49,0.5,0.48,95.48,1.37,114.94,0.04,68.62,8.67,13.24,25.5,10.9,16.89
1989,276,0.49,0.49,0.48,95.15,1.81,206.06,0.0,74.06,9.09,12.03,23.69,11.75,18.14
1989,277,0.49,0.49,0.47,95.33,2.05,103.25,0.0,68.88,8.54,12.51,25.54,10.62,18.09
1989,278,0.49,0.49,0.47,95.55,1.86,177.38,0.0,59.5,7.93,10.99,28.77,9.58,17.95
1989,279,0.49,0.48,0.47,95.75,1.77,39.44,0.0,69.25,8.54,13.03,24.48,10.93,14.96
1989,280,0.49,0.48,0.47,95.42,1.87,302.12,0.0,71.12,8.48,10.81,23.77,10.45,16.54
1989,281,0.49,0.5,0.57,94.38,3.94,300.62,17.33,78.56,10.25,14.41,21.44,13.47,8.87
1989,282,0.51,0.52,0.57,94.53,4.34,316.94,7.04,72.38,7.63,12.13,16.15,8.98,10.59
1989,283,0.52,0.53,0.56,95.08,3.34,306.88,6.23,76.69,8.3,12.12,18.79,10.35,4.06
1989,284,0.52,0.53,0.52,95.29,1.12,144.94,0.01,65.44,7.57,11.9,24.64,8.87,17.02
1989,285,0.52,0.53,0.55,95.39,1.35,100.69,4.75,79.0,8.61,11.72,19.44,10.8,13.44
1989,286,0.52,0.53,0.52,95.18,1.2,77.12,0.44,83.69,10.68,13.42,23.25,14.24,12.68
1989,287,0.52,0.52,0.51,95.04,1.41,161.19,0.13,78.88,10.44,13.93,25.65,13.78,16.32
1989,288,0.52,0.52,0.5,95.35,1.68,92.69,0.13,78.06,10.38,14.38,26.16,13.81,13.46
1989,289,0.52,0.52,0.5,95.56,1.12,149.12,0.04,69.44,10.38,14.25,29.26,13.79,15.71
1989,290,0.52,0.52,0.5,95.81,1.19,219.56,0.78,65.88,10.5,16.79,27.51,14.08,15.56
1989,291,0.52,0.52,0.52,95.77,1.95,251.5,4.79,67.94,10.31,16.33,28.87,13.67,12.4
1989,292,0.52,0.53,0.57,95.62,1.45,249.25,7.21,72.25,10.13,15.01,25.06,13.44,14.55
1989,293,0.53,0.53,0.52,95.76,1.68,248.12,0.91,73.19,9.28,13.62,24.15,12.0,15.0
1989,294,0.52,0.53,0.51,95.94,1.41,173.06,0.0,57.31,7.2,12.01,27.34,8.15,13.63
1989,295,0.52,0.52,0.5,95.72,1.43,122.88,0.0,60.81,8.06,13.87,27.59,9.94,15.44
1989,296,0.52,0.52,0.52,95.34,1.54,187.94,2.42,70.94,9.03,11.93,24.65,11.66,13.83
1989,297,0.52,0.52,0.51,95.57,1.51,112.06,0.06,75.19,9.16,12.95,24.05,11.94,14.6
1989,298,0.52,0.52,0.51,95.79,1.55,109.88,0.33,79.19,9.28,11.9,23.5,12.1,13.88
1989,299,0.52,0.52,0.5,95.6,1.04,155.75,0.04,65.12,7.75,10.95,25.81,9.4,15.18
1989,300,0.52,0.52,0.5,95.2,2.73,213.62,0.12,69.56,8.67,11.39,25.55,11.05,15.43
1989,301,0.52,0.52,0.5,95.4,1.77,213.12,0.0,62.62,8.67,13.38,25.34,11.01,13.84
1989,302,0.52,0.52,0.5,95.94,1.38,213.44,0.0,74.06,9.34,14.44,22.39,12.29,14.3
1989,303,0.52,0.52,0.5,96.05,1.38,276.75,0.0,79.69,9.64,12.7,24.19,12.77,12.57
1989,304,0.52,0.52,0.49,95.91,1.28,223.38,0.0,75.06,8.54,11.28,22.9,10.82,14.24
1989,305,0.52,0.52,0.49,95.74,1.41,207.44,0.0,60.56,6.77,9.14,25.75,7.36,14.32
1989,306,0.52,0.52,0.49,95.54,2.33,229.25,0.0,59.94,7.45,11.76,26.55,8.83,14.53
1989,307,0.52,0.51,0.48,95.35,2.3,240.12,0.28,61.38,7.69,12.26,25.9,9.14,13.02
1989,308,0.52,0.52,0.51,95.42,1.7,315.5,1.67,83.31,8.36,10.14,15.78,10.47,3.52
1989,309,0.52,0.52,0.5,94.77,2.63,255.0,0.2,66.69,5.98,8.01,18.82,5.09,13.0
1989,310,0.52,0.52,0.51,94.46,4.68,288.44,2.45,74.69,6.77,10.17,14.85,7.23,5.37
1989,311,0.52,0.52,0.57,94.9,3.1,307.38,9.14,82.0,7.51,9.18,15.62,8.86,6.14
1989,312,0.52,0.53,0.52,95.29,1.09,236.94,0.47,72.06,7.14,10.15,20.33,8.15,14.36
1989,313,0.52,0.52,0.51,95.46,1.79,186.31,0.01,73.31,7.2,8.57,21.65,8.18,14.32
1989,314,0.52,0.52,0.51,95.69,1.12,124.5,0.01,75.62,7.69,8.16,22.43,9.15,12.83
1989,315,0.52,0.52,0.5,95.53,1.45,215.75,0.0,62.25,6.41,9.04,23.85,6.5,13.33
1989,316,0.52,0.52,0.5,95.49,1.52,177.0,0.0,63.5,6.35,8.48,22.71,6.3,12.76
1989,317,0.52,0.52,0.5,95.5,1.5,181.69,0.0,66.94,6.47,8.5,22.68,6.51,13.29
1989,318,0.52,0.52,0.5,95.44,1.04,129.5,0.0,67.62,6.47,8.11,21.34,6.41,10.95
1989,319,0.52,0.52,0.5,95.23,1.94,206.62,0.01,62.12,5.98,8.43,21.65,5.44,7.41
1989,320,0.52,0.52,0.5,94.86,3.13,201.94,0.76,67.0,6.41,9.24,18.97,6.51,7.73
1989,321,0.52,0.52,0.5,94.67,1.52,122.62,0.46,73.62,7.45,9.26,21.4,8.66,11.06
1989,322,0.52,0.52,0.52,94.63,2.58,255.06,4.26,70.31,7.02,8.65,21.83,7.58,12.48
1989,323,0.52,0.52,0.55,95.05,1.69,238.62,2.21,82.75,7.57,8.73,17.7,9.0,11.37
1989,324,0.52,0.52,0.51,95.06,2.39,213.5,0.0,55.62,5.0,7.35,22.48,2.96,12.36
1989,325,0.52,0.52,0.5,94.92,2.47,218.62,0.0,50.88,5.0,7.97,22.73,2.93,11.14
1989,326,0.52,0.52,0.5,94.54,3.27,225.94,0.04,60.62,6.47,10.62,19.9,6.53,9.73
1989,327,0.52,0.52,0.5,94.31,2.27,255.62,0.04,68.56,8.36,12.12,22.62,10.22,9.12
1989,328,0.52,0.52,0.5,94.38,2.34,256.25,0.09,77.0,8.24,10.03,19.41,10.09,10.45
1989,329,0.52,0.52,0.5,94.81,2.06,262.06,0.0,77.5,7.08,7.42,18.94,7.88,11.86
1989,330,0.52,0.52,0.5,94.43,1.82,225.38,0.15,68.75,7.63,9.36,22.81,8.95,8.22
1989,331,0.52,0.52,0.52,94.34,1.89,284.62,2.99,89.31,8.91,10.8,16.4,11.35,3.04
1989,332,0.52,0.52,0.53,94.94,1.16,137.0,2.84,88.31,8.36,9.2,18.01,10.48,8.31
1989,333,0.52,0.52,0.51,95.45,1.05,170.88,0.19,77.94,7.32,7.22,19.04,8.62,10.79
1989,334,0.52,0.52,0.51,95.58,1.53,239.62,0.66,80.06,7.87,8.74,19.4,9.67,10.98
1989,335,0.52,0.52,0.54,95.68,1.2,173.06,4.44,91.0,8.12,9.76,14.37,10.12,4.61
1989,336,0.53,0.54,0.59,95.97,2.47,40.38,10.09,91.81,7.45,8.07,13.78,8.98,4.48
1989,337,0.54,0.55,0.55,96.0,1.48,54.94,1.37,87.75,6.77,7.37,14.17,7.56,9.61
1989,338,0.54,0.54,0.53,95.57,2.88,200.06,0.22,71.94,6.04,7.08,17.07,5.84,4.92
1989,339,0.53,0.54,0.52,95.17,2.95,232.38,0.16,68.25,6.16,8.12,19.38,5.91,6.8
1989,340,0.53,0.54,0.52,95.07,2.23,209.56,0.01,67.56,6.41,6.91,20.7,6.49,8.97
1989,341,0.54,0.54,0.54,94.92,3.7,198.44,3.4,59.5,6.1,10.2,21.4,5.81,5.61
1989,342,0.54,0.54,0.54,94.71,2.93,247.31,1.5,77.56,7.93,10.28,21.22,9.65,10.66
1989,343,0.54,0.54,0.54,94.71,2.03,283.69,1.92,90.06,8.12,8.37,15.51,9.89,9.32
1989,344,0.54,0.54,0.54,94.81,2.71,281.69,1.63,86.0,7.57,9.12,16.05,8.95,1.47
1989,345,0.54,0.55,0.54,94.94,1.74,283.31,1.44,88.5,7.63,7.56,15.51,9.05,7.39
1989,346,0.54,0.55,0.54,94.95,1.16,249.75,0.54,80.5,7.08,9.12,16.88,8.01,8.22
1989,347,0.54,0.54,0.53,95.07,2.7,238.5,0.03,77.62,7.75,9.19,19.83,9.26,6.51
1989,348,0.54,0.54,0.52,95.26,2.33,222.12,0.0,73.31,7.87,9.52,23.12,9.59,10.43
1989,349,0.54,0.54,0.52,95.32,2.38,238.81,0.0,65.31,7.32,10.3,23.53,8.55,8.42
1989,350,0.54,0.54,0.52,95.05,3.42,204.12,0.0,58.31,6.41,11.15,23.42,6.55,10.13
1989,351,0.54,0.54,0.52,94.93,3.83,209.0,0.0,57.5,6.41,11.47,23.8,6.58,10.67
1989,352,0.53,0.53,0.51,94.74,5.54,200.12,0.0,48.69,4.88,9.37,20.62,2.57,7.77
1989,353,0.53,0.53,0.52,95.64,2.87,272.62,0.0,76.81,6.47,6.95,16.94,6.64,8.06
1989,354,0.53,0.53,0.52,96.12,1.71,219.31,0.0,66.38,5.37,4.24,21.17,4.08,10.64
1989,355,0.53,0.53,0.51,95.9,1.59,223.88,0.0,47.38,4.46,7.19,24.18,1.32,10.39
1989,356,0.53,0.53,0.51,95.61,2.97,269.94,0.01,60.12,5.37,8.4,21.06,3.74,10.46
1989,357,0.53,0.53,0.52,95.87,2.05,274.0,1.24,83.19,6.71,7.9,14.75,7.28,7.88
1989,358,0.53,0.53,0.53,95.8,0.96,182.31,1.47,81.69,6.23,6.7,15.08,6.24,8.8
1989,359,0.53,0.53,0.52,95.4,1.46,220.56,0.07,77.81,5.8,4.13,16.59,5.2,8.16
1989,360,0.53,0.53,0.52,94.63,2.68,194.5,0.0,78.44,5.31,3.69,16.22,3.8,10.49
1989,361,0.53,0.53,0.52,94.07,1.48,176.88,0.27,87.19,6.1,5.23,11.51,5.72,4.58
1989,362,0.53,0.53,0.52,94.31,1.33,191.56,0.0,84.44,5.98,3.2,15.15,5.36,6.98
1989,363,0.53,0.53,0.52,94.75,1.53,174.25,0.0,75.56,5.49,3.17,17.06,4.33,8.4
1989,364,0.53,0.53,0.52,94.47,1.38,158.56,0.07,71.94,5.92,6.63,17.89,5.25,7.09
1989,365,0.53,0.53,0.53,94.65,1.41,191.38,1.92,93.06,7.08,6.67,12.74,7.84,5.68
1990,1,0.53,0.53,0.54,95.2,1.97,288.0,3.14,90.25,6.53,5.95,12.48,6.89,4.16
1990,2,0.53,0.54,0.54,95.36,1.55,303.5,1.58,89.75,6.59,5.76,12.4,7.0,5.74
1990,3,0.53,0.54,0.52,94.99,1.7,219.19,0.14,74.62,5.55,5.99,16.15,4.46,7.56
1990,4,0.53,0.54,0.54,94.68,1.48,165.62,2.98,84.12,5.92,4.22,12.67,5.37,5.98
1990,5,0.55,0.55,0.62,95.51,3.5,81.12,12.9,91.44,6.71,7.26,10.19,7.34,1.91
1990,6,0.55,0.56,0.58,96.11,1.21,223.69,1.41,80.38,5.68,5.09,13.26,4.93,9.8
1990,7,0.55,0.55,0.55,96.22,1.87,232.12,0.01,73.25,4.64,1.43,15.31,2.12,11.27
1990,8,0.55,0.55,0.55,96.27,1.91,218.31,0.59,76.5,5.31,4.15,14.83,4.15,5.43
1990,9,0.55,0.55,0.57,96.25,1.48,210.81,3.29,83.69,5.62,4.86,12.11,4.86,8.71
1990,10,0.55,0.55,0.55,96.01,1.21,119.0,0.64,80.81,5.43,4.75,11.64,4.28,7.76
1990,11,0.55,0.55,0.55,95.73,1.59,131.19,0.25,86.38,5.68,3.88,12.28,4.94,8.24
1990,12,0.55,0.55,0.57,95.54,1.52,113.88,7.49,89.0,6.1,4.19,13.3,5.87,4.53
1990,13,0.56,0.58,0.63,95.5,1.23,52.12,7.0,92.88,6.65,7.22,11.06,7.23,4.25
1990,14,0.57,0.58,0.61,95.72,1.94,79.56,2.83,92.0,6.53,6.67,11.2,7.04,6.56
1990,15,0.57,0.58,0.59,96.06,1.55,41.31,0.94,81.25,5.62,6.04,12.15,4.86,7.8
1990,16,0.57,0.58,0.59,96.33,0.98,195.88,0.47,79.12,5.37,4.19,11.65,4.25,10.48
1990,17,0.57,0.58,0.58,96.2,1.34,173.19,0.0,77.31,4.88,0.74,14.89,2.8,12.64
1990,18,0.57,0.57,0.57,95.73,1.45,226.25,0.22,73.0,4.46,1.87,13.72,1.46,11.05
1990,19,0.57,0.57,0.59,95.93,1.12,329.25,1.7,85.31,5.31,3.49,10.32,3.98,8.33
1990,20,0.57,0.57,0.58,96.38,1.49,117.31,0.71,84.94,5.49,3.74,12.64,4.51,6.35
1990,21,0.57,0.57,0.58,96.26,2.39,47.81,0.58,84.88,5.37,3.93,10.33,4.22,7.73
1990,22,0.58,0.59,0.65,96.01,3.57,36.25,14.12,90.06,6.29,6.29,10.16,6.43,1.98
1990,23,0.59,0.6,0.66,96.02,2.62,25.12,6.77,92.31,6.23,6.6,9.19,6.41,3.66
1990,24,0.59,0.6,0.62,96.07,1.62,317.81,1.17,83.69,5.68,4.75,12.73,5.01,8.93
1990,25,0.59,0.6,0.62,95.94,1.73,263.19,0.3,85.31,5.8,3.22,14.57,5.2,9.41
1990,26,0.59,0.59,0.61,95.61,2.39,246.0,0.0,79.94,5.98,3.3,17.83,5.52,12.47
1990,27,0.59,0.59,0.6,95.33,2.89,212.0,0.0,72.69,5.68,3.62,19.6,4.82,12.82
1990,28,0.59,0.59,0.6,94.86,4.37,199.06,0.79,70.38,5.43,7.21,13.18,4.16,1.23
1990,29,0.59,0.59,0.61,94.79,3.57,260.75,1.17,81.5,5.92,5.15,12.86,5.44,5.05
1990,30,0.59,0.59,0.6,95.39,3.38,278.56,0.37,82.94,5.8,2.27,14.12,5.05,9.72
1990,31,0.59,0.59,0.6,95.29,2.38,209.94,0.39,75.69,5.19,2.91,15.96,3.53,11.03
1990,32,0.59,0.59,0.59,95.1,3.91,257.81,0.25,78.0,5.25,4.51,13.1,3.63,13.2
1990,33,0.59,0.59,0.59,95.69,2.08,279.81,0.1,79.06,5.31,4.52,13.01,3.91,14.07
1990,34,0.59,0.59,0.59,95.92,1.93,216.19,0.02,68.5,4.94,2.02,20.04,3.02,14.04
1990,35,0.58,0.59,0.59,96.09,1.45,178.75,0.0,66.06,5.19,4.51,19.5,3.52,14.51
1990,36,0.58,0.58,0.59,96.0,1.41,153.06,0.0,65.69,5.43,5.05,20.76,4.26,14.33
1990,37,0.58,0.58,0.59,95.72,1.87,256.94,0.0,66.31,5.62,5.68,19.41,4.77,14.88
1990,38,0.58,0.58,0.59,95.9,1.73,280.06,0.0,83.69,6.77,5.01,16.12,7.48,13.23
1990,39,0.58,0.58,0.58,96.06,1.48,150.19,0.0,77.62,6.1,4.54,17.97,5.92,14.33
1990,40,0.58,0.58,0.58,96.09,1.52,302.56,0.0,82.31,6.65,5.73,17.45,7.21,13.44
1990,41,0.58,0.58,0.58,95.75,1.09,250.19,0.03,69.38,5.49,6.53,15.87,4.19,14.81
1990,42,0.57,0.58,0.58,95.38,3.09,277.44,0.28,83.5,6.47,4.8,15.76,6.63,4.92
1990,43,0.57,0.57,0.58,94.91,4.8,269.06,0.02,80.88,6.29,5.92,14.83,6.22,11.8
1990,44,0.57,0.57,0.57,95.12,4.61,284.38,0.02,79.56,6.77,7.55,16.62,7.38,6.45
1990,45,0.57,0.57,0.57,95.33,3.18,278.69,0.0,66.31,5.49,6.53,19.0,4.3,15.56
1990,46,0.57,0.57,0.56,95.14,2.62,276.75,0.0,52.5,4.46,5.1,20.48,1.29,16.24
1990,47,0.57,0.56,0.56,95.11,1.59,286.44,0.0,57.56,5.62,6.76,21.2,4.26,15.76
1990,48,0.56,0.56,0.56,95.22,1.41,205.31,0.0,58.88,5.74,8.51,22.87,4.91,16.26
1990,49,0.56,0.56,0.55,95.38,1.71,229.06,0.0,49.94,4.82,6.8,24.73,2.44,15.96
1990,50,0.56,0.56,0.55,95.68,1.84,200.44,0.0,58.12,5.31,7.19,23.05,3.83,16.64
1990,51,0.56,0.55,0.55,95.91,1.26,123.31,0.0,58.81,5.43,7.08,24.03,4.04,16.77
1990,52,0.56,0.55,0.55,96.27,1.81,295.44,0.0,71.31,6.29,6.54,21.1,6.37,17.63
1990,53,0.55,0.55,0.55,96.55,1.38,112.25,0.0,76.19,6.23,7.4,20.01,6.16,13.72
1990,54,0.55,0.55,0.55,96.67,1.54,107.81,0.0,71.5,5.68,6.12,20.43,4.9,17.87
1990,55,0.55,0.55,0.55,96.44,1.42,188.38,0.0,64.5,5.19,5.44,21.01,3.59,18.14
1990,56,0.55,0.55,0.54,95.96,1.65,230.62,0.0,52.38,4.76,5.3,22.65,2.34,17.98
1990,57,0.55,0.55,0.54,95.99,1.8,267.31,0.0,62.31,5.37,6.12,22.0,3.76,17.85
1990,58,0.55,0.55,0.54,95.83,2.73,280.75,0.0,65.25,5.86,7.63,20.31,5.22,17.12
1990,59,0.55,0.55,0.53,95.63,2.09,285.56,0.0,69.38,6.77,7.17,21.43,7.36,18.02
1990,60,0.55,0.55,0.53,95.23,1.83,270.69,0.0,56.06,6.04,8.05,25.88,5.41,17.3
1990,61,0.55,0.55,0.54,95.45,2.97,64.75,0.78,79.69,6.96,8.15,15.18,7.59,10.45
1990,62,0.55,0.55,0.54,96.1,3.36,59.88,0.34,81.81,5.49,5.7,10.62,4.56,5.84
1990,63,0.55,0.55,0.54,96.47,3.09,90.56,0.61,79.62,5.68,4.8,14.08,5.0,10.59
1990,64,0.55,0.55,0.53,96.24,1.61,165.31,0.07,76.31,6.04,3.97,18.09,5.92,15.29
1990,65,0.55,0.55,0.53,96.07,1.29,73.38,0.12,78.19,6.35,5.99,17.76,6.64,15.35
1990,66,0.55,0.54,0.53,95.97,1.55,190.5,0.0,65.69,5.74,5.37,22.03,5.18,19.37
1990,67,0.54,0.54,0.52,96.03,2.37,229.31,0.0,55.06,5.92,7.48,25.62,5.51,17.95
1990,68,0.54,0.54,0.53,96.34,2.63,293.25,1.13,72.12,6.71,10.18,16.9,7.24,8.94
1990,69,0.54,0.54,0.53,96.87,1.66,275.88,0.01,75.0,6.35,6.56,18.61,6.68,16.99
1990,70,0.54,0.54,0.52,96.6,1.52,213.44,0.0,53.19,4.82,5.13,25.37,2.41,19.38
1990,71,0.54,0.53,0.52,95.93,2.21,265.12,0.02,60.31,6.16,8.62,25.47,6.01,16.6
1990,72,0.54,0.53,0.53,95.92,1.68,307.81,1.73,80.69,7.69,9.12,18.08,9.39,15.33
1990,73,0.54,0.54,0.54,95.96,1.89,294.06,2.2,79.69,7.69,8.9,19.81,9.39,19.47
1990,74,0.54,0.54,0.55,96.1,2.4,314.69,4.26,85.69,7.75,9.7,16.3,9.56,8.73
1990,75,0.54,0.55,0.56,96.17,1.59,181.44,2.8,84.12,7.51,9.47,16.05,9.08,10.3
1990,76,0.55,0.55,0.55,96.3,1.33,57.06,2.54,80.06,7.08,7.98,17.88,8.28,16.15
1990,77,0.55,0.55,0.54,96.38,1.1,190.81,0.46,66.25,6.23,6.49,21.03,6.37,18.38
1990,78,0.54,0.55,0.55,96.37,1.91,199.31,1.65,70.44,6.9,7.23,21.65,7.76,19.41
1990,79,0.54,0.55,0.55,96.41,2.51,150.06,1.65,80.44,6.9,8.99,15.5,7.8,11.58
1990,80,0.54,0.55,0.53,96.24,1.17,82.94,0.1,63.75,5.74,7.97,20.41,4.97,22.25
1990,81,0.54,0.54,0.53,95.86,1.52,185.62,0.0,55.88,5.07,7.0,21.98,3.19,22.47
1990,82,0.54,0.54,0.52,95.67,1.68,161.88,0.0,48.25,4.76,6.94,24.11,2.21,19.22
1990,83,0.54,0.54,0.52,95.43,2.16,230.0,2.39,55.56,6.23,10.9,24.61,5.9,10.15
1990,84,0.54,0.55,0.59,95.4,1.98,213.44,8.43,80.5,7.75,10.25,17.63,9.44,12.29
1990,85,0.55,0.55,0.59,95.16,3.11,197.44,4.59,77.75,6.1,4.94,16.4,5.89,15.45
1990,86,0.55,0.55,0.56,95.15,2.37,316.19,1.28,72.31,4.82,2.65,13.43,2.45,16.19
1990,87,0.55,0.55,0.55,95.36,2.23,269.81,0.06,63.0,4.39,3.51,15.61,1.16,20.8
1990,88,0.55,0.55,0.55,95.52,1.83,130.12,0.67,68.31,4.94,4.45,15.24,2.89,21.73
1990,89,0.55,0.55,0.57,95.56,2.02,74.0,6.07,74.56,5.98,5.88,18.06,5.6,9.98
1990,90,0.55,0.56,0.61,95.58,2.56,97.81,6.15,82.94,7.63,8.74,17.86,9.19,17.97
1990,91,0.55,0.56,0.56,95.3,1.78,213.94,0.3,71.25,7.57,7.83,22.11,9.01,17.53
1990,92,0.55,0.56,0.57,94.89,2.94,279.06,3.23,70.81,7.32,9.55,19.94,8.39,16.38
1990,93,0.55,0.56,0.55,94.72,2.53,285.75,0.04,67.38,5.92,6.87,19.59,5.18,20.75
1990,94,0.55,0.55,0.55,94.78,1.03,217.12,1.25,64.0,6.29,6.01,23.41,6.04,24.02
1990,95,0.55,0.55,0.55,94.45,1.94,177.88,0.37,59.06,7.14,10.15,24.53,7.95,14.94
1990,96,0.55,0.55,0.54,94.0,2.24,256.56,0.5,62.5,7.51,10.87,26.78,8.62,23.03
1990,97,0.55,0.55,0.54,94.59,2.09,236.25,0.31,57.0,6.29,10.66,24.26,5.95,21.44
1990,98,0.55,0.55,0.53,94.32,3.0,226.5,0.83,67.31,8.42,11.69,26.0,10.45,19.9
1990,99,0.55,0.55,0.55,93.98,3.86,242.38,1.6,73.94,7.2,9.65,20.29,8.01,17.47
1990,100,0.55,0.55,0.55,94.31,3.7,308.06,1.46,81.0,6.47,7.42,12.53,6.59,11.52
1990,101,0.55,0.55,0.55,94.96,2.8,315.06,1.8,76.12,5.8,5.27,12.91,5.05,8.67
1990,102,0.55,0.55,0.55,95.08,4.41,294.12,1.52,75.81,6.16,4.01,14.79,5.79,11.04
1990,103,0.55,0.55,0.54,95.15,1.76,199.44,0.22,68.38,5.98,6.94,20.42,5.44,25.16
1990,104,0.55,0.55,0.55,95.07,3.03,247.75,2.77,65.44,6.29,7.12,20.95,6.08,22.12
1990,105,0.55,0.55,0.55,95.44,2.74,300.62,1.36,70.94,6.41,8.55,19.27,6.57,24.44
1990,106,0.55,0.55,0.54,95.56,2.62,320.69,0.78,72.88,6.23,6.93,17.34,6.12,21.95
1990,107,0.55,0.55,0.53,95.61,1.7,213.62,0.01,65.31,5.43,5.15,19.78,4.32,26.43
1990,108,0.55,0.54,0.54,95.58,2.26,306.44,0.63,74.88,5.98,5.89,15.62,5.62,15.44
1990,109,0.55,0.55,0.54,95.11,2.73,294.38,1.6,75.81,5.74,4.37,15.04,4.96,13.57
1990,110,0.54,0.54,0.53,94.25,2.96,193.56,0.34,66.12,5.8,4.37,20.0,4.8,15.56
1990,111,0.54,0.54,0.52,94.12,2.3,176.81,0.0,62.88,6.29,6.93,25.18,5.94,26.15
1990,112,0.54,0.54,0.54,94.51,2.09,187.94,2.28,82.56,6.96,7.83,12.81,7.69,14.52
1990,113,0.54,0.54,0.55,94.83,1.61,171.19,3.82,65.81,5.49,6.92,20.58,3.95,18.81
1990,114,0.55,0.55,0.6,94.91,1.67,92.56,9.78,78.75,6.41,6.2,14.62,6.55,19.98
1990,115,0.55,0.56,0.59,94.94,2.2,66.81,3.88,84.19,7.2,7.43,15.87,8.32,6.29
1990,116,0.55,0.56,0.56,95.46,2.03,41.44,0.61,70.56,6.35,7.81,19.48,6.51,20.73
1990,117,0.55,0.55,0.55,95.65,1.88,76.75,0.07,66.56,6.59,6.97,23.55,7.13,26.6
1990,118,0.55,0.55,0.55,95.42,1.2,134.31,0.03,67.69,7.57,9.12,23.4,9.03,12.0
1990,119,0.55,0.55,0.58,94.84,1.36,128.25,8.89,69.38,9.03,12.48,24.89,11.58,13.41
1990,120,0.56,0.57,0.62,94.75,2.16,202.88,6.91,74.75,9.09,12.12,22.92,11.69,23.49
1990,121,0.56,0.57,0.59,95.12,2.59,106.75,3.4,82.69,8.24,10.07,16.47,10.27,17.93
1990,122,0.56,0.57,0.57,95.46,3.0,101.94,0.5,71.0,7.2,9.3,20.69,8.38,14.03
1990,123,0.56,0.56,0.56,95.43,1.55,96.19,0.05,58.56,5.86,6.89,21.95,4.92,17.76
1990,124,0.56,0.56,0.59,95.21,0.97,177.38,4.09,69.88,7.75,11.33,19.36,9.41,11.52
1990,125,0.56,0.57,0.6,95.17,1.64,157.5,4.89,76.12,7.93,10.14,18.7,9.7,18.18
1990,126,0.56,0.57,0.59,95.11,1.22,134.12,1.97,75.19,8.18,10.65,20.76,10.13,20.74
1990,127,0.56,0.57,0.57,95.15,1.95,133.38,0.07,72.94,7.63,10.38,20.85,9.05,21.16
1990,128,0.56,0.56,0.56,95.13,1.59,131.25,0.1,64.62,7.32,9.63,23.85,8.45,24.17
1990,129,0.56,0.56,0.58,95.05,1.23,182.31,2.21,72.31,8.97,13.13,21.65,11.55,18.06
1990,130,0.56,0.56,0.57,94.8,1.58,131.0,1.89,63.31,8.79,13.03,27.35,11.19,21.57
1990,131,0.56,0.57,0.62,94.38,1.05,144.69,12.18,81.5,9.95,13.78,19.68,12.97,5.5
1990,132,0.58,0.59,0.66,94.38,3.06,309.06,14.18,86.81,9.58,11.74,18.42,12.44,9.12
1990,133,0.59,0.59,0.61,95.16,1.67,266.56,1.15,66.12,7.75,10.79,24.89,9.23,25.29
1990,134,0.58,0.59,0.59,95.3,2.34,216.56,0.01,64.44,8.3,11.32,25.23,10.41,26.18
1990,135,0.58,0.58,0.58,95.29,1.7,108.69,0.01,61.38,8.54,10.88,29.87,10.76,26.9
1990,136,0.58,0.58,0.57,95.35,1.95,86.19,0.61,65.31,9.09,13.71,27.17,11.81,26.7
1990,137,0.57,0.57,0.56,95.13,1.83,171.44,0.72,61.56,9.64,13.44,30.16,12.7,27.63
1990,138,0.57,0.56,0.56,95.08,1.91,208.5,0.16,61.12,10.44,16.29,30.38,13.83,24.79
1990,139,0.56,0.56,0.55,95.13,1.66,221.56,0.04,57.38,10.99,16.97,33.35,14.61,25.38
1990,140,0.56,0.55,0.55,95.01,2.09,188.44,0.21,62.62,10.86,16.4,30.98,14.36,20.58
1990,141,0.56,0.55,0.55,94.87,1.7,73.88,0.91,72.38,11.05,15.92,29.3,14.61,22.42
1990,142,0.55,0.55,0.55,94.67,2.65,45.69,0.24,73.5,11.23,15.79,27.65,14.93,21.86
1990,143,0.55,0.55,0.54,94.55,2.3,277.94,0.39,75.44,10.86,15.03,26.37,14.41,22.08
1990,144,0.55,0.55,0.54,95.02,2.18,332.06,0.04,73.56,9.77,13.79,23.75,12.8,15.85
1990,145,0.55,0.55,0.53,95.31,2.05,257.75,0.0,56.38,7.39,11.37,26.41,8.56,27.95
1990,146,0.55,0.54,0.52,95.31,2.25,220.06,0.0,52.62,7.75,13.03,28.4,9.44,28.04
1990,147,0.55,0.54,0.55,95.15,1.15,194.38,4.04,65.56,9.58,13.94,28.74,12.45,16.14
1990,148,0.55,0.56,0.66,95.16,2.4,111.06,25.34,81.25,10.31,13.9,22.62,13.66,13.54
1990,149,0.58,0.59,0.62,95.41,3.38,193.19,1.99,76.69,8.85,11.94,20.81,11.4,20.93
1990,150,0.57,0.58,0.58,95.44,1.8,260.94,0.03,64.31,7.32,11.18,22.99,8.4,27.61
1990,151,0.57,0.57,0.56,95.3,1.88,131.75,0.0,57.62,7.63,11.48,27.26,9.06,28.83
1990,152,0.56,0.56,0.55,95.28,1.47,205.38,0.0,52.44,8.06,12.99,30.88,9.87,27.63
1990,153,0.56,0.56,0.55,95.02,2.34,210.81,0.0,45.81,8.12,15.87,32.24,9.87,26.12
1990,154,0.55,0.55,0.54,94.82,1.84,83.19,0.0,48.81,8.73,17.13,30.88,11.05,26.36
1990,155,0.55,0.55,0.54,94.66,1.37,169.94,0.0,53.56,9.58,15.87,32.89,12.35,26.03
1990,156,0.55,0.55,0.56,94.64,2.23,267.5,3.59,70.69,11.17,16.55,26.18,14.82,10.64
1990,157,0.55,0.55,0.59,94.93,3.5,319.94,5.56,83.0,10.68,12.85,20.46,14.15,9.3
1990,158,0.55,0.55,0.55,95.25,1.69,220.12,0.05,62.44,8.18,12.49,25.33,10.18,29.26
1990,159,0.55,0.55,0.54,95.0,1.83,217.31,0.0,47.5,7.57,12.4,31.53,8.8,29.99
1990,160,0.55,0.55,0.53,94.92,1.87,202.62,0.0,47.25,8.67,16.0,33.8,10.94,29.45
1990,161,0.55,0.54,0.52,94.93,2.08,205.25,0.0,55.19,9.52,15.8,31.86,12.44,27.8
1990,162,0.55,0.54,0.52,94.79,2.11,171.75,0.03,57.12,10.44,15.88,33.15,13.82,18.05
1990,163,0.54,0.54,0.52,95.06,2.59,144.38,0.04,72.5,11.23,15.74,26.05,14.96,21.36
1990,164,0.54,0.53,0.52,95.16,2.4,78.12,0.0,62.38,9.46,14.98,28.61,12.33,27.42
1990,165,0.54,0.53,0.52,95.03,2.09,262.12,0.64,61.69,11.23,17.97,32.63,14.93,23.79
1990,166,0.54,0.53,0.52,95.32,1.9,196.88,0.43,59.5,9.46,16.3,29.23,12.26,27.31
1990,167,0.53,0.52,0.52,95.29,1.95,175.38,0.12,63.31,9.77,14.54,27.73,12.8,21.62
1990,168,0.53,0.52,0.51,95.05,2.27,238.38,0.28,64.88,11.84,18.83,31.63,15.8,26.78
1990,169,0.53,0.52,0.5,95.08,2.32,156.88,0.54,60.69,11.6,18.09,32.71,15.41,24.86
1990,170,0.53,0.52,0.52,95.08,1.14,200.0,1.39,54.38,11.17,18.23,33.71,14.8,19.92
1990,171,0.52,0.52,0.49,95.13,2.77,268.12,1.06,47.81,10.31,18.73,34.44,13.6,21.51
1990,172,0.52,0.52,0.54,95.17,1.78,117.88,6.08,65.44,11.23,18.41,27.06,15.01,23.56
1990,173,0.53,0.52,0.52,95.12,1.64,138.44,1.75,57.0,10.86,18.49,32.62,14.52,29.01
1990,174,0.52,0.52,0.49,95.3,1.88,89.0,0.35,52.69,10.44,17.64,34.52,13.8,30.75
1990,175,0.52,0.52,0.46,95.39,1.88,94.44,0.0,52.56,11.05,19.13,36.48,14.69,28.7
1990,176,0.52,0.52,0.45,95.39,1.86,151.81,0.0,47.56,10.5,20.8,37.11,13.84,26.53
1990,177,0.52,0.51,0.42,95.21,1.91,101.94,0.0,41.94,9.34,19.89,37.34,12.01,29.28
1990,178,0.52,0.51,0.41,95.08,2.45,285.94,0.0,57.69,11.41,18.37,33.07,15.18,28.69
1990,179,0.52,0.51,0.41,95.09,2.09,98.94,0.0,47.19,9.28,17.06,34.29,11.89,29.46
1990,180,0.52,0.5,0.39,95.14,1.88,207.0,0.0,40.56,10.13,20.67,37.75,13.29,25.87
1990,181,0.51,0.5,0.38,95.23,1.77,207.56,0.0,36.69,10.25,24.04,39.03,13.45,24.96
1990,182,0.51,0.5,0.37,95.22,2.86,192.69,0.16,46.69,11.41,21.41,36.28,15.05,25.58
1990,183,0.51,0.5,0.38,95.15,1.7,92.19,1.43,64.69,13.0,20.28,31.88,17.17,26.9
1990,184,0.51,0.5,0.4,94.94,2.73,276.62,1.31,56.88,12.76,20.48,35.8,16.88,25.84
1990,185,0.51,0.5,0.39,95.31,2.69,99.75,0.11,63.12,11.35,17.74,29.93,15.11,25.8
1990,186,0.51,0.5,0.38,95.09,1.91,188.44,0.0,52.12,10.56,16.99,34.55,13.99,28.14
1990,187,0.51,0.49,0.38,95.26,2.7,42.38,0.0,54.44,9.83,17.56,30.91,12.88,27.46
1990,188,0.5,0.49,0.37,95.59,2.53,230.88,0.0,59.19,9.16,15.45,28.69,11.85,27.13
1990,189,0.5,0.49,0.37,95.58,2.34,332.44,0.0,58.94,9.16,14.26,28.87,11.9,26.57
1990,190,0.5,0.49,0.36,95.36,1.83,210.44,0.0,50.75,8.97,16.85,32.0,11.48,28.99
1990,191,0.5,0.49,0.36,95.27,2.27,309.38,0.0,53.94,9.77,18.24,31.54,12.68,28.03
1990,192,0.5,0.49,0.36,95.32,2.94,335.44,0.0,62.94,9.89,16.45,28.0,12.83,26.94
1990,193,0.5,0.49,0.35,95.29,2.38,234.31,0.0,62.62,9.77,15.99,28.18,12.58,27.25
1990,194,0.49,0.48,0.35,95.17,2.33,220.19,0.0,64.88,10.56,16.42,28.79,14.0,22.16
1990,195,0.49,0.48,0.35,95.04,1.64,95.25,0.0,49.44,8.54,15.31,33.29,10.55,26.81
1990,196,0.49,0.48,0.34,95.1,2.07,183.25,0.08,48.19,10.07,18.47,33.57,13.23,19.25
1990,197,0.49,0.49,0.41,95.57,1.7,204.69,4.22,71.81,12.94,19.76,29.35,17.24,18.83
1990,198,0.5,0.49,0.44,95.5,1.61,92.94,1.74,58.69,12.02,18.78,33.7,16.08,17.72
1990,199,0.5,0.49,0.41,95.18,2.04,176.88,0.0,49.38,10.56,20.69,33.8,13.95,24.67
1990,200,0.49,0.49,0.39,95.02,2.12,119.31,0.0,48.44,9.77,18.4,33.87,12.77,26.43
1990,201,0.49,0.48,0.38,95.23,2.37,75.62,0.0,51.81,9.4,16.17,33.61,11.96,26.77
1990,202,0.49,0.48,0.37,95.42,2.1,88.69,0.0,41.25,7.45,17.24,34.41,8.13,28.32
1990,203,0.49,0.48,0.35,95.33,2.05,92.25,0.0,38.31,7.32,16.9,35.23,8.43,28.39
1990,204,0.49,0.48,0.34,95.21,1.66,173.06,0.0,37.75,8.3,18.56,36.42,10.32,26.14
1990,205,0.48,0.48,0.34,95.2,1.9,229.12,0.0,39.12,8.91,20.13,36.72,11.28,25.95
1990,206,0.48,0.48,0.33,95.19,2.06,229.75,0.0,40.0,8.79,20.06,36.18,11.0,26.21
1990,207,0.48,0.48,0.33,95.11,1.83,232.38,0.0,39.81,9.03,21.89,32.93,11.53,13.06
1990,208,0.48,0.48,0.32,95.11,2.17,196.38,0.0,38.25,8.67,20.55,36.77,10.79,25.22
1990,209,0.48,0.48,0.31,95.2,2.2,183.5,0.0,41.81,10.01,20.64,39.41,13.0,23.27
1990,210,0.48,0.47,0.3,95.49,2.21,128.56,0.0,50.75,11.66,21.64,36.33,15.54,23.07
1990,211,0.48,0.47,0.3,95.56,2.52,66.0,0.28,62.94,12.51,19.68,33.67,16.7,24.99
1990,212,0.48,0.47,0.3,95.54,2.18,51.44,0.01,56.31,10.44,17.94,33.05,13.66,26.53
1990,213,0.48,0.47,0.31,95.38,2.12,45.38,0.69,55.56,10.56,18.16,33.03,13.96,27.2
1990,214,0.48,0.47,0.32,95.23,1.77,178.31,0.69,62.19,11.72,19.33,31.37,15.55,25.05
1990,215,0.48,0.48,0.36,95.34,1.42,201.69,1.98,72.19,12.57,19.23,26.15,16.78,20.52
1990,216,0.48,0.48,0.41,95.51,2.0,254.75,2.77,71.75,12.27,18.49,27.26,16.39,18.4
1990,217,0.48,0.48,0.47,95.51,1.4,112.88,4.91,73.06,12.7,18.98,27.47,16.88,17.44
1990,218,0.49,0.49,0.52,95.28,1.0,124.69,3.95,67.75,12.08,19.69,26.49,16.06,18.05
1990,219,0.49,0.49,0.47,95.08,1.62,107.75,0.02,53.56,10.13,17.94,31.94,13.3,24.49
1990,220,0.49,0.49,0.48,95.17,2.59,167.38,4.68,58.12,11.41,19.02,34.3,15.19,21.25
1990,221,0.49,0.49,0.52,95.5,1.98,100.56,4.52,69.19,12.57,18.37,31.13,16.81,24.53
1990,222,0.49,0.5,0.52,95.57,1.97,52.81,5.39,71.5,12.94,18.14,30.63,17.27,23.71
1990,223,0.5,0.51,0.55,95.49,1.44,70.06,9.93,72.12,13.12,18.07,29.38,17.48,24.42
1990,224,0.5,0.51,0.49,95.41,1.56,176.94,0.79,60.25,11.72,18.36,33.15,15.59,25.67
1990,225,0.5,0.51,0.49,95.25,1.93,195.25,2.33,57.81,12.7,20.4,34.05,16.91,24.01
1990,226,0.5,0.5,0.47,95.29,2.12,248.19,0.5,53.06,11.78,21.26,35.85,15.66,21.57
1990,227,0.5,0.5,0.47,95.25,1.78,295.69,1.44,53.44,11.23,21.33,34.25,14.89,22.27
1990,228,0.5,0.49,0.46,95.41,2.13,201.69,0.63,65.25,12.33,19.19,30.85,16.46,23.98
1990,229,0.49,0.49,0.45,95.62,2.23,66.06,0.01,62.75,11.11,17.08,31.31,14.74,24.88
1990,230,0.49,0.49,0.43,95.57,2.03,149.25,0.39,61.25,11.41,17.02,33.52,15.23,25.62
1990,231,0.49,0.49,0.43,95.45,1.78,81.25,1.14,58.94,11.47,19.58,32.77,15.37,25.74
1990,232,0.49,0.48,0.41,95.42,1.86,95.62,0.02,46.0,8.91,18.42,35.73,11.12,26.78
1990,233,0.49,0.48,0.38,95.29,1.95,221.88,0.61,36.88,8.24,19.34,37.35,10.06,24.17
1990,234,0.49,0.48,0.4,95.34,1.91,181.06,0.99,48.62,10.07,20.61,30.69,13.27,19.77
1990,235,0.49,0.48,0.38,95.5,2.06,177.5,0.0,54.31,10.07,18.69,32.31,13.15,24.62
1990,236,0.48,0.48,0.36,95.59,1.8,184.5,0.0,44.19,8.06,17.01,35.23,9.55,24.56
1990,237,0.48,0.48,0.35,95.42,2.01,208.0,0.0,39.5,8.12,19.51,35.03,9.98,24.18
1990,238,0.48,0.48,0.35,95.25,1.95,116.69,0.16,54.75,10.07,18.13,31.36,13.19,23.29
1990,239,0.48,0.48,0.35,95.26,1.99,165.62,0.03,62.88,10.93,17.96,30.48,14.55,21.78
1990,240,0.48,0.48,0.34,95.39,2.02,185.94,0.02,60.5,10.31,16.79,30.98,13.5,22.62
1990,241,0.48,0.48,0.34,95.4,1.64,140.81,0.0,57.25,9.77,17.08,31.98,12.45,23.92
1990,242,0.48,0.48,0.33,95.12,1.54,205.56,0.0,44.69,8.79,16.83,35.55,10.94,23.58
1990,243,0.48,0.47,0.33,94.93,2.33,183.88,0.25,54.69,11.35,20.18,34.62,14.78,22.15
1990,244,0.48,0.47,0.34,95.1,2.27,37.44,0.57,74.19,13.79,20.4,28.51,18.12,20.83
1990,245,0.48,0.48,0.35,95.26,2.1,85.44,0.84,68.0,12.7,19.23,32.05,16.87,13.55
1990,246,0.48,0.48,0.41,95.29,1.62,120.81,3.38,69.44,12.51,18.82,29.8,16.73,18.89
1990,247,0.48,0.48,0.46,95.11,1.61,168.31,4.09,62.88,11.54,18.33,31.76,15.35,17.02
1990,248,0.48,0.48,0.45,94.92,1.74,196.5,0.85,56.56,11.72,19.93,33.82,15.58,20.7
1990,249,0.48,0.48,0.42,95.09,1.63,192.75,0.03,53.5,10.44,19.6,33.1,13.64,23.22
1990,250,0.48,0.48,0.4,95.02,1.38,174.12,0.64,47.75,10.01,18.66,35.95,12.83,20.27
1990,251,0.48,0.48,0.48,95.16,2.23,158.06,7.18,69.06,13.0,19.47,32.16,17.26,17.9
1990,252,0.48,0.48,0.48,95.24,1.36,163.62,0.57,55.69,11.54,19.02,35.59,15.04,18.06
1990,253,0.48,0.48,0.45,95.18,1.53,241.88,0.48,50.69,11.54,22.37,35.82,15.15,18.22
1990,254,0.48,0.48,0.46,95.25,1.91,310.81,1.19,67.5,13.49,20.78,33.01,17.65,21.54
1990,255,0.48,0.48,0.45,95.3,1.41,178.44,0.08,61.5,12.15,20.33,32.17,16.05,20.64
1990,256,0.48,0.48,0.43,95.36,1.74,238.06,0.38,53.44,11.35,20.87,33.38,15.1,14.96
1990,257,0.48,0.48,0.41,95.59,2.54,265.5,0.12,56.56,12.27,20.34,33.26,16.37,22.01
1990,258,0.48,0.48,0.41,95.63,2.04,232.56,0.96,60.12,11.96,21.09,29.81,16.1,19.92
1990,259,0.48,0.48,0.41,95.51,1.68,161.81,0.26,58.5,11.05,20.33,30.67,14.79,18.08
1990,260,0.48,0.48,0.41,95.45,1.61,251.62,1.16,61.06,11.96,19.69,28.95,15.95,16.44
1990,261,0.48,0.48,0.44,95.6,1.69,216.62,1.9,64.06,12.51,19.98,31.72,16.73,19.88
1990,262,0.48,0.48,0.42,95.38,1.52,195.0,0.26,58.19,11.23,18.71,33.71,14.85,19.54
1990,263,0.48,0.48,0.39,95.18,1.73,263.19,0.0,45.06,9.34,19.83,34.92,12.03,19.36
1990,264,0.48,0.48,0.38,95.18,2.67,290.06,0.84,58.94,11.17,18.5,31.51,14.8,19.97
1990,265,0.48,0.48,0.39,95.17,1.78,257.44,0.13,52.69,8.91,16.31,30.83,11.09,19.25
1990,266,0.48,0.47,0.38,95.1,2.32,250.0,0.0,42.0,8.0,16.58,32.42,9.72,16.36
1990,267,0.48,0.47,0.37,95.2,2.12,239.88,0.0,54.06,10.44,20.85,31.73,13.75,17.43
1990,268,0.48,0.47,0.35,94.98,3.35,171.69,0.0,39.94,8.18,19.56,37.68,9.33,17.67
1990,269,0.48,0.47,0.33,95.32,1.48,207.25,0.04,42.0,9.03,20.8,34.76,11.35,14.95
1990,270,0.47,0.47,0.33,95.76,2.73,217.06,0.11,60.0,10.86,18.37,29.85,14.33,16.94
1990,271,0.47,0.47,0.33,95.97,1.95,164.06,0.19,67.62,10.44,16.73,28.23,13.87,17.42
1990,272,0.47,0.47,0.32,95.78,1.66,99.06,0.0,57.56,8.3,14.66,29.48,9.96,18.37
1990,273,0.47,0.47,0.31,95.39,2.02,230.88,0.0,47.12,8.0,14.85,32.22,9.78,18.09
1990,274,0.47,0.46,0.3,95.27,2.06,207.69,0.0,42.31,7.81,17.98,33.05,9.44,18.68
1990,275,0.47,0.46,0.3,95.21,1.86,175.69,0.3,42.12,8.0,19.04,32.22,9.86,18.12
1990,276,0.47,0.46,0.31,95.0,1.94,221.94,1.74,56.5,9.4,17.51,30.28,11.81,13.95
1990,277,0.47,0.47,0.37,95.12,2.27,293.25,1.98,70.62,10.86,15.88,27.57,14.32,17.19
1990,278,0.48,0.47,0.45,95.53,2.74,338.81,1.67,70.88,9.22,12.46,23.37,11.74,11.48
1990,279,0.48,0.47,0.42,95.36,1.3,242.5,0.0,60.38,7.57,12.05,25.56,8.83,17.65
1990,280,0.48,0.48,0.45,94.54,2.55,214.62,3.28,68.62,10.38,16.33,25.78,13.55,10.81
1990,281,0.48,0.48,0.47,94.48,2.36,257.88,1.18,67.19,9.46,15.19,27.04,11.95,17.28
1990,282,0.48,0.48,0.49,94.86,1.37,178.31,2.96,70.75,9.83,14.49,26.02,12.84,13.51
1990,283,0.48,0.48,0.48,95.04,1.66,81.5,1.33,75.94,10.99,15.7,27.76,14.46,11.19
1990,284,0.48,0.48,0.49,94.93,1.49,252.12,3.52,72.75,10.93,15.6,27.39,14.12,16.89
1990,285,0.48,0.48,0.46,95.25,2.44,192.62,0.0,41.69,6.96,15.17,32.01,7.62,11.93
1990,286,0.48,0.48,0.45,95.61,2.54,236.88,0.05,49.5,8.06,17.33,31.76,9.37,11.91
1990,287,0.48,0.48,0.45,95.45,1.7,104.25,0.0,65.56,10.25,15.8,30.32,13.51,15.72
1990,288,0.48,0.48,0.43,95.08,2.05,255.06,0.0,60.19,9.16,16.19,28.54,11.48,13.8
1990,289,0.48,0.47,0.43,95.24,1.33,148.94,0.01,66.0,9.22,14.41,26.33,12.01,14.0
1990,290,0.48,0.47,0.41,95.07,1.8,213.44,0.12,65.38,9.52,13.65,28.69,12.26,15.83
1990,291,0.48,0.48,0.49,94.92,1.01,199.44,5.58,69.75,10.93,15.77,28.08,14.48,14.76
1990,292,0.48,0.48,0.52,94.69,2.4,260.94,6.13,72.75,10.68,14.28,26.88,14.13,12.59
1990,293,0.48,0.49,0.48,94.94,2.28,295.75,0.53,76.94,9.28,12.21,22.52,12.03,12.45
1990,294,0.48,0.48,0.47,94.92,1.82,217.62,0.0,68.75,8.3,10.97,25.39,10.15,16.51
1990,295,0.48,0.48,0.46,94.93,2.9,237.69,0.11,55.25,7.57,12.98,29.15,8.6,12.96
1990,296,0.48,0.48,0.46,95.37,1.44,302.44,0.03,68.5,8.36,13.56,22.96,10.46,6.91
1990,297,0.48,0.48,0.46,95.24,0.99,230.44,0.0,66.38,8.36,13.37,24.58,10.39,15.59
1990,298,0.48,0.48,0.45,95.16,2.16,277.06,0.02,70.5,8.48,11.54,24.15,10.59,15.59
1990,299,0.48,0.48,0.45,95.11,1.25,230.12,0.01,69.69,8.3,13.01,23.71,10.17,13.65
1990,300,0.48,0.48,0.45,95.06,1.82,280.81,0.07,74.44,8.36,11.29,20.2,10.34,12.58
1990,301,0.48,0.48,0.48,94.69,2.31,274.06,2.32,79.25,8.79,11.93,20.18,11.15,5.42
1990,302,0.48,0.48,0.47,94.38,3.17,276.25,0.26,76.88,9.16,10.74,22.74,11.7,8.02
1990,303,0.48,0.48,0.46,94.67,2.11,228.44,0.01,70.12,8.97,12.85,23.57,11.51,14.67
1990,304,0.48,0.48,0.45,94.75,1.7,248.06,0.0,62.94,8.48,11.94,28.29,10.58,14.37
1990,305,0.48,0.48,0.45,94.97,2.09,275.06,0.46,73.44,9.34,13.19,24.29,11.94,15.11
1990,306,0.48,0.48,0.46,94.9,1.05,192.19,0.49,76.06,9.03,13.38,23.07,11.62,15.45
1990,307,0.48,0.48,0.46,94.56,0.94,137.81,0.46,80.5,9.16,13.01,18.96,11.8,9.86
1990,308,0.48,0.48,0.52,94.63,1.95,15.94,5.51,86.44,8.91,11.9,15.85,11.44,4.41
1990,309,0.48,0.49,0.52,95.08,2.19,47.06,3.85,79.44,7.51,9.68,16.62,8.88,8.1
1990,310,0.48,0.49,0.51,95.24,1.29,182.62,2.72,80.56,8.18,8.94,20.1,10.24,11.24
1990,311,0.48,0.49,0.48,95.48,1.46,174.56,0.25,78.44,8.85,11.97,21.83,11.38,11.53
1990,312,0.48,0.49,0.48,95.36,1.16,191.94,0.57,77.12,8.85,11.68,23.24,11.44,10.66
1990,313,0.49,0.49,0.55,95.39,0.68,134.31,12.02,88.19,9.77,13.04,18.29,12.89,10.41
1990,314,0.51,0.52,0.59,95.32,1.44,199.25,10.1,83.69,9.28,11.51,20.17,12.09,8.63
1990,315,0.52,0.53,0.56,95.38,0.93,125.25,5.84,83.94,9.03,12.19,18.48,11.65,9.05
1990,316,0.52,0.53,0.54,95.44,2.7,309.56,4.1,90.12,8.85,10.42,17.01,11.45,4.69
1990,317,0.52,0.54,0.55,95.61,3.11,191.38,3.7,85.06,8.06,10.58,15.55,10.01,6.51
1990,318,0.52,0.54,0.54,95.68,2.75,334.31,4.07,84.88,8.18,10.81,16.4,10.23,6.63
1990,319,0.53,0.55,0.58,95.53,4.3,327.94,7.0,86.5,8.36,10.59,15.33,10.51,4.99
1990,320,0.55,0.57,0.69,95.18,5.63,339.38,25.4,85.94,7.51,10.39,12.54,8.94,2.61
1990,321,0.59,0.62,0.75,95.64,3.34,271.56,28.6,91.81,8.97,10.83,16.17,11.65,4.52
1990,322,0.59,0.62,0.69,95.75,2.43,314.25,6.6,88.56,8.79,11.51,17.23,11.36,9.47
1990,323,0.6,0.62,0.66,95.35,1.84,312.81,2.41,88.19,8.36,10.19,16.94,10.55,11.72
1990,324,0.6,0.62,0.64,94.82,1.79,232.0,0.75,73.5,6.9,7.8,21.62,7.48,12.11
1990,325,0.59,0.61,0.62,94.49,3.5,201.62,0.0,60.62,5.8,8.92,22.62,5.04,9.69
1990,326,0.59,0.6,0.62,94.59,2.43,242.69,0.96,69.0,6.29,8.01,19.33,6.05,9.9
1990,327,0.59,0.6,0.63,94.95,2.15,277.38,2.35,83.12,6.35,7.28,13.25,6.43,2.57
1990,328,0.59,0.6,0.62,94.69,3.0,241.19,0.0,76.69,5.68,4.08,14.71,4.73,9.8
1990,329,0.59,0.6,0.61,94.12,5.14,207.12,0.01,60.88,5.19,6.92,18.45,3.41,11.35
1990,330,0.59,0.59,0.61,94.07,2.71,223.81,1.1,70.75,5.55,6.25,15.65,4.12,9.13
1990,331,0.59,0.59,0.61,94.4,3.14,246.38,0.3,82.38,5.86,4.39,13.98,5.08,10.23
1990,332,0.59,0.59,0.61,94.73,1.88,252.44,0.09,73.75,4.76,1.94,13.69,2.1,11.4
1990,333,0.59,0.59,0.61,94.71,2.95,268.12,1.18,82.38,5.37,2.93,10.87,3.78,6.79
1990,334,0.59,0.6,0.63,94.77,2.91,291.56,4.61,88.38,5.74,4.59,9.42,4.89,5.43
1990,335,0.59,0.6,0.63,94.85,4.8,310.81,2.56,84.06,5.62,5.17,11.03,4.62,4.21
1990,336,0.6,0.62,0.69,95.48,3.52,337.88,10.53,82.44,5.0,4.25,8.77,3.21,4.73
1990,337,0.61,0.62,0.66,95.39,1.8,318.31,1.28,82.62,5.37,4.17,11.51,4.15,4.29
1990,338,0.61,0.62,0.65,95.42,1.7,243.75,1.34,79.19,5.25,3.94,11.41,3.73,10.04
1990,339,0.61,0.62,0.64,95.17,1.82,279.62,0.04,82.44,5.37,2.7,14.19,3.99,11.17
1990,340,0.61,0.62,0.65,95.22,2.17,114.44,2.08,75.19,4.76,3.12,11.18,2.23,7.77
1990,341,0.61,0.62,0.64,95.23,1.36,191.12,0.0,67.75,4.09,2.97,12.46,0.17,10.92
1990,342,0.61,0.61,0.63,94.74,5.09,208.44,0.0,64.62,4.39,2.95,15.11,1.23,8.79
1990,343,0.6,0.61,0.62,93.74,5.46,221.56,0.62,67.81,4.94,4.8,12.74,2.66,3.12
1990,344,0.6,0.61,0.62,94.18,3.99,263.0,0.1,66.25,3.91,2.37,11.01,-0.72,11.0
1990,345,0.6,0.61,0.63,93.87,4.05,254.38,1.79,83.38,4.82,2.15,8.79,2.29,6.75
1990,346,0.62,0.63,0.73,94.43,4.41,307.31,19.37,89.81,5.49,3.11,7.57,4.27,3.0
1990,347,0.63,0.66,0.75,94.41,5.25,307.88,16.61,82.19,5.25,4.79,8.2,3.58,1.94
1990,348,0.64,0.66,0.72,94.75,2.14,315.19,4.72,86.75,5.13,3.37,8.33,3.37,6.02
1990,349,0.65,0.66,0.71,95.18,1.89,298.19,1.91,83.31,4.76,2.35,8.87,2.37,8.72
1990,350,0.65,0.66,0.7,95.11,1.7,193.56,0.03,79.56,4.7,-0.1,13.33,2.03,10.91
1990,351,0.64,0.66,0.69,94.88,1.06,176.38,0.0,77.44,4.94,3.01,13.07,2.71,9.67
1990,352,0.64,0.65,0.69,94.83,1.34,207.94,0.02,66.12,4.03,1.05,13.39,-0.02,9.71
1990,353,0.64,0.65,0.69,95.07,1.27,185.69,0.0,78.19,4.88,1.3,13.65,2.45,10.63
1990,354,0.64,0.65,0.69,95.24,1.89,98.94,0.16,84.69,5.49,2.15,13.58,4.22,10.44
1990,355,0.64,0.65,0.69,95.41,1.93,44.38,0.36,93.38,6.59,6.28,10.64,7.08,6.66
1990,356,0.64,0.65,0.7,95.22,2.16,40.0,3.49,94.25,6.47,6.07,9.58,6.82,2.35
1990,357,0.65,0.66,0.75,94.87,2.77,178.25,17.66,93.5,5.98,5.09,9.22,5.53,1.91
1990,358,0.67,0.7,0.8,94.44,6.67,284.44,22.42,93.44,6.41,5.15,8.58,6.34,1.49
1990,359,0.69,0.72,0.77,95.43,3.21,310.0,7.39,92.56,6.41,3.71,10.05,6.62,3.08
1990,360,0.7,0.71,0.75,95.4,2.08,243.56,1.72,88.56,5.49,2.98,11.19,4.42,5.88
1990,361,0.7,0.71,0.75,95.49,1.89,281.06,7.36,89.12,6.65,6.07,13.13,7.17,8.01
1990,362,0.71,0.73,0.79,95.77,2.16,317.0,9.47,90.44,6.77,6.51,12.31,7.49,9.37
1990,363,0.71,0.72,0.75,96.15,1.45,219.5,0.03,79.94,5.92,4.05,16.3,5.51,10.93
1990,364,0.7,0.72,0.75,96.12,1.84,227.88,0.0,74.38,5.86,4.84,19.13,5.4,10.83
1990,365,0.7,0.71,0.74,95.84,1.7,236.88,0.0,71.62,5.74,5.2,18.98,5.01,9.65
1991,1,0.7,0.71,0.74,95.82,1.9,269.25,0.64,83.38,6.65,5.89,15.28,7.08,9.34
1991,2,0.7,0.71,0.74,96.1,1.22,65.69,0.27,85.75,6.35,4.58,14.37,6.55,10.81
1991,3,0.7,0.71,0.74,95.84,1.62,226.0,0.0,77.62,5.37,2.63,17.26,4.2,10.76
1991,4,0.7,0.71,0.74,95.5,2.35,268.38,0.21,85.5,6.41,5.37,16.47,6.56,11.05
1991,5,0.7,0.71,0.74,95.83,2.25,232.81,1.2,88.69,5.98,4.01,9.87,5.68,3.64
1991,6,0.7,0.71,0.74,95.83,1.46,273.06,0.38,81.69,4.94,2.61,11.75,2.88,11.63
1991,7,0.7,0.7,0.73,95.59,1.95,242.38,0.0,63.38,3.78,0.77,15.59,-0.89,11.13
1991,8,0.7,0.7,0.73,95.77,1.6,262.12,0.0,75.12,5.13,1.82,14.2,2.98,11.02
1991,9,0.7,0.7,0.73,96.09,1.53,248.06,0.0,76.62,5.68,3.17,16.48,4.99,11.74
1991,10,0.7,0.7,0.73,96.26,1.42,223.81,0.0,71.88,5.62,4.19,18.69,4.7,11.4
1991,11,0.7,0.7,0.73,96.1,1.69,236.81,0.0,56.5,4.33,3.9,19.44,1.0,11.99
1991,12,0.69,0.7,0.73,95.61,1.73,248.38,0.0,58.19,4.21,3.53,18.3,0.45,11.78
1991,13,0.7,0.7,0.75,94.92,2.66,267.69,10.45,82.12,5.31,3.93,11.05,3.69,8.09
1991,14,0.7,0.72,0.77,94.62,4.62,300.5,6.51,85.5,4.94,3.73,7.65,2.79,5.03
1991,15,0.7,0.72,0.76,95.26,1.78,237.62,2.06,88.38,5.74,3.65,11.12,4.94,10.78
1991,16,0.7,0.72,0.75,95.49,1.57,264.69,0.12,85.44,5.43,3.19,13.46,4.25,12.03
1991,17,0.7,0.72,0.75,95.9,1.94,314.5,1.18,92.75,6.1,5.38,10.05,6.04,6.08
1991,18,0.7,0.72,0.75,96.13,1.66,332.75,0.76,88.19,5.92,5.77,10.57,5.57,4.27
1991,19,0.7,0.71,0.74,96.25,1.02,59.88,0.06,77.69,4.76,3.05,12.15,2.52,10.89
1991,20,0.7,0.71,0.74,96.05,0.95,223.12,0.07,82.62,4.58,2.14,7.24,1.92,4.04
1991,21,0.7,0.71,0.74,95.87,1.07,181.38,0.25,80.38,4.58,1.69,10.34,1.87,12.17
1991,22,0.7,0.71,0.74,95.57,0.95,182.75,0.34,81.94,4.82,2.8,9.47,2.58,6.58
1991,23,0.7,0.71,0.74,95.49,1.26,198.44,0.11,74.62,4.39,0.83,10.98,1.2,9.82
1991,24,0.7,0.71,0.74,95.53,1.09,152.06,0.0,73.19,4.33,2.01,13.15,0.91,13.23
1991,25,0.7,0.71,0.73,95.41,2.04,146.06,0.01,77.5,4.94,0.98,14.77,2.74,11.77
1991,26,0.7,0.71,0.75,95.02,2.68,249.0,3.45,92.88,6.41,5.69,9.65,6.59,6.67
1991,27,0.71,0.73,0.8,95.32,2.95,319.19,15.38,94.56,6.23,6.09,8.1,6.29,3.28
1991,28,0.72,0.73,0.77,95.78,1.78,257.56,1.39,83.44,5.37,4.57,10.35,4.17,10.69
1991,29,0.72,0.73,0.76,95.64,1.2,284.56,0.07,81.06,4.88,2.72,12.17,2.66,12.09
1991,30,0.72,0.73,0.76,95.43,1.81,255.56,0.67,84.06,5.07,0.88,12.94,3.23,12.36
1991,31,0.72,0.73,0.77,95.46,1.52,299.25,4.07,93.44,5.86,5.29,8.32,5.33,6.53
1991,32,0.72,0.73,0.77,95.6,1.49,249.88,1.64,89.62,5.37,1.78,9.04,4.07,9.33
1991,33,0.72,0.73,0.77,95.22,2.85,190.5,1.54,85.25,4.82,1.5,8.49,2.47,3.68
1991,34,0.72,0.73,0.76,95.32,1.38,113.19,0.23,82.88,4.94,1.28,11.33,2.83,8.53
1991,35,0.72,0.73,0.77,95.56,2.23,324.94,2.45,92.31,5.8,4.49,8.73,5.31,5.43
1991,36,0.73,0.73,0.77,95.5,2.2,303.38,3.55,87.31,5.43,3.79,9.87,4.3,11.09
1991,37,0.73,0.73,0.77,95.18,2.77,270.38,4.49,83.62,5.43,2.53,12.49,4.09,6.67
1991,38,0.73,0.73,0.77,94.98,2.69,222.75,0.01,73.38,5.8,4.44,17.99,4.95,14.97
1991,39,0.73,0.73,0.76,95.06,2.17,283.19,0.46,78.25,5.49,5.08,13.75,4.37,9.39
1991,40,0.73,0.73,0.76,95.34,1.3,217.44,0.02,72.31,4.58,2.31,13.37,1.78,13.85
1991,41,0.72,0.73,0.76,95.15,2.31,224.88,0.0,68.0,4.64,3.62,15.56,1.92,11.34
1991,42,0.72,0.73,0.77,94.88,2.19,250.62,2.8,83.12,5.07,3.0,11.28,3.05,9.39
1991,43,0.72,0.73,0.76,95.05,1.5,267.69,0.3,82.5,4.76,2.58,9.26,2.29,9.57
1991,44,0.73,0.73,0.79,94.74,1.52,90.62,10.4,92.31,4.88,1.71,5.88,2.67,3.28
1991,45,0.73,0.75,0.8,94.58,2.21,154.94,10.28,94.81,4.27,0.48,2.52,0.8,2.67
1991,46,0.74,0.77,0.81,95.14,3.2,309.31,8.99,86.81,4.09,-1.98,5.86,0.23,5.53
1991,47,0.74,0.77,0.79,94.74,2.8,235.75,0.0,70.12,3.48,-2.8,11.78,-2.17,13.83
1991,48,0.74,0.76,0.78,94.0,2.13,223.31,1.23,71.0,4.15,0.64,12.34,0.1,7.08
1991,49,0.74,0.76,0.77,94.37,1.92,212.69,0.01,69.75,4.33,-0.3,14.71,0.8,12.42
1991,50,0.74,0.76,0.79,93.96,3.05,180.56,4.83,72.31,4.76,1.75,14.03,1.92,8.61
1991,51,0.75,0.77,0.8,93.68,2.3,236.12,8.36,89.69,5.62,3.15,7.57,4.3,5.45
1991,52,0.76,0.78,0.83,94.57,4.05,309.62,10.15,95.94,6.84,4.94,10.24,7.44,2.93
1991,53,0.77,0.78,0.8,95.65,2.59,280.0,0.21,83.62,5.68,2.44,14.17,4.8,13.78
1991,54,0.76,0.77,0.79,96.25,1.41,246.81,0.3,84.56,5.86,4.54,14.56,5.4,13.82
1991,55,0.76,0.77,0.79,96.14,1.62,110.0,0.03,75.56,4.94,2.48,16.08,2.75,17.24
1991,56,0.76,0.77,0.78,95.7,1.39,122.69,0.0,70.94,5.13,3.62,17.44,3.21,17.79
1991,57,0.75,0.77,0.78,95.51,1.59,276.44,0.0,72.62,5.55,3.94,18.76,4.44,17.68
1991,58,0.75,0.76,0.78,95.42,1.55,245.5,0.89,79.25,5.98,5.45,15.58,5.55,12.47
1991,59,0.75,0.76,0.78,94.85,1.98,248.44,0.89,77.5,5.86,4.15,15.12,5.23,11.14
1991,60,0.75,0.76,0.79,94.1,2.41,202.69,2.13,83.62,6.53,7.27,14.59,6.69,9.78
1991,61,0.75,0.77,0.8,94.74,1.77,152.69,8.3,87.56,6.53,5.67,13.31,6.86,3.19
1991,62,0.76,0.77,0.79,95.8,0.93,150.88,0.47,83.31,6.65,6.68,17.57,7.23,17.8
1991,63,0.75,0.77,0.78,95.84,1.94,211.06,0.0,69.0,6.04,5.07,20.87,5.84,18.46
1991,64,0.75,0.76,0.77,95.17,4.02,203.19,0.0,72.88,6.53,8.33,18.4,6.84,14.43
1991,65,0.74,0.75,0.77,94.14,4.58,194.12,0.0,63.12,6.29,8.26,21.0,6.05,16.23
1991,66,0.74,0.75,0.76,93.33,4.87,186.12,0.0,53.62,5.98,10.35,22.94,5.17,10.03
1991,67,0.74,0.74,0.77,93.58,2.36,261.06,2.97,74.38,6.29,6.23,16.37,6.01,7.88
1991,68,0.73,0.74,0.77,94.62,3.23,264.88,0.22,78.12,5.92,4.43,15.57,5.35,10.28
1991,69,0.73,0.74,0.77,95.11,2.85,279.56,0.48,84.75,7.26,6.56,17.16,8.36,9.04
1991,70,0.73,0.74,0.77,95.24,1.75,240.94,0.13,83.75,7.32,6.2,17.9,8.51,17.28
1991,71,0.73,0.73,0.76,94.59,1.52,217.31,0.0,71.81,6.9,5.7,21.67,7.52,19.28
1991,72,0.73,0.73,0.76,94.04,1.4,142.62,0.23,71.69,7.32,9.77,20.11,8.32,16.87
1991,73,0.73,0.73,0.79,94.0,3.65,88.5,12.93,91.38,7.69,8.68,12.53,9.04,3.76
1991,74,0.75,0.77,0.84,94.4,4.47,125.88,19.94,92.81,7.2,7.83,10.83,8.16,2.88
1991,75,0.76,0.77,0.8,94.77,2.63,300.62,0.62,80.0,6.16,5.52,15.3,5.91,12.82
1991,76,0.76,0.77,0.8,94.82,2.89,272.81,3.14,86.5,7.26,5.77,16.25,8.39,9.48
1991,77,0.77,0.78,0.84,95.23,3.1,306.44,16.09,91.56,6.53,5.51,10.25,6.83,7.29
1991,78,0.77,0.79,0.83,95.81,4.36,322.38,7.35,86.5,6.71,7.37,12.83,7.34,13.27
1991,79,0.77,0.79,0.8,95.84,2.16,293.62,0.06,85.56,7.26,6.33,15.65,8.45,7.59
1991,80,0.77,0.78,0.79,95.14,3.08,203.12,0.0,69.12,6.9,6.76,22.47,7.58,21.9
1991,81,0.77,0.77,0.79,94.45,2.31,192.06,0.0,61.5,6.23,8.28,21.2,5.89,21.07
1991,82,0.76,0.77,0.77,93.4,3.9,175.88,0.0,54.25,5.74,7.12,24.68,4.55,20.78
1991,83,0.76,0.76,0.78,93.36,2.34,238.5,2.37,72.12,6.04,5.98,16.42,5.46,11.05
1991,84,0.76,0.76,0.78,94.03,2.93,227.19,0.21,68.0,5.13,3.9,14.29,3.12,15.17
1991,85,0.75,0.76,0.77,94.5,2.0,257.44,0.09,69.75,5.55,4.03,16.8,4.22,18.52
1991,86,0.75,0.76,0.77,94.76,1.7,292.69,0.46,84.88,6.84,6.18,15.05,7.42,17.44
1991,87,0.75,0.75,0.77,95.01,1.86,208.69,0.02,82.56,6.65,5.19,16.8,7.14,17.74
1991,88,0.74,0.75,0.77,94.92,1.59,203.12,0.09,76.44,6.9,6.03,20.83,7.51,22.83
1991,89,0.74,0.75,0.8,94.47,2.63,82.06,16.85,81.62,7.87,7.95,18.67,9.37,9.12
1991,90,0.77,0.79,0.84,94.6,3.73,36.44,17.07,89.94,7.45,7.69,12.76,8.67,2.64
1991,91,0.77,0.8,0.82,94.91,2.47,328.31,5.38,85.88,6.65,7.37,12.54,7.17,13.9
1991,92,0.77,0.79,0.8,94.89,2.15,309.31,0.91,80.62,6.23,6.34,15.0,6.12,15.19
1991,93,0.77,0.78,0.8,94.78,1.89,274.38,0.02,67.88,5.25,3.07,17.09,3.58,22.7
1991,94,0.77,0.77,0.8,94.85,2.6,267.56,2.17,75.94,5.98,6.13,14.48,5.56,13.57
1991,95,0.77,0.78,0.81,94.5,5.34,271.62,8.05,76.69,5.43,4.95,12.08,4.05,10.08
1991,96,0.77,0.79,0.82,95.02,6.42,314.12,7.67,75.19,5.31,5.45,11.13,3.94,13.83
1991,97,0.77,0.78,0.8,95.78,2.38,254.19,0.09,75.62,5.55,3.65,15.31,4.68,23.83
1991,98,0.77,0.78,0.8,95.71,1.61,106.31,0.01,72.5,5.74,4.44,19.26,4.89,25.19
1991,99,0.77,0.77,0.79,95.55,1.44,88.31,0.0,70.81,6.65,6.39,21.01,7.18,24.72
1991,100,0.77,0.77,0.81,95.62,1.09,89.94,6.06,87.31,7.63,8.65,14.69,9.23,6.46
1991,101,0.77,0.78,0.81,95.52,1.42,66.5,4.91,88.06,7.63,8.76,15.15,9.25,11.8
1991,102,0.77,0.78,0.8,95.26,1.62,82.19,0.26,78.5,7.02,7.9,18.57,7.99,24.32
1991,103,0.77,0.77,0.79,94.77,3.4,195.81,0.59,72.69,7.2,8.31,18.61,8.28,15.74
1991,104,0.77,0.77,0.78,94.75,3.25,184.0,0.84,61.56,7.26,10.26,23.19,8.23,18.84
1991,105,0.76,0.77,0.78,94.63,2.78,180.69,2.74,60.06,7.81,12.33,27.12,9.26,15.12
1991,106,0.76,0.77,0.78,94.45,1.89,270.69,1.45,75.06,8.48,11.3,20.4,10.51,21.86
1991,107,0.76,0.76,0.78,94.12,2.26,311.06,0.47,81.81,7.93,8.07,18.61,9.54,12.91
1991,108,0.76,0.76,0.79,94.31,2.5,298.56,4.32,84.81,6.53,5.87,13.13,6.71,10.07
1991,109,0.76,0.76,0.78,94.68,1.66,253.12,0.27,71.81,5.86,5.54,17.98,5.12,22.19
1991,110,0.75,0.76,0.78,94.65,2.41,174.0,2.92,76.12,6.77,6.87,18.96,7.26,22.52
1991,111,0.75,0.76,0.78,94.96,2.77,32.62,0.69,79.69,6.29,7.31,15.37,6.37,10.27
1991,112,0.75,0.76,0.79,95.2,1.95,41.06,3.81,81.0,5.31,3.23,13.78,3.99,6.83
1991,113,0.75,0.76,0.77,95.46,1.59,54.44,0.01,70.56,5.19,4.31,14.29,3.66,23.25
1991,114,0.74,0.75,0.77,95.25,1.67,170.88,0.0,66.81,5.13,4.7,17.09,3.45,27.07
1991,115,0.74,0.74,0.77,94.63,3.04,249.0,0.81,72.44,5.74,4.51,17.21,4.9,18.98
1991,116,0.74,0.75,0.78,94.47,3.1,266.19,6.31,73.62,5.43,3.9,15.3,3.95,12.1
1991,117,0.74,0.75,0.77,94.96,2.28,231.12,0.84,75.94,5.86,4.12,15.23,5.19,19.75
1991,118,0.74,0.74,0.77,95.04,2.0,237.19,1.34,71.0,5.92,4.87,17.83,5.39,22.68
1991,119,0.73,0.74,0.77,95.48,2.13,322.0,0.3,71.94,6.04,6.05,16.28,5.69,22.68
1991,120,0.73,0.73,0.76,95.53,1.39,177.44,0.0,67.31,5.86,5.55,19.9,5.12,27.49
1991,121,0.73,0.73,0.75,94.54,2.73,231.62,0.01,54.69,6.1,6.83,23.95,5.46,26.38
1991,122,0.73,0.73,0.74,94.02,3.37,259.25,0.29,68.12,6.84,6.53,22.13,7.31,25.07
1991,123,0.72,0.72,0.74,94.58,3.06,199.94,0.19,75.38,6.04,4.96,15.41,5.58,20.96
1991,124,0.72,0.72,0.73,94.78,1.97,200.75,0.01,70.31,6.04,5.48,19.48,5.56,24.8
1991,125,0.71,0.71,0.73,94.67,2.19,221.31,0.13,70.12,6.53,5.78,20.4,6.69,24.96
1991,126,0.71,0.71,0.73,94.66,3.75,261.06,1.09,74.38,6.53,6.01,20.5,6.75,23.25
1991,127,0.7,0.7,0.72,94.81,1.91,240.62,0.01,63.81,5.37,3.55,19.01,3.99,27.29
1991,128,0.7,0.7,0.71,94.18,1.96,198.69,0.0,55.19,6.1,6.31,25.6,5.48,26.54
1991,129,0.7,0.7,0.71,94.28,2.71,311.69,0.3,66.69,6.04,6.61,17.96,5.51,15.6
1991,130,0.7,0.69,0.7,94.71,2.88,290.69,0.17,67.19,5.68,4.56,16.92,4.63,24.55
1991,131,0.69,0.69,0.7,95.13,1.64,153.19,2.04,70.38,6.35,5.44,20.62,6.18,22.35
1991,132,0.69,0.69,0.71,95.33,2.39,56.75,0.88,80.75,7.2,7.75,17.55,8.38,15.09
1991,133,0.69,0.69,0.73,95.35,3.06,286.0,7.19,80.62,6.71,7.57,13.73,7.3,14.75
1991,134,0.7,0.7,0.73,95.46,4.03,320.81,4.44,81.38,7.2,7.56,15.57,8.3,12.37
1991,135,0.69,0.7,0.7,95.48,2.26,248.06,0.0,66.81,6.65,6.37,20.48,7.11,27.01
1991,136,0.69,0.69,0.7,95.18,2.54,214.31,0.0,65.5,6.71,8.23,22.07,7.23,27.78
1991,137,0.68,0.68,0.7,95.28,2.34,221.94,0.09,73.5,6.47,6.84,17.05,6.78,23.26
1991,138,0.68,0.68,0.7,95.27,2.31,301.0,1.0,74.81,6.29,6.94,16.43,6.27,20.16
1991,139,0.68,0.68,0.69,95.5,2.27,332.44,0.33,73.12,5.98,5.28,16.08,5.64,18.95
1991,140,0.67,0.67,0.68,95.76,1.96,246.06,0.04,65.81,5.86,6.31,18.65,5.33,25.11
1991,141,0.67,0.67,0.7,96.1,1.83,100.19,5.46,74.56,6.77,8.06,16.71,7.55,20.16
1991,142,0.67,0.67,0.68,96.28,2.12,84.12,0.06,73.0,7.08,8.51,20.93,8.19,27.67
1991,143,0.67,0.67,0.67,95.65,1.55,85.19,0.0,63.44,6.65,8.01,23.24,7.11,28.35
1991,144,0.66,0.66,0.66,95.16,2.05,263.94,0.0,60.62,7.02,9.65,24.17,7.84,27.85
1991,145,0.66,0.66,0.66,95.3,1.97,101.0,0.0,62.81,7.51,10.93,24.76,8.73,26.21
1991,146,0.66,0.66,0.66,95.36,1.58,200.56,0.46,67.69,8.67,10.29,26.53,11.02,22.15
1991,147,0.66,0.65,0.66,95.25,1.44,75.38,2.08,65.25,8.79,13.15,25.69,11.24,24.04
1991,148,0.66,0.65,0.66,95.0,1.27,183.44,3.49,68.25,10.01,12.66,27.29,13.16,22.35
1991,149,0.65,0.65,0.66,94.82,1.63,179.44,0.57,66.38,10.68,15.43,27.94,14.16,26.44
1991,150,0.65,0.65,0.67,94.72,1.38,174.38,4.76,70.0,11.47,15.74,27.35,15.29,23.41
1991,151,0.66,0.66,0.73,94.7,1.65,164.0,23.32,86.0,11.23,14.87,21.89,14.92,7.42
1991,152,0.68,0.7,0.74,94.67,1.76,104.19,12.42,79.06,9.89,12.87,22.36,12.98,14.82
1991,153,0.68,0.7,0.72,94.8,1.65,168.06,6.68,79.25,10.07,13.58,22.3,13.3,13.7
1991,154,0.69,0.7,0.75,95.0,1.37,266.44,13.99,83.0,9.83,13.52,18.79,12.94,18.84
1991,155,0.7,0.7,0.71,95.19,1.75,261.56,1.4,73.75,9.03,11.18,23.99,11.62,25.44
1991,156,0.69,0.7,0.7,95.28,1.66,220.06,0.0,61.31,8.97,11.44,28.44,11.49,27.8
1991,157,0.69,0.68,0.67,95.16,2.69,253.56,0.0,57.0,9.64,15.05,30.4,12.5,27.96
1991,158,0.68,0.67,0.66,94.76,2.35,270.06,0.0,57.62,9.95,16.35,30.07,13.02,27.65
1991,159,0.67,0.67,0.66,94.85,3.43,252.88,0.0,68.62,9.95,14.17,23.97,13.06,24.7
1991,160,0.67,0.66,0.66,95.2,1.48,107.5,0.0,61.19,8.85,12.54,27.9,11.27,28.92
1991,161,0.66,0.66,0.65,95.16,1.9,205.31,0.0,61.5,10.56,16.27,30.72,14.05,28.45
1991,162,0.66,0.66,0.66,95.5,1.65,118.31,0.07,74.62,10.44,14.99,23.99,13.89,14.95
1991,163,0.66,0.65,0.65,95.41,1.73,81.94,0.0,62.75,9.64,14.17,30.05,12.63,29.37
1991,164,0.65,0.65,0.64,95.14,1.53,191.94,0.0,57.81,10.8,15.84,33.37,14.3,25.22
1991,165,0.65,0.64,0.63,95.02,1.73,156.75,0.0,53.94,11.23,18.94,32.89,14.84,25.66
1991,166,0.64,0.63,0.62,94.89,1.9,219.38,0.0,45.19,10.13,19.48,35.73,13.27,26.64
1991,167,0.63,0.62,0.62,94.71,2.52,187.56,1.46,50.38,10.44,20.01,33.72,13.68,19.33
1991,168,0.63,0.62,0.62,94.91,2.8,209.0,0.4,68.0,11.54,16.6,28.94,15.34,27.19
1991,169,0.63,0.62,0.62,95.21,3.14,46.38,0.16,69.69,9.83,14.37,26.04,12.9,16.14
1991,170,0.62,0.62,0.62,95.27,2.63,53.75,0.05,70.38,8.67,11.94,22.83,11.02,15.4
1991,171,0.62,0.62,0.62,95.17,1.88,70.06,0.0,60.56,7.57,10.76,25.57,8.94,29.52
1991,172,0.62,0.61,0.61,95.26,2.19,100.25,0.0,55.31,8.12,13.09,29.69,9.98,29.9
1991,173,0.62,0.61,0.6,95.36,2.28,109.88,0.0,57.62,9.46,14.42,31.79,12.3,28.59
1991,174,0.61,0.6,0.59,95.58,1.94,101.75,0.0,58.0,9.89,16.34,31.5,13.06,29.92
1991,175,0.61,0.6,0.59,95.66,2.06,96.81,0.0,57.75,9.77,15.12,31.22,12.87,30.14
1991,176,0.6,0.59,0.59,95.55,1.77,100.75,0.0,52.56,9.58,16.76,32.73,12.48,30.0
1991,177,0.6,0.59,0.58,95.29,2.11,200.5,0.0,50.38,10.19,17.58,34.92,13.33,29.29
1991,178,0.59,0.59,0.58,95.01,2.45,279.56,0.0,51.75,10.25,18.3,35.14,13.42,28.34
1991,179,0.59,0.58,0.58,95.17,2.48,46.44,0.0,67.0,10.19,13.92,27.89,13.38,23.99
1991,180,0.59,0.58,0.58,95.54,2.53,153.38,0.0,63.69,8.12,12.82,24.62,10.18,28.73
1991,181,0.59,0.58,0.58,95.81,1.87,24.81,0.0,62.56,8.18,12.66,25.8,10.25,27.72
1991,182,0.58,0.57,0.57,95.55,1.82,140.5,0.0,55.5,8.24,11.99,30.24,10.32,28.63
1991,183,0.58,0.57,0.56,95.12,1.48,214.44,0.0,53.19,8.91,15.6,29.64,11.34,26.63
1991,184,0.58,0.56,0.55,95.02,1.53,219.38,0.01,52.62,9.95,16.93,32.18,13.01,28.86
1991,185,0.57,0.56,0.54,95.14,1.41,197.06,0.05,49.75,10.5,18.56,35.66,13.93,25.38
1991,186,0.57,0.55,0.52,95.05,1.3,207.38,0.0,42.81,10.44,20.91,37.83,13.65,25.77
1991,187,0.56,0.55,0.5,95.34,2.26,320.06,0.04,55.44,10.5,19.48,31.14,13.87,24.15
1991,188,0.56,0.55,0.5,95.57,2.23,239.19,0.85,63.0,10.5,17.63,28.51,13.99,24.94
1991,189,0.56,0.55,0.52,95.53,1.67,93.25,0.52,60.81,11.05,17.58,31.83,14.72,25.67
1991,190,0.56,0.55,0.49,95.41,1.89,110.81,0.05,52.44,10.19,18.7,33.4,13.49,27.55
1991,191,0.55,0.55,0.48,95.28,1.98,82.06,0.0,49.69,10.01,18.51,34.43,13.18,27.32
1991,192,0.55,0.55,0.47,95.33,1.67,77.69,0.0,50.44,10.68,20.15,34.35,14.13,27.48
1991,193,0.55,0.54,0.46,95.49,1.95,198.44,0.0,55.94,10.19,17.49,32.8,13.29,27.18
1991,194,0.55,0.54,0.45,95.46,1.41,111.56,0.0,47.25,9.7,18.7,35.38,12.6,26.14
1991,195,0.55,0.54,0.44,95.24,1.96,291.31,0.0,47.56,9.7,19.74,34.8,12.62,25.7
1991,196,0.55,0.53,0.44,95.19,2.7,324.56,0.0,62.69,10.8,17.3,29.03,14.37,25.52
1991,197,0.55,0.53,0.43,95.15,1.74,174.38,0.0,56.0,9.4,15.18,31.68,12.05,26.29
1991,198,0.54,0.53,0.42,95.21,1.55,197.5,0.0,41.56,8.3,17.31,35.71,10.06,26.77
1991,199,0.54,0.53,0.41,95.27,1.97,232.19,0.0,41.69,8.73,19.93,35.15,11.06,25.44
1991,200,0.54,0.52,0.41,95.15,1.79,149.69,0.0,40.0,8.48,19.37,36.54,10.53,26.08
1991,201,0.54,0.52,0.4,95.12,1.81,170.5,0.01,38.56,8.79,20.87,36.53,11.06,25.24
1991,202,0.53,0.52,0.39,95.12,1.63,179.81,0.0,36.62,9.28,22.67,38.9,11.78,25.1
1991,203,0.53,0.52,0.38,95.05,2.04,215.44,0.02,39.31,10.5,23.04,39.18,13.8,23.74
1991,204,0.53,0.52,0.38,95.12,1.46,250.56,0.53,45.0,12.21,24.62,37.48,16.1,21.61
1991,205,0.53,0.52,0.38,95.05,1.95,205.44,0.0,49.81,11.9,22.44,36.07,15.74,24.89
1991,206,0.52,0.52,0.38,94.93,1.91,215.12,0.04,51.44,12.27,21.89,38.07,16.19,24.65
1991,207,0.52,0.52,0.38,95.07,2.54,25.0,0.64,63.31,12.7,19.48,33.62,16.82,24.33
1991,208,0.52,0.51,0.38,95.14,2.45,165.5,0.05,60.94,10.56,17.12,29.86,13.98,23.41
1991,209,0.52,0.51,0.38,94.79,1.77,196.94,0.0,48.0,8.97,14.95,33.51,11.29,25.38
1991,210,0.52,0.51,0.37,94.69,2.28,227.75,0.21,47.44,10.86,20.78,33.59,14.38,24.24
1991,211,0.52,0.51,0.38,94.83,2.52,123.69,0.26,59.0,11.9,20.21,29.25,15.82,23.61
1991,212,0.52,0.51,0.38,95.04,3.03,323.0,0.01,63.56,11.05,17.87,28.13,14.44,23.86
1991,213,0.52,0.51,0.37,95.33,1.87,228.25,0.0,55.44,9.52,16.39,31.34,12.22,27.65
1991,214,0.52,0.51,0.37,95.43,2.09,223.44,0.0,57.81,10.31,17.19,32.14,13.48,26.96
1991,215,0.52,0.5,0.37,95.5,2.55,315.38,0.0,59.19,10.25,17.49,30.72,13.6,26.47
1991,216,0.52,0.5,0.36,95.49,2.3,212.25,0.0,58.56,10.31,16.36,31.15,13.61,26.03
1991,217,0.51,0.5,0.36,95.41,2.38,245.12,0.0,51.94,9.64,18.59,31.3,12.64,25.06
1991,218,0.51,0.5,0.35,95.21,1.84,90.25,0.0,43.81,8.36,16.8,35.59,10.19,26.98
1991,219,0.51,0.5,0.34,95.02,1.95,191.0,0.0,35.5,7.87,19.71,36.69,9.5,27.01
1991,220,0.51,0.49,0.34,94.75,2.03,220.12,0.0,39.0,8.36,19.33,37.07,10.04,26.41
1991,221,0.51,0.49,0.35,95.06,3.42,140.25,0.82,71.88,12.45,18.33,27.19,16.48,16.53
1991,222,0.51,0.49,0.37,95.25,2.43,57.06,1.55,68.75,11.9,16.42,30.74,15.81,25.38
1991,223,0.51,0.5,0.39,95.28,1.88,146.69,1.28,59.69,12.27,20.01,33.41,16.18,11.78
1991,224,0.51,0.5,0.43,95.18,2.41,217.44,2.44,58.5,11.6,20.14,34.28,15.16,18.52
1991,225,0.51,0.5,0.45,95.26,2.38,166.94,1.1,68.06,12.21,19.23,29.41,16.26,20.29
1991,226,0.51,0.5,0.43,95.35,1.79,93.12,0.61,63.38,11.47,18.17,31.11,15.25,25.28
1991,227,0.51,0.5,0.41,95.35,1.82,101.12,0.39,51.81,9.46,17.0,34.51,11.94,26.97
1991,228,0.5,0.49,0.39,95.25,1.95,202.12,0.0,42.19,8.54,19.14,35.46,10.57,25.29
1991,229,0.5,0.49,0.38,95.26,1.8,220.62,0.0,48.56,9.83,19.91,33.77,12.82,26.46
1991,230,0.5,0.49,0.37,95.2,1.72,116.62,0.0,43.62,8.79,18.26,35.6,10.98,25.67
1991,231,0.5,0.49,0.35,95.19,1.96,184.81,0.0,41.88,9.58,21.55,36.87,12.5,25.47
1991,232,0.5,0.48,0.34,95.39,1.58,146.94,0.0,44.75,9.58,20.62,36.51,12.44,26.07
1991,233,0.49,0.48,0.34,95.18,1.91,217.44,0.0,46.94,9.83,20.12,37.09,12.73,22.91
1991,234,0.49,0.48,0.33,95.15,1.81,189.12,0.01,43.75,9.4,19.9,37.96,11.74,21.61
1991,235,0.49,0.48,0.32,95.41,1.51,142.88,0.0,38.5,8.79,22.23,36.67,11.06,24.37
1991,236,0.49,0.48,0.31,95.5,2.0,106.88,0.0,36.69,8.73,21.59,38.17,11.09,25.11
1991,237,0.49,0.48,0.3,95.33,1.53,221.94,0.06,36.5,9.09,21.97,38.15,11.65,25.02
1991,238,0.49,0.48,0.3,95.28,1.93,235.75,0.0,37.38,9.16,22.56,36.92,11.76,23.93
1991,239,0.48,0.48,0.3,95.35,1.91,220.44,0.0,35.69,8.67,21.39,38.15,10.87,23.98
1991,240,0.48,0.48,0.3,95.39,1.88,220.25,0.0,35.5,8.73,22.76,37.34,11.06,24.07
1991,241,0.48,0.48,0.29,95.17,1.8,232.88,0.0,37.62,9.22,22.39,37.48,11.79,22.7
1991,242,0.48,0.48,0.29,95.24,2.02,220.19,0.0,39.81,9.83,22.29,37.93,12.73,22.59
1991,243,0.48,0.48,0.29,95.33,2.36,235.56,0.02,43.12,10.93,22.9,38.72,14.37,22.58
1991,244,0.48,0.48,0.29,95.37,1.98,239.88,0.45,49.19,11.84,23.31,36.67,15.73,18.74
1991,245,0.48,0.48,0.38,95.56,1.7,197.94,4.06,70.12,13.61,19.49,29.02,18.01,21.32
1991,246,0.48,0.48,0.41,95.48,2.12,77.44,1.65,69.69,13.37,18.18,32.33,17.69,22.5
1991,247,0.49,0.48,0.45,95.49,1.27,118.88,2.35,76.94,13.98,19.94,27.12,18.51,21.83
1991,248,0.49,0.48,0.44,95.52,1.43,122.31,0.18,60.81,11.47,19.28,31.63,15.24,21.95
1991,249,0.48,0.48,0.41,95.55,1.82,205.06,0.15,61.19,12.57,21.65,28.9,16.77,17.58
1991,250,0.49,0.48,0.46,95.39,1.21,311.5,3.23,76.06,12.45,18.45,22.83,16.61,14.55
1991,251,0.49,0.49,0.52,95.32,1.7,344.25,4.42,82.56,12.39,17.46,22.67,16.51,10.13
1991,252,0.49,0.49,0.48,95.5,1.37,116.25,0.09,65.69,10.44,17.09,28.83,13.73,21.17
1991,253,0.49,0.49,0.45,95.56,1.84,228.38,0.0,52.12,9.03,15.8,31.98,11.58,23.3
1991,254,0.49,0.48,0.43,95.41,2.9,232.62,0.01,46.31,9.52,18.76,34.01,12.4,20.7
1991,255,0.49,0.49,0.48,95.32,2.04,217.56,6.68,60.88,11.41,19.62,30.11,14.98,18.61
1991,256,0.5,0.51,0.55,95.37,1.83,249.94,7.2,75.56,13.12,19.04,28.65,17.44,16.96
1991,257,0.5,0.51,0.51,95.38,1.16,156.5,2.51,72.81,12.7,18.8,28.08,16.73,19.06
1991,258,0.5,0.51,0.51,95.51,2.05,41.5,2.34,75.75,12.33,17.52,27.47,16.48,18.07
1991,259,0.5,0.51,0.49,95.6,1.81,65.44,1.18,76.0,11.66,16.9,25.98,15.65,17.76
1991,260,0.51,0.51,0.51,95.61,2.5,328.56,2.46,78.75,12.08,16.55,25.82,16.16,18.16
1991,261,0.51,0.51,0.49,95.5,1.66,242.88,1.12,74.5,11.66,16.45,27.81,15.58,10.35
1991,262,0.5,0.51,0.48,95.21,1.81,99.06,0.42,69.56,10.86,15.82,29.64,14.35,20.99
1991,263,0.5,0.5,0.47,94.97,1.8,214.69,0.0,55.69,9.64,15.91,32.24,12.5,21.22
1991,264,0.5,0.5,0.46,95.01,2.92,224.75,0.0,48.75,9.7,18.42,34.19,12.62,21.07
1991,265,0.5,0.49,0.45,95.19,2.53,257.88,0.0,49.31,10.19,19.65,34.88,13.36,20.19
1991,266,0.49,0.49,0.46,95.42,2.05,307.81,0.03,70.5,12.51,18.99,28.69,16.64,17.16
1991,267,0.49,0.49,0.46,95.25,1.99,250.94,0.12,75.44,12.51,17.4,28.11,16.67,15.95
1991,268,0.49,0.48,0.45,94.74,2.09,212.19,0.01,60.5,10.68,16.06,31.8,14.03,17.88
1991,269,0.49,0.48,0.44,94.82,2.38,255.81,0.8,57.12,10.86,18.59,30.75,14.3,11.26
1991,270,0.49,0.48,0.47,95.04,1.65,163.81,1.51,75.19,12.94,18.31,28.92,17.1,15.8
1991,271,0.49,0.49,0.52,94.63,1.81,198.81,5.28,71.94,12.02,17.59,27.65,15.87,14.97
1991,272,0.49,0.49,0.48,94.03,2.48,225.0,2.21,60.12,10.01,16.3,31.55,12.65,17.5
1991,273,0.5,0.5,0.51,94.45,2.73,306.56,3.0,74.88,10.44,15.4,24.77,13.65,11.34
1991,274,0.5,0.5,0.5,95.23,1.78,239.38,1.98,72.5,9.03,14.74,21.44,11.7,10.9
1991,275,0.5,0.5,0.5,95.64,2.77,42.38,2.39,74.56,10.07,14.72,23.26,13.35,8.48
1991,276,0.5,0.5,0.49,95.74,2.57,78.31,0.22,76.69,10.62,15.12,24.97,14.21,17.51
1991,277,0.5,0.5,0.48,95.48,1.59,147.44,1.16,68.81,10.56,14.77,30.3,13.94,15.31
1991,278,0.5,0.5,0.48,95.03,1.27,185.81,0.03,66.5,10.74,16.69,28.93,14.23,15.44
1991,279,0.5,0.51,0.55,95.06,2.94,332.5,9.14,84.31,11.35,15.0,21.57,15.09,12.36
1991,280,0.51,0.52,0.52,95.03,1.33,122.75,1.12,74.38,9.58,13.8,24.2,12.55,13.24
1991,281,0.51,0.51,0.52,94.69,3.52,208.25,2.95,68.06,9.77,13.97,27.03,12.77,16.37
1991,282,0.51,0.51,0.49,94.72,3.45,190.69,0.0,62.94,9.58,14.44,28.07,12.51,16.74
1991,283,0.51,0.51,0.48,94.77,5.15,192.69,0.0,40.25,7.14,16.64,31.93,8.08,17.49
1991,284,0.51,0.51,0.53,94.78,4.48,232.44,11.65,68.5,10.25,15.16,25.16,13.55,6.05
1991,285,0.52,0.52,0.53,94.8,2.59,255.56,0.3,65.44,7.81,11.52,22.66,9.33,17.83
1991,286,0.52,0.52,0.5,94.76,1.82,225.62,0.0,61.06,7.63,11.51,24.5,9.0,16.3
1991,287,0.52,0.52,0.52,94.77,1.35,229.75,3.86,68.88,8.85,13.58,22.89,11.26,10.14
1991,288,0.52,0.52,0.52,94.89,1.37,225.62,1.64,71.06,8.54,13.66,22.15,10.73,15.47
1991,289,0.52,0.53,0.56,95.03,2.11,47.31,9.46,83.25,10.62,13.89,22.3,14.05,5.94
1991,290,0.52,0.53,0.52,95.28,1.49,213.81,0.87,81.56,11.17,15.48,24.82,14.79,15.13
1991,291,0.52,0.53,0.53,95.11,1.07,194.12,2.53,68.94,9.7,13.6,27.8,12.66,9.32
1991,292,0.55,0.55,0.65,94.59,3.15,290.62,25.31,84.12,9.95,12.92,20.05,13.01,10.64
1991,293,0.57,0.59,0.7,94.97,4.32,336.12,20.94,82.75,7.32,8.13,12.93,8.33,2.61
1991,294,0.58,0.6,0.62,95.17,2.05,245.75,0.61,76.25,6.59,8.0,16.4,7.06,7.02
1991,295,0.58,0.59,0.6,95.14,1.09,168.81,0.64,75.31,7.2,9.65,17.69,8.16,11.66
1991,296,0.58,0.59,0.59,95.29,1.99,192.5,0.25,72.31,7.02,10.44,18.87,7.93,9.51
1991,297,0.58,0.59,0.58,95.32,1.82,192.38,0.02,59.12,6.53,11.15,22.99,6.62,10.26
1991,298,0.57,0.58,0.57,95.13,2.09,208.62,0.0,58.19,6.77,10.48,24.4,7.28,15.21
1991,299,0.57,0.58,0.58,94.92,2.16,253.75,1.35,71.12,8.79,12.49,21.78,11.14,9.5
1991,300,0.57,0.58,0.59,95.12,1.26,228.12,2.89,80.75,9.77,14.27,21.4,12.8,14.61
1991,301,0.58,0.59,0.63,95.38,1.57,319.88,7.91,90.56,9.46,10.9,16.05,12.4,5.38
1991,302,0.59,0.59,0.61,95.48,2.22,312.56,1.93,84.88,8.24,10.61,17.55,10.4,5.11
1991,303,0.59,0.59,0.6,95.54,1.55,262.94,0.62,79.38,7.57,10.05,17.58,9.07,12.25
1991,304,0.58,0.59,0.59,95.38,1.92,253.81,0.0,74.94,7.2,8.01,20.31,8.18,8.2
1991,305,0.58,0.59,0.59,95.61,1.52,177.25,0.42,84.88,8.67,10.2,19.38,11.12,8.23
1991,306,0.58,0.59,0.58,95.85,1.66,257.56,0.0,73.06,6.96,7.47,20.77,7.91,14.14
1991,307,0.58,0.58,0.58,95.59,2.09,245.38,0.0,70.19,6.96,7.68,22.26,7.82,14.73
1991,308,0.58,0.58,0.57,94.94,2.53,227.12,0.0,62.19,6.84,10.26,23.63,7.42,11.8
1991,309,0.58,0.58,0.59,94.94,2.98,294.44,2.06,81.81,7.93,8.93,16.79,9.56,8.56
1991,310,0.58,0.58,0.59,95.57,3.73,325.06,2.22,78.62,6.59,8.04,14.32,7.05,6.23
1991,311,0.58,0.58,0.59,96.15,5.0,331.94,1.93,74.0,5.86,7.54,13.4,5.47,7.59
1991,312,0.58,0.58,0.59,95.97,2.12,332.88,0.54,80.12,6.84,8.62,15.09,7.68,8.28
1991,313,0.58,0.58,0.58,95.47,1.35,160.12,0.04,79.56,6.53,5.47,17.58,6.8,13.86
1991,314,0.58,0.59,0.61,95.59,1.59,41.31,4.71,85.19,7.51,9.19,15.22,8.96,9.42
1991,315,0.58,0.59,0.6,95.95,1.28,88.25,0.9,82.19,6.65,7.33,16.22,7.33,12.77
1991,316,0.58,0.59,0.59,95.86,1.34,164.94,0.0,73.81,6.35,6.4,19.73,6.44,13.37
1991,317,0.58,0.58,0.58,95.37,1.59,217.12,0.0,68.56,6.59,7.94,21.39,6.97,13.12
1991,318,0.58,0.58,0.58,95.17,2.12,269.88,0.2,77.94,7.81,9.36,18.66,9.29,7.19
1991,319,0.58,0.58,0.58,95.02,1.91,266.19,0.05,73.75,7.26,10.33,18.95,8.26,12.1
1991,320,0.58,0.58,0.57,94.62,4.54,273.19,0.2,74.94,7.75,10.41,19.4,9.26,7.84
1991,321,0.57,0.58,0.57,95.16,3.47,296.12,0.06,78.38,6.96,7.69,15.52,7.76,5.17
1991,322,0.57,0.57,0.57,95.36,1.63,259.56,0.01,74.38,6.47,7.09,18.95,6.72,12.55
1991,323,0.57,0.57,0.56,94.67,2.74,227.12,0.1,67.81,6.35,8.07,20.29,6.31,11.82
1991,324,0.57,0.57,0.57,94.33,2.66,252.44,0.19,79.25,6.16,6.06,14.66,5.88,4.56
1991,325,0.57,0.57,0.57,94.56,2.31,271.38,0.52,80.75,5.43,4.92,11.4,4.04,9.92
1991,326,0.57,0.57,0.58,95.06,1.36,287.88,1.12,84.25,5.19,3.02,11.12,3.55,12.16
1991,327,0.58,0.58,0.64,94.83,1.73,278.69,14.11,92.88,5.86,4.1,7.87,5.15,1.91
1991,328,0.59,0.6,0.64,94.93,3.59,275.19,3.29,81.94,5.62,5.15,10.79,4.58,6.77
1991,329,0.59,0.59,0.61,95.32,1.94,244.38,0.0,68.0,4.82,2.47,17.9,2.49,12.41
1991,330,0.59,0.59,0.6,95.49,1.57,230.12,0.0,55.38,4.52,4.48,21.49,1.53,12.13
1991,331,0.59,0.59,0.59,95.66,1.46,196.75,0.0,51.5,4.7,6.39,21.61,1.96,12.41
1991,332,0.59,0.59,0.59,95.59,1.49,213.12,0.0,49.12,4.27,5.87,22.07,0.63,12.6
1991,333,0.59,0.59,0.59,95.27,1.6,232.56,0.08,55.88,4.94,6.06,19.91,2.58,11.71
1991,334,0.59,0.59,0.6,94.94,1.98,263.44,1.42,82.06,6.9,7.75,15.7,7.56,11.53
1991,335,0.59,0.59,0.59,95.04,1.41,277.19,0.48,81.5,6.65,5.23,16.71,7.03,10.61
1991,336,0.59,0.59,0.61,95.22,0.98,207.56,2.53,83.44,6.77,7.14,14.47,7.44,6.3
1991,337,0.59,0.59,0.6,95.3,1.78,263.94,1.04,86.12,6.1,5.42,12.81,5.9,10.01
1991,338,0.59,0.59,0.59,95.28,1.27,226.69,0.07,72.75,5.07,2.79,15.84,3.15,11.36
1991,339,0.59,0.59,0.59,95.3,1.33,222.75,0.0,69.5,4.94,3.77,15.49,2.92,11.8
1991,340,0.59,0.59,0.59,95.39,2.49,277.38,0.84,83.44,6.16,4.1,14.48,6.08,10.18
1991,341,0.59,0.59,0.59,95.96,2.17,57.62,0.11,75.75,4.46,1.94,9.76,1.58,10.08
1991,342,0.58,0.59,0.59,95.62,2.91,195.06,1.61,74.19,4.76,0.44,14.27,2.24,9.35
1991,343,0.59,0.59,0.64,95.19,1.93,144.75,5.67,89.38,5.98,5.44,9.26,5.52,4.8
1991,344,0.59,0.59,0.61,95.83,1.73,102.06,0.13,82.38,4.82,0.85,10.63,2.45,10.32
1991,345,0.59,0.59,0.6,96.12,1.95,220.19,0.0,78.62,4.46,-0.45,12.54,1.46,11.04
1991,346,0.59,0.59,0.6,96.25,1.33,183.06,0.0,69.69,3.97,1.67,11.95,-0.03,10.52
1991,347,0.59,0.59,0.6,96.32,1.15,180.69,0.0,69.69,3.85,0.25,12.83,-0.57,10.89
1991,348,0.59,0.59,0.6,96.31,2.11,217.75,0.0,80.31,4.46,-0.56,12.3,1.48,8.77
1991,349,0.59,0.59,0.59,95.99,2.14,225.56,0.02,82.56,5.13,1.95,12.41,3.55,10.87
1991,350,0.59,0.59,0.6,95.74,1.52,259.75,0.3,90.44,5.68,4.83,9.19,4.98,6.45
1991,351,0.59,0.59,0.62,95.97,1.04,256.44,3.36,92.0,6.04,5.07,10.04,5.8,7.1
1991,352,0.59,0.59,0.62,96.32,1.67,306.75,1.31,88.81,5.8,5.61,11.23,5.37,9.45
1991,353,0.59,0.59,0.61,96.03,2.91,293.19,0.83,92.75,6.84,6.44,12.8,7.63,9.45
1991,354,0.59,0.59,0.61,95.69,3.78,298.56,1.47,86.12,6.35,3.82,13.79,6.39,5.23
1991,355,0.59,0.59,0.62,95.84,4.64,314.88,1.54,80.31,6.1,7.12,12.86,6.04,6.7
1991,356,0.59,0.59,0.6,95.56,5.97,304.31,0.07,84.5,6.84,7.46,13.29,7.55,10.32
1991,357,0.59,0.59,0.6,95.8,3.81,301.75,0.47,90.88,7.26,7.79,13.56,8.5,5.48
1991,358,0.59,0.59,0.6,96.04,3.54,307.69,0.28,86.94,6.71,6.3,14.85,7.38,11.01
1991,359,0.59,0.59,0.61,96.25,3.66,264.88,1.62,83.38,5.74,5.53,10.37,5.2,5.02
1991,360,0.59,0.59,0.6,96.52,1.66,61.5,0.03,72.56,4.15,2.32,9.9,0.6,9.69
1991,361,0.59,0.59,0.6,95.81,3.26,283.75,0.35,84.25,5.25,-0.1,12.41,3.55,11.02
1991,362,0.59,0.59,0.62,95.65,2.94,316.12,2.31,86.69,5.8,5.18,9.09,5.21,4.45
1991,363,0.59,0.59,0.62,96.33,1.73,73.44,1.29,80.38,4.82,2.22,10.53,2.53,6.76
1991,364,0.59,0.59,0.6,96.79,0.94,133.44,0.0,76.75,4.15,1.36,10.54,0.65,10.6
1991,365,0.59,0.59,0.6,96.51,1.45,181.0,0.0,76.38,4.21,-0.69,13.13,0.73,11.42
1992,1,0.59,0.59,0.61,96.72,1.44,111.31,0.0,85.38,4.94,2.03,12.19,3.01,10.47
1992,2,0.59,0.59,0.61,96.92,1.29,214.38,0.0,74.94,4.39,0.71,15.05,1.48,11.68
1992,3,0.59,0.59,0.6,96.83,1.41,261.69,0.0,78.25,4.64,0.69,14.02,2.21,11.1
1992,4,0.59,0.59,0.6,96.64,1.31,199.5,0.0,78.62,4.52,0.11,12.92,1.86,10.88
1992,5,0.59,0.59,0.6,96.52,1.3,120.12,0.0,84.5,4.88,2.04,12.32,2.97,11.07
1992,6,0.59,0.59,0.6,96.38,1.04,159.75,0.0,80.0,4.52,2.09,12.63,1.7,11.46
1992,7,0.59,0.59,0.6,96.35,1.9,205.44,0.0,76.81,4.27,-0.17,14.51,1.04,11.94
1992,8,0.59,0.59,0.6,96.07,3.28,215.19,0.0,75.69,4.52,1.55,15.8,1.83,11.12
1992,9,0.59,0.59,0.59,95.49,5.26,208.75,0.0,61.44,4.27,3.35,16.96,0.79,10.01
1992,10,0.59,0.59,0.59,95.46,2.45,228.31,0.0,72.88,5.37,3.88,17.06,3.94,11.55
1992,11,0.59,0.59,0.59,95.59,1.4,238.06,0.0,72.56,5.13,2.51,17.32,3.38,11.46
1992,12,0.59,0.59,0.59,95.59,1.83,258.44,0.15,74.06,5.13,2.68,15.96,3.14,10.7
1992,13,0.59,0.59,0.59,95.87,1.12,115.25,0.03,84.81,5.86,4.62,13.2,5.42,8.26
1992,14,0.59,0.59,0.6,95.87,0.86,136.19,1.59,88.38,5.98,4.26,11.98,5.51,8.14
1992,15,0.59,0.59,0.62,95.96,1.39,41.62,3.34,91.25,6.16,6.14,10.19,6.19,6.93
1992,16,0.59,0.59,0.62,95.92,0.87,120.06,2.96,90.44,6.23,6.3,10.99,6.3,7.34
1992,17,0.59,0.6,0.63,95.66,0.78,200.81,3.38,87.5,5.74,5.46,10.01,5.06,11.07
1992,18,0.59,0.6,0.63,95.91,1.21,313.25,3.04,90.94,5.86,4.79,10.12,5.43,4.99
1992,19,0.59,0.6,0.62,95.73,1.21,283.31,0.2,80.12,5.25,3.96,13.69,3.8,9.99
1992,20,0.59,0.6,0.61,95.0,1.77,282.5,0.5,84.62,5.25,1.92,12.4,3.58,12.46
1992,21,0.6,0.6,0.63,94.74,1.38,277.19,2.83,90.81,5.43,2.87,8.73,4.14,5.28
1992,22,0.6,0.6,0.62,95.03,2.52,208.75,0.05,80.75,4.94,1.63,13.05,2.82,11.82
1992,23,0.59,0.6,0.61,95.09,3.94,182.81,0.0,65.12,4.27,3.37,15.37,0.85,12.97
1992,24,0.6,0.6,0.64,95.15,2.1,238.0,5.2,86.88,4.46,1.23,7.41,1.36,3.58
1992,25,0.6,0.61,0.65,94.88,2.05,173.12,4.22,89.19,4.76,1.48,6.75,2.29,4.28
1992,26,0.61,0.62,0.66,94.98,2.38,90.31,5.23,88.38,5.37,4.26,8.87,4.06,5.19
1992,27,0.62,0.63,0.7,94.85,1.74,126.06,12.69,93.38,5.8,4.69,7.97,5.16,2.58
1992,28,0.63,0.65,0.73,95.2,2.65,62.81,13.84,94.56,6.59,5.96,10.83,7.03,4.47
1992,29,0.64,0.66,0.71,95.61,1.52,83.75,3.42,92.38,6.16,5.35,11.24,6.16,10.18
1992,30,0.64,0.66,0.71,95.69,1.4,96.12,3.93,85.25,5.55,4.83,10.62,4.66,10.28
1992,31,0.64,0.66,0.69,95.72,1.02,185.5,0.14,82.56,5.25,2.81,12.97,3.8,13.69
1992,32,0.64,0.65,0.69,95.7,1.57,306.06,0.66,82.69,5.62,4.95,12.91,4.76,10.4
1992,33,0.64,0.65,0.7,95.9,1.0,88.62,2.56,85.88,5.68,5.28,10.76,4.9,7.51
1992,34,0.64,0.65,0.69,96.21,1.48,266.19,0.05,83.62,5.37,2.8,12.22,4.14,12.74
1992,35,0.64,0.65,0.68,95.85,2.09,282.5,0.0,81.94,5.25,1.62,14.21,3.69,15.26
1992,36,0.64,0.65,0.68,95.62,2.96,301.5,0.09,86.88,6.04,2.19,13.28,5.73,10.97
1992,37,0.64,0.65,0.68,95.76,1.47,292.5,0.13,87.06,6.29,4.8,14.03,6.49,5.8
1992,38,0.64,0.64,0.67,95.85,1.52,194.5,0.01,81.69,5.62,2.14,15.42,4.78,14.87
1992,39,0.64,0.64,0.67,96.03,1.21,151.75,0.05,83.5,5.8,4.58,15.23,5.21,12.61
1992,40,0.63,0.64,0.66,95.98,1.64,195.56,0.0,80.25,5.55,3.24,16.19,4.66,14.77
1992,41,0.63,0.64,0.66,95.97,1.5,195.81,0.0,82.19,5.74,2.71,15.76,5.08,15.95
1992,42,0.63,0.63,0.66,95.9,1.6,219.12,0.0,66.75,5.13,3.56,18.65,3.44,16.24
1992,43,0.63,0.63,0.66,95.66,1.83,244.81,0.0,58.56,4.82,3.99,20.08,2.43,15.86
1992,44,0.63,0.63,0.66,95.6,3.76,265.12,1.13,64.44,5.13,5.24,18.44,3.14,12.64
1992,45,0.62,0.63,0.66,95.87,4.1,308.69,0.19,77.38,5.31,3.83,12.39,3.97,11.57
1992,46,0.62,0.63,0.65,96.16,1.54,233.0,0.01,74.0,4.94,3.98,14.75,3.02,16.39
1992,47,0.62,0.62,0.65,95.76,1.86,260.69,0.0,63.81,4.82,3.3,19.26,2.4,16.24
1992,48,0.62,0.62,0.65,95.59,2.24,196.06,0.08,84.19,5.74,4.64,12.0,5.02,9.76
1992,49,0.62,0.62,0.65,95.34,1.2,117.94,0.58,79.75,5.37,4.96,12.77,4.04,10.11
1992,50,0.62,0.63,0.66,94.73,1.12,116.0,2.83,83.0,6.1,5.64,14.42,5.86,10.82
1992,51,0.62,0.63,0.66,94.57,1.37,133.88,2.65,86.69,6.53,5.22,14.75,6.72,10.41
1992,52,0.64,0.66,0.78,95.05,3.52,46.69,29.17,94.44,6.04,3.79,7.98,5.65,2.38
1992,53,0.66,0.68,0.73,96.23,1.62,39.38,1.47,80.19,4.58,2.58,9.73,1.92,8.88
1992,54,0.66,0.67,0.7,96.6,1.09,173.19,0.0,70.06,4.27,2.01,14.85,1.05,18.12
1992,55,0.66,0.66,0.7,96.24,2.05,219.0,0.02,67.94,4.27,0.97,15.32,1.01,15.15
1992,56,0.66,0.66,0.69,95.79,1.99,254.88,0.42,74.31,5.43,3.08,15.87,4.21,14.83
1992,57,0.65,0.66,0.7,95.94,1.5,191.38,1.45,84.44,6.1,5.72,13.23,5.86,10.46
1992,58,0.66,0.66,0.71,95.94,1.14,210.69,4.35,88.12,6.29,5.79,12.71,6.45,12.58
1992,59,0.66,0.66,0.7,96.07,1.45,168.75,1.76,84.38,6.1,5.34,13.72,6.03,12.0
1992,60,0.66,0.66,0.7,96.11,2.3,128.88,0.09,79.69,5.62,5.03,16.37,4.83,16.39
1992,61,0.66,0.66,0.69,95.81,1.53,207.62,0.0,68.69,5.49,4.6,18.07,4.44,9.55
1992,62,0.65,0.66,0.69,95.57,1.89,143.81,0.23,84.06,6.47,6.5,14.3,6.83,3.37
1992,63,0.65,0.66,0.68,95.56,1.38,126.94,0.0,76.12,6.9,5.58,21.28,7.51,15.63
1992,64,0.65,0.65,0.68,95.4,2.61,163.81,0.19,69.69,7.63,11.28,22.76,9.18,10.92
1992,65,0.65,0.66,0.71,95.46,1.55,259.38,5.72,85.69,8.36,10.62,17.38,10.56,10.48
1992,66,0.66,0.66,0.7,95.61,2.25,223.75,3.11,90.81,7.81,9.67,14.15,9.62,5.31
1992,67,0.66,0.66,0.7,95.68,2.2,81.0,2.63,91.25,7.81,9.37,14.57,9.59,5.19
1992,68,0.66,0.66,0.71,95.9,1.99,14.56,3.51,90.25,7.45,9.12,13.64,8.98,6.47
1992,69,0.66,0.67,0.75,95.84,1.32,85.81,10.82,93.5,6.35,6.42,8.79,6.5,4.92
1992,70,0.67,0.68,0.73,96.06,2.25,72.81,4.97,88.0,6.47,6.3,12.18,6.85,6.17
1992,71,0.67,0.69,0.75,96.06,2.52,224.06,6.41,92.12,6.29,5.98,9.62,6.47,8.41
1992,72,0.68,0.69,0.73,95.97,1.16,230.19,0.91,78.38,5.49,3.69,14.28,4.4,17.53
1992,73,0.67,0.68,0.71,95.68,1.81,261.88,0.0,70.5,5.19,3.41,17.17,3.62,21.02
1992,74,0.67,0.68,0.7,95.53,2.01,276.06,0.0,65.12,4.88,3.54,17.41,2.69,20.97
1992,75,0.67,0.67,0.7,95.64,2.17,300.62,0.58,84.94,6.53,5.41,16.03,6.83,16.86
1992,76,0.66,0.67,0.7,95.67,2.99,306.0,0.28,85.0,6.65,4.45,15.67,7.15,14.23
1992,77,0.66,0.67,0.7,95.76,2.17,198.19,0.07,84.19,6.77,6.59,16.61,7.48,14.19
1992,78,0.66,0.66,0.7,95.56,1.64,190.69,0.04,72.88,6.59,7.89,18.19,7.01,20.27
1992,79,0.66,0.66,0.7,95.42,1.92,220.88,0.85,80.88,6.47,7.01,14.22,6.83,11.44
1992,80,0.66,0.66,0.69,95.81,1.7,274.81,0.28,77.5,6.04,6.44,15.72,5.79,17.97
1992,81,0.66,0.66,0.69,95.96,1.55,292.56,0.0,74.19,5.8,4.72,18.01,5.28,21.81
1992,82,0.66,0.66,0.68,95.8,2.86,304.38,0.02,80.19,6.23,5.64,16.52,6.26,22.2
1992,83,0.65,0.66,0.67,94.69,1.66,254.81,0.02,66.5,6.04,6.3,20.58,5.55,21.42
1992,84,0.65,0.65,0.68,93.45,4.03,285.56,2.72,74.62,6.41,6.41,17.41,6.33,16.77
1992,85,0.66,0.67,0.76,93.65,2.65,226.19,26.07,91.12,5.49,3.04,7.87,4.11,10.17
1992,86,0.68,0.7,0.75,93.66,3.07,286.81,2.86,83.12,5.25,3.35,9.88,3.44,9.86
1992,87,0.68,0.7,0.77,93.29,5.14,268.38,10.81,78.44,4.94,3.92,9.94,2.5,11.56
1992,88,0.69,0.7,0.75,94.08,4.05,286.19,5.47,84.5,5.13,2.87,8.38,3.12,10.2
1992,89,0.69,0.7,0.73,94.61,3.07,278.12,0.09,74.19,5.19,2.15,14.85,3.31,20.66
1992,90,0.69,0.7,0.72,94.25,3.29,233.94,0.0,65.56,5.0,3.65,17.36,2.89,22.34
1992,91,0.68,0.69,0.72,93.47,3.39,237.94,0.1,65.56,5.62,4.54,18.95,4.26,12.26
1992,92,0.68,0.69,0.72,93.97,3.18,272.0,0.2,73.25,4.94,2.19,13.39,2.63,17.05
1992,93,0.68,0.68,0.71,94.48,2.5,235.38,0.0,66.81,5.74,2.68,19.25,4.65,23.02
1992,94,0.67,0.67,0.7,94.38,4.45,200.94,0.0,49.94,5.07,6.75,23.43,2.94,19.77
1992,95,0.66,0.66,0.69,93.74,4.31,222.25,0.26,55.25,5.62,7.98,23.91,4.12,22.26
1992,96,0.66,0.66,0.69,93.98,2.31,255.94,0.34,72.25,6.29,5.63,19.18,5.98,22.41
1992,97,0.66,0.67,0.73,94.22,2.02,302.56,8.49,86.44,6.71,5.78,13.18,7.15,12.79
1992,98,0.67,0.67,0.71,94.03,2.51,263.06,2.84,81.31,6.23,3.26,13.78,5.94,11.66
1992,99,0.67,0.68,0.75,93.54,2.3,259.5,13.44,82.19,6.16,4.81,12.8,5.67,11.51
1992,100,0.7,0.71,0.8,93.71,4.38,304.5,20.86,94.12,6.41,4.08,8.87,6.28,4.65
1992,101,0.71,0.73,0.8,94.32,6.23,320.56,14.02,89.12,6.71,7.62,10.47,7.12,4.6
1992,102,0.73,0.75,0.81,94.75,4.34,309.88,15.47,81.38,6.41,5.73,14.58,6.49,15.49
1992,103,0.73,0.74,0.77,95.18,2.77,300.0,0.12,74.19,5.86,5.01,16.29,5.26,24.41
1992,104,0.72,0.73,0.76,95.56,1.8,160.5,0.0,67.56,5.49,5.32,18.37,4.34,25.49
1992,105,0.72,0.73,0.75,95.65,1.77,97.62,0.0,66.56,5.62,5.69,18.98,4.6,25.74
1992,106,0.71,0.72,0.74,95.36,2.34,271.31,0.04,65.19,5.74,5.24,21.18,4.88,26.65
1992,107,0.71,0.72,0.77,95.2,2.8,305.94,9.7,85.81,6.41,3.55,12.47,6.44,8.48
1992,108,0.73,0.73,0.8,95.39,5.34,313.88,16.08,87.31,5.13,3.26,7.21,3.44,9.38
1992,109,0.74,0.76,0.83,95.3,6.52,320.56,17.16,89.0,6.53,5.84,9.98,6.76,7.84
1992,110,0.75,0.77,0.8,95.25,4.72,324.19,3.01,80.5,7.2,9.33,16.45,8.18,24.19
1992,111,0.74,0.76,0.78,95.41,1.85,218.5,0.28,80.31,7.39,8.04,18.9,8.64,22.64
1992,112,0.74,0.75,0.77,95.35,2.52,217.88,0.0,61.12,6.59,7.23,23.51,6.94,27.59
1992,113,0.73,0.74,0.76,95.24,2.23,212.5,0.1,60.62,7.14,10.15,23.08,8.08,24.92
1992,114,0.73,0.73,0.76,94.88,1.07,228.81,0.19,60.31,7.75,10.35,24.84,9.23,21.35
1992,115,0.73,0.73,0.75,94.76,2.23,202.94,0.32,65.62,9.52,12.91,25.83,12.36,25.44
1992,116,0.72,0.72,0.75,95.08,2.29,191.94,0.64,72.0,9.7,13.62,26.76,12.59,18.5
1992,117,0.72,0.72,0.75,95.52,1.59,265.0,1.36,77.38,10.01,13.23,22.07,13.28,21.84
1992,118,0.72,0.72,0.75,95.46,1.23,119.19,1.52,79.38,10.13,12.47,24.05,13.49,23.3
1992,119,0.71,0.71,0.73,95.05,2.08,218.56,0.01,68.06,9.52,12.44,26.02,12.39,26.7
1992,120,0.71,0.71,0.75,95.04,3.19,310.62,3.86,80.81,7.93,7.01,19.39,9.56,10.9
1992,121,0.71,0.71,0.74,95.35,3.16,321.69,0.75,78.75,5.92,5.13,13.91,5.54,14.95
1992,122,0.71,0.71,0.75,95.11,3.73,304.44,3.53,82.25,6.41,4.56,13.53,6.48,5.6
1992,123,0.71,0.71,0.74,94.41,1.19,174.38,0.12,68.44,6.77,8.51,20.83,7.19,25.79
1992,124,0.7,0.71,0.74,94.06,2.13,161.94,2.37,68.5,7.26,10.71,18.94,8.12,9.88
1992,125,0.71,0.72,0.8,94.29,3.04,85.31,17.78,88.75,8.12,9.85,13.69,9.93,2.98
1992,126,0.73,0.74,0.78,94.93,3.2,160.62,6.01,86.19,8.54,10.03,16.65,10.74,8.29
1992,127,0.73,0.73,0.76,95.66,3.3,313.75,1.68,79.5,7.93,9.1,18.82,9.74,23.02
1992,128,0.72,0.73,0.75,95.44,1.8,294.25,0.18,69.19,7.08,8.22,20.73,8.08,26.29
1992,129,0.72,0.72,0.74,95.06,1.67,123.0,0.0,71.81,7.69,8.92,20.74,9.17,26.33
1992,130,0.71,0.71,0.73,95.0,1.87,94.56,0.43,64.62,7.14,10.13,21.88,8.12,26.15
1992,131,0.7,0.7,0.73,95.2,1.93,101.62,0.04,65.19,6.96,7.87,22.74,7.65,27.53
1992,132,0.7,0.7,0.72,95.33,1.74,97.12,0.0,61.56,7.02,8.88,24.98,7.86,28.44
1992,133,0.7,0.7,0.71,95.72,1.77,87.0,0.0,62.25,7.26,10.04,23.0,8.38,28.22
1992,134,0.69,0.69,0.7,95.74,1.8,111.19,0.0,63.12,7.69,10.52,25.87,9.28,27.67
1992,135,0.69,0.68,0.69,95.56,1.86,147.25,0.0,60.44,8.18,11.13,27.8,10.18,27.41
1992,136,0.68,0.67,0.68,95.66,1.95,83.06,0.0,60.88,8.0,12.31,25.52,9.87,28.09
1992,137,0.67,0.67,0.67,95.81,2.02,99.5,0.0,62.31,7.69,10.37,25.28,9.38,27.41
1992,138,0.67,0.66,0.67,95.71,1.52,170.94,0.11,56.38,7.26,10.39,26.4,8.36,27.8
1992,139,0.66,0.66,0.66,95.19,1.84,227.81,0.15,58.88,7.93,12.58,25.86,9.78,27.26
1992,140,0.66,0.66,0.66,95.0,1.75,216.81,0.01,57.44,7.63,11.89,25.98,9.04,28.11
1992,141,0.66,0.65,0.66,94.91,1.43,217.0,2.07,62.19,8.36,12.34,25.93,10.39,27.12
1992,142,0.66,0.66,0.67,94.93,1.89,195.69,3.27,72.31,9.89,13.74,24.4,12.98,25.44
1992,143,0.66,0.65,0.66,94.82,1.74,220.0,2.81,72.12,10.44,13.01,27.03,13.73,19.63
1992,144,0.66,0.66,0.7,94.76,1.83,225.5,8.27,77.19,10.62,15.03,23.51,14.01,11.31
1992,145,0.67,0.68,0.78,94.69,2.87,191.0,51.23,86.44,10.25,13.75,18.93,13.56,19.83
1992,146,0.71,0.73,0.79,94.95,3.86,308.81,8.34,86.81,9.58,11.62,18.18,12.5,16.11
1992,147,0.71,0.73,0.75,94.93,1.87,213.06,2.11,79.38,9.7,12.04,22.61,12.73,28.42
1992,148,0.7,0.71,0.73,94.71,2.39,226.12,0.05,64.56,9.64,13.11,27.23,12.48,28.62
1992,149,0.7,0.7,0.72,94.87,2.27,209.31,1.04,64.0,10.44,15.95,29.01,13.73,26.53
1992,150,0.7,0.7,0.7,94.97,2.05,210.38,0.01,59.56,10.31,15.43,29.37,13.57,27.06
1992,151,0.69,0.69,0.69,94.8,2.1,206.44,0.0,52.31,9.77,16.52,32.19,12.62,28.96
1992,152,0.68,0.68,0.68,94.64,1.6,167.0,0.0,58.25,9.95,16.15,31.07,12.75,24.6
1992,153,0.68,0.67,0.69,94.27,2.73,237.56,2.69,74.31,10.56,14.16,26.37,13.68,16.91
1992,154,0.68,0.67,0.68,94.83,1.94,276.31,0.12,72.44,9.4,12.11,24.72,12.16,25.74
1992,155,0.67,0.67,0.69,95.07,2.03,115.69,3.96,73.5,10.19,14.03,26.67,13.46,25.38
1992,156,0.68,0.68,0.71,95.24,2.59,322.0,6.91,71.12,8.36,12.05,22.67,10.48,26.33
1992,157,0.67,0.68,0.68,95.28,1.55,201.56,0.0,62.5,8.42,10.95,26.12,10.54,29.56
1992,158,0.67,0.67,0.66,94.81,2.55,201.12,0.0,57.69,9.22,14.14,29.2,11.84,26.56
1992,159,0.66,0.66,0.66,94.8,2.34,315.94,0.1,68.81,8.79,12.73,23.88,11.18,19.41
1992,160,0.66,0.66,0.66,94.88,1.94,287.31,0.0,57.75,6.96,10.09,25.19,7.37,29.57
1992,161,0.66,0.65,0.65,94.78,2.23,269.44,0.03,62.5,7.87,10.52,28.35,9.53,24.5
1992,162,0.66,0.65,0.66,94.86,2.9,282.25,1.63,69.19,8.06,10.66,21.69,9.87,16.9
1992,163,0.65,0.65,0.65,94.97,3.36,289.94,0.09,64.81,7.08,8.73,21.15,7.9,25.65
1992,164,0.65,0.64,0.65,94.95,1.35,237.56,0.94,55.75,6.65,10.08,24.97,6.91,27.69
1992,165,0.65,0.64,0.65,94.82,1.74,153.12,0.35,64.31,8.91,11.8,26.93,11.38,20.42
1992,166,0.64,0.63,0.62,94.61,3.82,140.5,0.0,52.06,8.91,13.98,32.8,11.32,19.46
1992,167,0.63,0.62,0.62,94.71,2.45,219.88,0.02,61.38,9.64,15.43,28.74,12.51,25.11
1992,168,0.63,0.62,0.62,94.92,1.99,325.75,0.28,68.19,9.28,14.52,25.15,11.99,23.38
1992,169,0.63,0.62,0.63,94.83,2.66,289.88,2.26,72.56,9.7,13.77,23.13,12.66,22.32
1992,170,0.63,0.62,0.64,94.83,2.6,304.69,2.92,79.06,9.64,12.26,20.89,12.65,16.05
1992,171,0.62,0.62,0.62,94.81,1.95,238.19,0.26,67.44,9.28,12.08,25.97,11.92,23.93
1992,172,0.62,0.62,0.62,94.95,1.35,205.44,0.0,57.5,9.58,13.87,30.19,12.39,27.97
1992,173,0.62,0.61,0.6,94.53,4.97,174.5,0.0,44.62,8.79,18.26,32.27,11.04,22.16
1992,174,0.62,0.6,0.59,94.39,4.02,229.31,0.28,56.81,9.52,14.84,30.95,12.24,20.96
1992,175,0.61,0.6,0.6,94.85,1.49,192.19,0.0,63.25,9.46,13.91,29.27,12.33,28.98
1992,176,0.61,0.6,0.59,94.97,2.07,244.75,0.14,66.62,9.7,14.42,28.16,12.67,27.04
1992,177,0.6,0.59,0.59,95.23,2.09,179.19,0.0,67.75,9.28,13.68,25.86,12.03,26.9
1992,178,0.6,0.59,0.59,95.2,1.79,71.12,0.0,67.0,9.46,13.48,26.83,12.33,28.35
1992,179,0.6,0.59,0.59,95.22,1.98,168.06,0.0,58.75,8.42,13.91,27.17,10.61,29.44
1992,180,0.59,0.59,0.59,95.25,1.74,69.44,0.0,58.62,8.67,14.19,27.58,11.0,28.28
1992,181,0.59,0.59,0.58,95.18,2.0,139.62,0.0,58.75,9.03,13.48,29.83,11.69,28.17
1992,182,0.59,0.58,0.57,94.98,1.24,212.81,0.0,57.19,10.19,14.83,31.28,13.47,25.89
1992,183,0.59,0.58,0.6,94.85,2.76,193.0,3.35,73.31,12.02,18.84,24.55,16.03,4.43
1992,184,0.59,0.58,0.59,95.08,2.61,302.56,0.13,72.19,10.68,14.73,25.52,14.12,24.84
1992,185,0.59,0.58,0.58,95.4,1.73,212.94,0.02,63.25,9.09,14.01,27.21,11.79,27.91
1992,186,0.58,0.57,0.56,94.93,2.37,241.75,0.0,56.81,10.07,13.77,32.71,13.19,28.52
1992,187,0.58,0.57,0.56,94.6,2.58,143.69,0.15,65.0,10.99,17.15,28.92,14.55,24.99
1992,188,0.57,0.56,0.56,94.76,2.38,72.12,0.01,66.94,10.5,15.54,28.62,13.9,26.59
1992,189,0.57,0.56,0.56,95.04,2.55,61.06,0.0,67.0,10.25,14.73,27.46,13.61,25.3
1992,190,0.57,0.57,0.6,95.11,2.41,82.81,5.8,78.06,11.35,16.01,24.05,15.2,20.42
1992,191,0.57,0.57,0.57,95.13,2.18,55.5,0.01,68.31,10.19,15.34,27.15,13.53,23.88
1992,192,0.57,0.56,0.56,94.92,1.73,176.81,0.09,62.81,10.8,13.83,30.98,14.29,27.5
1992,193,0.57,0.57,0.59,95.09,2.36,212.94,5.67,69.56,11.9,17.12,27.51,15.84,16.34
1992,194,0.57,0.56,0.56,95.3,1.84,171.44,0.0,60.38,9.83,16.12,29.4,12.86,28.4
1992,195,0.56,0.56,0.55,95.45,1.93,72.38,0.0,58.25,9.7,16.43,30.5,12.77,28.11
1992,196,0.56,0.55,0.55,95.48,1.97,56.06,0.0,62.19,9.46,15.02,29.26,12.36,28.38
1992,197,0.56,0.55,0.53,95.34,1.8,140.75,0.0,50.5,8.0,13.57,32.07,9.55,29.46
1992,198,0.55,0.55,0.52,95.27,1.88,194.94,0.0,47.94,9.16,16.19,33.49,11.7,28.64
1992,199,0.55,0.55,0.5,95.47,1.84,104.06,0.0,50.81,9.58,18.45,32.62,12.57,28.37
1992,200,0.55,0.54,0.48,95.63,1.7,100.25,0.0,48.5,8.85,17.78,34.24,11.1,27.35
1992,201,0.55,0.54,0.47,95.4,1.84,98.81,0.0,48.06,9.52,17.99,34.33,12.33,26.97
1992,202,0.55,0.53,0.46,94.86,1.8,193.75,0.01,47.81,10.44,18.95,36.06,13.73,20.24
1992,203,0.55,0.53,0.45,94.87,2.3,152.44,0.14,53.94,11.29,19.76,33.77,14.8,25.55
1992,204,0.54,0.53,0.45,95.32,1.76,50.12,0.0,61.38,11.78,19.12,32.94,15.61,26.23
1992,205,0.54,0.53,0.44,95.4,1.71,72.25,0.0,57.56,10.93,18.27,33.37,14.43,25.81
1992,206,0.54,0.52,0.43,95.25,2.02,160.25,0.03,57.56,11.23,17.83,33.42,14.96,25.9
1992,207,0.54,0.52,0.42,95.25,1.74,132.5,0.09,59.5,11.66,18.52,33.84,15.56,25.44
1992,208,0.53,0.52,0.42,95.4,1.95,61.31,0.58,62.44,12.51,18.72,34.06,16.7,24.46
1992,209,0.53,0.52,0.44,95.46,1.75,76.62,1.58,62.38,12.63,19.19,33.02,16.81,16.21
1992,210,0.53,0.52,0.44,95.44,1.72,228.19,0.45,61.5,11.96,19.9,31.32,15.9,24.59
1992,211,0.53,0.52,0.45,95.43,1.41,173.75,2.01,61.06,12.33,18.37,32.69,16.39,23.6
1992,212,0.54,0.53,0.55,95.43,1.34,161.81,10.24,57.69,12.27,20.21,32.05,16.3,18.22
1992,213,0.54,0.54,0.53,95.43,1.56,203.94,0.33,50.88,11.41,20.88,34.49,15.12,23.18
1992,214,0.54,0.53,0.5,95.31,1.94,109.5,0.0,47.31,10.07,20.11,34.44,13.22,27.57
1992,215,0.53,0.52,0.48,95.23,1.75,132.94,0.0,45.0,9.58,20.23,35.12,12.48,27.35
1992,216,0.53,0.52,0.45,95.1,1.84,166.31,0.0,43.5,9.46,19.0,36.49,12.22,27.19
1992,217,0.53,0.52,0.43,95.32,2.03,89.81,0.0,46.38,10.07,20.94,34.93,13.22,26.42
1992,218,0.52,0.52,0.42,95.62,1.98,86.38,0.0,51.75,10.99,20.26,34.41,14.59,26.72
1992,219,0.52,0.52,0.41,95.58,1.78,87.31,0.04,54.81,11.41,19.62,33.83,15.22,25.58
1992,220,0.52,0.52,0.4,95.36,1.85,94.81,0.0,52.12,11.11,19.72,35.12,14.76,25.65
1992,221,0.52,0.51,0.39,95.1,1.59,189.88,0.03,50.19,11.54,20.42,35.63,15.31,23.43
1992,222,0.52,0.51,0.38,95.12,2.93,277.19,0.18,47.31,10.56,20.73,34.9,14.04,24.5
1992,223,0.52,0.51,0.38,95.42,2.12,212.69,0.12,60.38,11.84,19.35,31.44,15.89,25.37
1992,224,0.52,0.51,0.38,95.38,1.78,156.62,0.15,58.81,11.96,18.97,34.51,15.93,26.22
1992,225,0.52,0.51,0.38,95.52,2.07,87.38,0.05,59.12,11.6,18.37,35.01,15.43,26.79
1992,226,0.52,0.5,0.38,95.48,1.95,62.94,0.0,58.69,10.99,18.46,32.48,14.6,26.53
1992,227,0.51,0.5,0.37,95.08,1.66,161.69,0.01,53.19,9.95,18.19,33.84,12.75,25.93
1992,228,0.51,0.5,0.4,95.0,1.86,167.19,2.93,62.19,11.66,18.31,31.95,15.4,21.07
1992,229,0.52,0.51,0.42,95.47,2.12,54.81,0.2,67.25,11.78,17.56,30.23,15.72,25.2
1992,230,0.51,0.5,0.41,95.54,1.73,73.38,0.0,59.12,9.95,15.77,32.43,12.86,25.83
1992,231,0.51,0.5,0.39,95.34,2.01,191.06,0.0,52.0,10.07,17.57,33.02,13.2,25.88
1992,232,0.51,0.5,0.38,95.04,1.62,161.06,0.0,52.62,10.19,18.77,33.73,13.32,25.83
1992,233,0.51,0.5,0.38,95.04,1.98,220.81,0.0,51.75,10.31,19.05,34.93,13.46,25.92
1992,234,0.51,0.49,0.37,95.14,1.77,214.94,0.0,54.5,10.31,18.05,34.46,13.44,25.66
1992,235,0.5,0.49,0.36,95.09,1.39,101.94,0.0,43.06,9.22,18.98,37.31,11.75,25.15
1992,236,0.5,0.49,0.35,95.31,1.68,204.0,0.0,40.81,9.83,22.56,36.67,12.86,24.82
1992,237,0.5,0.49,0.34,95.57,1.8,148.06,0.0,40.19,9.09,21.62,37.29,11.65,25.02
1992,238,0.5,0.49,0.34,95.55,1.83,102.75,0.0,38.94,8.42,20.9,36.1,10.48,25.1
1992,239,0.5,0.48,0.33,95.35,1.48,116.31,0.0,35.81,7.81,20.12,37.09,9.21,23.98
1992,240,0.49,0.48,0.32,95.13,1.44,163.94,0.08,42.31,9.4,20.64,36.51,11.84,22.94
1992,241,0.5,0.48,0.38,94.89,1.73,209.56,2.91,44.12,9.89,20.4,36.09,12.65,23.28
1992,242,0.5,0.49,0.42,94.95,3.5,281.69,0.76,57.0,10.74,19.48,30.36,14.01,22.73
1992,243,0.5,0.49,0.41,95.18,1.98,249.5,0.03,61.06,10.13,17.3,30.1,13.39,24.19
1992,244,0.49,0.48,0.39,95.01,2.34,263.44,0.0,52.5,8.61,15.17,33.13,10.19,24.67
1992,245,0.49,0.48,0.38,95.58,2.88,134.5,0.25,67.19,11.29,17.48,28.58,15.15,20.82
1992,246,0.49,0.48,0.38,95.89,2.07,93.38,0.0,63.06,9.89,15.65,29.74,13.2,22.82
1992,247,0.49,0.48,0.37,95.82,2.06,108.62,0.0,64.12,9.77,14.92,30.15,12.93,24.23
1992,248,0.49,0.48,0.36,95.71,1.94,55.38,0.0,66.56,9.83,14.81,28.64,12.8,23.46
1992,249,0.49,0.48,0.35,95.64,2.12,48.62,0.07,67.88,10.8,16.46,28.6,14.46,20.91
1992,250,0.49,0.48,0.35,95.41,1.87,148.94,0.05,59.56,9.77,15.51,31.64,12.88,23.6
1992,251,0.49,0.48,0.34,95.3,1.76,138.88,0.0,54.75,9.28,15.69,32.89,12.04,22.64
1992,252,0.48,0.48,0.34,95.18,1.23,167.62,0.07,46.12,9.4,17.61,34.54,12.18,21.76
1992,253,0.48,0.48,0.33,95.29,2.55,209.44,0.19,43.12,8.85,19.22,33.87,11.18,20.42
1992,254,0.48,0.48,0.37,95.51,1.88,254.75,4.22,46.06,9.64,19.46,36.21,12.36,17.56
1992,255,0.49,0.48,0.4,95.65,1.48,200.5,0.06,42.06,9.03,20.25,34.93,11.47,20.13
1992,256,0.49,0.48,0.37,95.49,2.14,267.94,0.04,44.0,9.22,20.37,34.53,11.79,19.87
1992,257,0.48,0.48,0.37,95.35,1.58,185.94,0.17,53.06,10.31,20.12,31.6,13.59,19.74
1992,258,0.48,0.48,0.37,95.4,1.74,232.69,0.0,51.12,9.95,20.12,31.58,13.05,20.3
1992,259,0.48,0.48,0.36,95.61,1.87,171.38,0.0,58.56,10.74,18.42,31.67,14.26,20.79
1992,260,0.48,0.48,0.35,95.59,1.87,74.38,0.0,61.75,10.44,17.08,31.01,13.77,21.91
1992,261,0.48,0.48,0.34,95.38,1.77,181.06,0.0,62.38,10.38,16.98,30.71,13.65,22.54
1992,262,0.48,0.48,0.34,95.33,1.52,164.88,0.01,64.5,10.13,17.19,30.25,13.21,21.06
1992,263,0.48,0.48,0.34,95.29,1.58,175.06,0.01,61.12,9.46,15.29,31.02,12.15,19.63
1992,264,0.48,0.48,0.34,95.26,1.46,145.56,0.62,59.62,9.7,16.08,29.63,12.68,19.28
1992,265,0.48,0.48,0.34,95.12,1.15,233.81,0.31,51.12,8.79,16.99,30.54,11.14,16.52
1992,266,0.48,0.48,0.34,95.11,2.16,214.19,0.57,56.75,9.89,17.33,29.95,12.82,17.01
1992,267,0.49,0.49,0.54,95.34,1.48,191.94,21.28,74.56,11.9,17.5,25.53,15.78,17.8
1992,268,0.51,0.52,0.56,95.37,1.51,188.19,6.48,71.19,11.35,16.77,27.94,15.12,13.63
1992,269,0.51,0.52,0.49,95.05,2.23,204.31,0.0,56.0,9.64,16.13,32.27,12.51,18.85
1992,270,0.51,0.52,0.48,94.97,3.85,193.75,2.57,45.31,8.18,18.15,33.73,9.98,13.88
1992,271,0.51,0.52,0.52,95.14,3.36,266.81,6.93,57.31,9.77,17.56,31.44,12.36,14.4
1992,272,0.52,0.52,0.52,95.45,2.06,61.56,0.55,73.56,10.93,16.26,26.81,14.64,11.6
1992,273,0.52,0.52,0.49,95.43,1.59,174.88,0.02,72.88,10.93,14.74,29.76,14.46,18.42
1992,274,0.52,0.52,0.5,95.4,1.65,92.19,1.15,77.31,11.41,16.63,26.43,15.15,12.91
1992,275,0.51,0.52,0.48,95.35,1.6,90.88,0.03,71.62,10.38,15.4,27.96,13.67,18.61
1992,276,0.51,0.51,0.48,95.08,1.54,141.5,0.21,68.69,9.83,14.64,27.47,12.86,18.66
1992,277,0.51,0.51,0.49,94.23,2.79,266.75,1.27,74.12,10.31,15.41,23.31,13.44,11.9
1992,278,0.52,0.52,0.56,93.39,3.84,249.62,12.79,75.88,8.79,10.47,22.08,10.81,11.3
1992,279,0.52,0.53,0.52,93.77,3.45,263.25,0.82,67.0,7.63,10.24,21.58,8.85,13.56
1992,280,0.52,0.52,0.5,94.43,2.59,232.31,0.15,62.38,7.2,9.84,22.93,7.94,16.44
1992,281,0.52,0.52,0.5,94.83,1.53,168.75,0.0,54.56,7.2,10.79,26.98,7.75,13.41
1992,282,0.52,0.52,0.49,94.69,2.41,192.38,0.06,52.88,8.24,15.32,31.3,9.94,11.41
1992,283,0.52,0.52,0.49,94.72,1.29,180.69,0.02,62.44,9.28,16.36,28.04,11.38,13.06
1992,284,0.52,0.52,0.54,94.63,2.12,307.25,5.6,85.38,10.86,14.46,19.5,14.35,9.22
1992,285,0.52,0.52,0.52,94.51,1.3,286.69,1.19,70.12,8.3,13.1,23.16,10.07,15.92
1992,286,0.52,0.52,0.5,94.66,2.04,198.31,0.37,69.75,7.87,9.7,23.42,9.34,15.79
1992,287,0.52,0.53,0.55,95.04,1.9,270.69,9.49,79.88,8.67,10.98,20.25,10.99,12.08
1992,288,0.53,0.54,0.54,95.07,3.09,273.5,0.77,79.94,7.81,9.46,18.0,9.48,12.24
1992,289,0.53,0.53,0.52,94.77,2.2,257.31,0.14,72.44,8.24,10.58,22.4,10.02,14.76
1992,290,0.53,0.53,0.5,94.1,4.74,204.81,0.0,42.69,5.8,12.51,26.24,4.91,13.12
1992,291,0.52,0.52,0.5,94.04,2.72,262.5,0.83,61.12,8.3,13.45,26.22,10.0,15.38
1992,292,0.52,0.52,0.5,94.85,1.88,220.5,0.0,69.06,7.69,10.57,23.13,8.9,14.52
1992,293,0.52,0.52,0.5,94.83,2.84,197.31,0.0,69.81,9.09,11.93,24.59,11.68,8.42
1992,294,0.52,0.52,0.49,95.03,1.52,207.44,0.0,58.69,8.36,13.3,28.86,10.38,16.39
1992,295,0.52,0.52,0.49,95.21,2.23,300.5,0.48,71.94,9.22,13.33,24.3,11.81,14.15
1992,296,0.52,0.52,0.52,95.06,2.52,331.81,3.19,86.25,8.18,9.26,14.46,10.09,0.62
1992,297,0.52,0.53,0.53,95.26,2.97,290.25,2.99,79.81,7.08,7.72,16.19,7.99,5.53
1992,298,0.52,0.53,0.51,95.75,2.4,279.19,0.29,75.94,7.14,6.76,20.69,8.0,15.48
1992,299,0.52,0.52,0.51,95.78,1.65,249.38,0.32,69.62,7.26,9.98,23.16,8.28,15.48
1992,300,0.52,0.52,0.49,95.23,2.87,233.5,0.0,50.06,5.92,10.08,25.28,5.19,15.11
1992,301,0.52,0.52,0.49,94.95,2.29,253.88,0.01,50.81,6.96,13.21,26.61,7.55,14.11
1992,302,0.52,0.52,0.49,94.92,1.21,231.69,0.0,57.31,7.39,13.55,26.09,8.34,14.56
1992,303,0.52,0.52,0.49,94.76,1.7,227.5,0.0,64.44,7.93,12.0,24.94,9.51,14.67
1992,304,0.52,0.52,0.49,94.61,1.96,218.75,0.0,62.19,7.69,11.97,24.16,9.15,13.18
1992,305,0.52,0.52,0.49,94.75,1.75,164.31,0.02,66.94,7.93,12.65,23.8,9.51,12.99
1992,306,0.52,0.52,0.49,95.08,2.12,323.19,0.07,81.0,7.14,8.15,14.09,8.13,2.39
1992,307,0.52,0.52,0.54,94.97,2.62,281.56,9.36,79.88,6.04,6.37,12.32,5.69,10.88
1992,308,0.53,0.55,0.62,95.05,3.12,350.88,13.78,83.56,7.45,8.65,14.13,8.73,4.02
1992,309,0.55,0.58,0.68,95.34,4.23,125.81,22.36,88.62,9.16,12.5,16.44,11.89,2.57
1992,310,0.56,0.59,0.63,95.78,2.11,26.94,4.48,89.75,9.34,12.06,17.79,12.28,4.73
1992,311,0.57,0.59,0.66,96.05,2.37,60.31,11.69,94.0,9.7,12.24,15.97,12.95,7.78
1992,312,0.59,0.6,0.66,95.86,2.08,106.31,8.43,87.0,9.64,11.79,22.21,12.79,12.39
1992,313,0.59,0.6,0.62,95.37,1.78,188.75,2.44,74.12,8.85,11.87,25.2,11.38,6.93
1992,314,0.59,0.6,0.61,95.63,1.46,218.94,0.75,70.25,7.87,10.24,24.53,9.62,11.51
1992,315,0.59,0.59,0.61,95.86,1.53,249.31,1.87,72.25,8.48,11.9,22.75,10.87,8.16
1992,316,0.59,0.59,0.6,95.72,1.77,259.94,0.02,79.25,8.36,10.19,20.85,10.53,13.24
1992,317,0.59,0.59,0.6,95.46,2.56,211.81,0.82,81.0,8.0,8.65,18.68,9.7,9.87
1992,318,0.59,0.59,0.59,95.39,1.99,239.25,0.01,76.06,7.51,10.81,18.48,9.01,12.25
1992,319,0.59,0.59,0.59,95.37,2.28,274.31,0.0,84.81,8.54,9.43,19.54,10.82,9.03
1992,320,0.58,0.59,0.59,95.02,3.05,208.75,0.0,71.81,7.14,9.12,20.73,8.11,12.7
1992,321,0.58,0.58,0.58,94.43,3.3,235.5,0.18,67.12,6.9,10.8,20.64,7.48,3.99
1992,322,0.58,0.58,0.59,94.75,3.12,287.75,1.96,77.75,6.9,8.65,16.44,7.41,7.99
1992,323,0.59,0.59,0.62,95.2,4.83,310.88,5.96,84.94,6.71,7.4,12.51,7.19,5.89
1992,324,0.59,0.59,0.6,95.81,3.09,307.94,1.07,87.06,7.75,6.53,16.58,9.39,5.53
1992,325,0.59,0.59,0.6,95.98,1.72,305.25,0.45,86.88,7.81,8.28,17.76,9.58,12.12
1992,326,0.59,0.59,0.59,96.03,1.49,267.5,0.0,84.44,7.39,7.82,18.29,8.77,12.39
1992,327,0.59,0.59,0.59,95.99,1.65,271.94,0.0,75.38,6.47,6.79,19.59,6.69,12.2
1992,328,0.58,0.59,0.59,96.0,1.24,217.0,0.0,51.06,4.94,7.93,22.36,2.84,12.2
1992,329,0.58,0.58,0.59,96.11,1.43,193.5,0.0,41.75,4.15,7.26,24.54,0.2,12.06
1992,330,0.58,0.58,0.59,96.41,1.19,215.81,0.0,56.06,5.43,9.12,21.84,4.05,11.92
1992,331,0.58,0.58,0.58,96.42,1.52,251.56,0.0,54.19,5.07,7.4,21.9,3.39,11.83
1992,332,0.58,0.58,0.58,96.22,1.48,224.25,0.0,53.94,5.07,8.13,20.51,3.07,11.8
1992,333,0.58,0.58,0.58,96.1,1.28,225.5,0.0,50.62,4.94,7.71,23.05,2.83,12.19
1992,334,0.57,0.57,0.57,95.86,1.57,252.25,0.0,48.38,4.76,8.48,22.88,2.23,11.17
1992,335,0.57,0.57,0.57,95.71,1.35,191.81,0.0,64.62,5.43,6.72,19.94,3.71,9.82
1992,336,0.57,0.57,0.57,95.71,1.11,233.62,0.0,66.62,5.31,5.33,19.47,3.67,11.66
1992,337,0.57,0.57,0.57,95.65,2.2,224.56,0.0,55.94,4.15,3.84,18.98,0.4,11.54
1992,338,0.57,0.57,0.56,95.21,3.11,236.31,0.59,62.44,5.37,5.58,17.71,3.43,7.39
1992,339,0.57,0.57,0.57,95.01,2.56,230.12,0.05,79.25,6.65,6.77,17.17,7.02,10.63
1992,340,0.57,0.57,0.58,94.54,5.52,253.81,3.17,70.69,6.71,8.83,18.72,7.12,8.59
1992,341,0.57,0.57,0.58,95.28,3.21,292.12,0.58,79.44,6.23,5.78,13.57,6.23,6.03
1992,342,0.57,0.57,0.59,94.59,3.88,237.94,5.48,74.19,6.59,5.41,18.33,6.87,8.11
1992,343,0.59,0.61,0.73,93.95,4.1,290.88,30.6,85.56,6.16,7.02,9.23,5.84,1.62
1992,344,0.62,0.65,0.76,94.29,4.81,302.25,19.32,88.75,6.23,6.88,9.5,6.07,2.65
1992,345,0.63,0.66,0.73,94.95,1.66,318.5,6.93,88.5,6.04,5.58,10.71,5.76,4.8
1992,346,0.63,0.66,0.71,95.36,1.09,317.94,4.81,92.0,6.41,5.93,9.87,6.67,10.2
1992,347,0.64,0.66,0.7,95.7,1.32,317.69,0.58,90.38,6.35,5.69,11.19,6.62,9.41
1992,348,0.64,0.65,0.69,95.58,1.73,259.0,0.01,80.44,5.55,2.8,14.88,4.45,11.67
1992,349,0.64,0.65,0.68,95.46,2.3,207.5,0.0,68.06,4.88,2.91,18.09,2.54,11.48
1992,350,0.63,0.64,0.67,95.26,2.96,215.06,0.0,67.56,5.13,5.52,17.58,3.24,6.02
1992,351,0.63,0.64,0.67,94.98,1.82,240.62,0.15,79.25,6.41,4.59,18.17,6.5,10.86
1992,352,0.65,0.67,0.8,94.98,2.83,264.0,34.08,95.25,6.71,5.03,9.44,7.19,2.05
1992,353,0.67,0.7,0.77,95.37,2.0,122.69,6.54,90.31,6.9,7.02,12.64,7.76,7.69
1992,354,0.67,0.7,0.73,95.69,2.11,165.06,0.13,80.69,5.86,5.06,16.69,5.3,10.9
1992,355,0.67,0.69,0.72,95.64,3.14,212.69,0.0,80.94,5.8,4.32,16.68,5.26,10.28
1992,356,0.67,0.68,0.71,95.5,3.59,213.06,0.0,79.88,5.74,5.64,15.35,4.99,9.05
1992,357,0.67,0.68,0.71,95.45,2.21,226.94,0.0,84.69,5.86,4.54,12.85,5.32,8.54
1992,358,0.67,0.68,0.71,95.46,1.18,168.56,0.0,73.0,4.94,1.83,16.65,2.73,10.96
1992,359,0.67,0.67,0.71,95.37,2.44,211.19,0.0,73.38,5.55,4.91,16.98,4.52,8.74
1992,360,0.66,0.67,0.71,95.29,1.87,164.44,0.0,73.69,6.29,7.71,17.94,6.27,6.23
1992,361,0.66,0.67,0.71,95.02,1.92,130.94,0.0,84.06,6.23,6.65,11.9,6.08,6.36
1992,362,0.66,0.67,0.73,95.25,1.44,69.31,4.08,95.25,7.14,6.94,12.3,8.21,4.78
1992,363,0.67,0.68,0.74,95.23,2.44,84.62,6.36,90.75,5.86,1.94,9.88,5.21,4.62
1992,364,0.69,0.71,0.82,95.06,4.12,231.12,33.93,93.38,4.88,1.58,5.23,2.73,0.41
1992,365,0.72,0.75,0.84,94.81,3.01,314.69,24.76,96.5,5.62,4.12,6.16,4.58,3.0
1992,366,0.75,0.79,0.86,95.17,3.7,313.12,21.28,96.19,6.16,5.5,7.26,5.96,1.47
1993,1,0.76,0.78,0.81,95.73,1.59,335.5,1.99,83.88,5.49,4.94,10.46,4.48,4.29
1993,2,0.76,0.78,0.82,95.52,1.76,313.56,9.44,91.12,5.68,3.53,9.59,4.82,3.27
1993,3,0.77,0.8,0.86,95.17,3.8,278.31,22.72,90.5,5.43,2.98,8.39,4.24,2.56
1993,4,0.79,0.81,0.84,95.56,3.56,288.75,15.5,93.75,4.7,2.22,4.83,2.16,1.76
1993,5,0.8,0.82,0.86,96.34,2.96,238.19,9.22,93.19,5.19,1.0,6.94,3.63,1.89
1993,6,0.81,0.84,0.87,96.66,2.21,206.06,10.63,93.38,5.98,5.04,8.51,5.79,3.91
1993,7,0.81,0.84,0.84,96.57,1.31,306.25,1.18,86.0,5.13,1.74,10.69,3.69,7.33
1993,8,0.81,0.83,0.83,96.33,1.87,275.25,0.02,86.0,4.82,-0.37,11.69,2.55,10.96
1993,9,0.81,0.83,0.84,96.49,1.13,244.0,0.81,90.94,6.41,4.43,13.81,6.7,10.9
1993,10,0.81,0.83,0.83,96.48,1.64,250.19,0.0,74.62,5.19,2.56,15.77,3.63,11.3
1993,11,0.81,0.82,0.83,96.24,1.67,231.56,0.0,64.81,4.64,3.13,17.57,2.01,11.58
1993,12,0.8,0.82,0.82,96.09,1.58,247.69,0.0,67.75,4.58,2.44,16.01,1.8,11.95
1993,13,0.8,0.82,0.82,96.27,1.2,201.06,0.0,64.25,4.39,2.3,16.32,1.13,11.43
1993,14,0.8,0.81,0.82,96.4,1.41,199.25,0.0,67.81,4.76,3.58,16.48,2.22,11.55
1993,15,0.8,0.81,0.82,96.49,1.27,122.94,0.0,79.62,5.43,4.4,14.69,4.15,12.01
1993,16,0.8,0.81,0.82,96.62,1.44,175.75,0.0,76.75,5.07,3.59,15.95,3.36,12.41
1993,17,0.8,0.81,0.82,96.58,1.98,223.31,0.0,82.75,5.55,2.44,15.48,4.74,12.79
1993,18,0.8,0.81,0.82,96.42,1.85,242.5,0.0,79.88,5.31,2.42,14.76,4.15,12.67
1993,19,0.8,0.8,0.82,96.45,1.29,159.75,0.0,74.12,5.0,3.05,15.34,3.19,12.8
1993,20,0.8,0.8,0.82,96.51,1.23,177.69,0.0,73.62,4.76,2.76,15.3,2.45,12.53
1993,21,0.8,0.8,0.81,96.6,1.29,179.31,0.0,70.38,4.46,2.75,14.98,1.4,12.81
1993,22,0.8,0.8,0.81,96.6,1.23,190.44,0.0,67.75,4.21,1.74,15.12,0.63,13.07
1993,23,0.79,0.8,0.81,96.49,1.37,222.62,0.0,78.56,4.88,2.29,13.36,2.73,13.22
1993,24,0.79,0.8,0.81,96.23,1.23,193.88,0.0,75.75,4.58,0.89,14.92,1.84,13.42
1993,25,0.79,0.8,0.81,95.76,1.79,290.62,0.0,87.12,5.13,1.42,11.73,3.32,13.7
1993,26,0.79,0.8,0.81,95.63,2.81,310.5,1.61,93.94,5.86,4.22,8.95,5.41,3.01
1993,27,0.79,0.8,0.81,95.94,2.27,315.06,0.36,88.75,5.55,4.05,10.44,4.6,7.52
1993,28,0.79,0.8,0.81,95.6,1.51,260.38,0.18,76.62,5.0,2.23,13.85,3.02,13.84
1993,29,0.79,0.8,0.8,95.19,2.04,223.94,0.0,63.38,4.03,1.38,16.07,0.04,13.61
1993,30,0.78,0.8,0.8,95.14,1.64,214.06,0.0,61.25,4.52,1.98,19.37,1.37,13.19
1993,31,0.78,0.79,0.8,95.18,1.41,177.5,0.0,62.25,4.58,4.33,16.77,1.73,8.54
1993,32,0.78,0.79,0.8,95.54,3.34,139.81,0.02,77.94,5.55,2.77,16.07,4.37,12.0
1993,33,0.78,0.79,0.8,95.87,2.95,116.31,0.08,84.25,5.98,4.44,14.92,5.67,11.65
1993,34,0.78,0.79,0.8,95.99,2.58,130.69,0.01,81.12,5.13,2.35,14.28,3.51,13.22
1993,35,0.77,0.78,0.8,95.93,2.52,153.94,0.02,84.75,5.49,3.43,12.72,4.55,6.26
1993,36,0.77,0.79,0.8,96.03,1.27,170.19,2.15,83.62,5.86,3.44,16.2,5.44,14.58
1993,37,0.77,0.79,0.8,96.1,1.52,135.31,2.19,84.94,6.16,3.57,15.48,6.16,14.9
1993,38,0.77,0.79,0.81,95.88,1.79,150.12,1.47,87.0,6.47,5.87,14.77,6.74,3.92
1993,39,0.78,0.8,0.84,95.86,1.21,283.88,12.54,90.81,7.08,7.83,13.11,8.23,11.5
1993,40,0.79,0.8,0.83,96.11,1.26,327.69,4.46,90.12,6.59,6.27,12.85,7.23,13.35
1993,41,0.79,0.8,0.81,95.97,1.19,161.56,0.29,79.62,5.55,4.02,15.0,4.61,16.21
1993,42,0.79,0.8,0.81,95.85,1.38,169.44,0.01,78.94,5.37,2.54,16.19,3.98,15.86
1993,43,0.79,0.8,0.81,96.0,0.91,185.88,1.37,76.31,5.74,4.1,14.29,5.09,15.95
1993,44,0.79,0.8,0.81,96.15,0.93,260.38,0.78,77.81,5.62,3.86,13.79,4.79,13.67
1993,45,0.79,0.8,0.81,96.2,1.11,225.0,0.21,73.38,5.13,4.56,14.01,3.5,12.42
1993,46,0.78,0.8,0.8,96.09,1.59,251.25,0.38,82.94,5.43,3.23,12.63,4.3,12.79
1993,47,0.78,0.79,0.8,95.79,2.35,325.81,1.43,83.56,5.31,4.0,11.61,3.94,10.0
1993,48,0.79,0.8,0.83,95.32,1.82,149.56,5.81,84.94,5.07,3.1,9.23,3.09,5.05
1993,49,0.79,0.8,0.83,95.39,2.0,277.31,6.18,89.88,5.49,1.99,8.8,4.31,1.83
1993,50,0.79,0.8,0.82,95.61,1.76,268.81,0.49,78.44,5.19,3.9,12.84,3.6,14.83
1993,51,0.79,0.8,0.81,95.42,3.92,322.44,1.8,86.88,5.68,4.26,9.59,4.84,5.73
1993,52,0.79,0.8,0.81,95.05,2.55,309.06,1.14,84.38,5.49,3.72,12.53,4.43,11.17
1993,53,0.79,0.8,0.81,94.51,3.78,332.25,1.68,80.94,4.94,2.89,9.25,2.69,3.35
1993,54,0.79,0.8,0.81,94.61,3.12,321.62,1.49,81.62,4.33,1.72,7.79,0.97,6.68
1993,55,0.79,0.8,0.81,94.91,3.09,337.69,1.98,82.31,4.21,1.3,6.64,0.54,9.49
1993,56,0.79,0.8,0.81,95.42,2.12,317.06,0.34,75.75,3.85,-0.19,8.43,-0.59,8.1
1993,57,0.79,0.8,0.8,94.77,1.92,235.88,0.6,73.38,4.03,-1.24,11.34,-0.21,16.4
1993,58,0.79,0.8,0.81,93.81,1.17,229.5,2.0,76.06,4.46,1.97,10.21,1.19,8.97
1993,59,0.79,0.8,0.85,93.12,1.82,190.31,22.7,92.56,4.76,1.17,5.9,1.99,1.91
1993,60,0.8,0.83,0.85,93.01,5.2,255.44,4.81,76.19,4.39,0.36,7.9,0.73,10.57
1993,61,0.8,0.82,0.83,94.01,3.62,239.62,0.3,68.25,3.36,-1.95,9.79,-2.58,17.14
1993,62,0.8,0.82,0.82,94.9,3.31,264.0,0.34,77.44,4.15,-1.24,9.98,0.3,7.55
1993,63,0.8,0.81,0.82,94.88,2.02,259.44,0.0,74.5,4.58,-0.52,15.04,1.62,18.58
1993,64,0.8,0.81,0.82,94.74,2.73,323.12,0.48,83.19,5.13,2.38,11.22,3.31,7.02
1993,65,0.8,0.81,0.82,94.93,2.81,322.12,1.32,80.75,4.82,3.36,10.08,2.43,9.79
1993,66,0.8,0.8,0.81,94.66,1.81,295.31,0.16,73.31,4.58,0.93,13.98,1.68,19.41
1993,67,0.8,0.8,0.81,94.43,1.77,241.81,0.12,72.56,4.82,1.02,13.19,2.17,13.93
1993,68,0.8,0.8,0.82,94.94,2.95,242.44,5.02,87.12,6.16,4.94,12.76,5.98,8.39
1993,69,0.8,0.81,0.82,95.77,1.98,126.88,1.56,83.12,5.19,1.58,10.71,3.73,7.64
1993,70,0.8,0.8,0.81,95.79,1.48,163.94,0.01,71.0,4.64,0.66,16.63,1.8,19.71
1993,71,0.79,0.8,0.81,95.6,1.8,214.06,0.05,65.69,5.19,4.08,17.23,3.6,18.1
1993,72,0.79,0.8,0.8,95.38,2.47,211.5,0.07,70.56,5.74,5.41,17.42,5.05,16.65
1993,73,0.79,0.8,0.81,95.38,1.27,214.44,0.83,79.69,6.47,4.98,16.32,6.64,11.28
1993,74,0.79,0.8,0.8,95.81,1.34,132.31,0.95,76.38,6.47,6.33,16.89,6.77,15.4
1993,75,0.78,0.79,0.8,96.33,1.91,297.62,0.18,80.44,6.9,5.26,18.23,7.74,19.13
1993,76,0.78,0.79,0.8,96.39,1.76,256.12,0.0,80.38,6.41,6.44,16.24,6.72,17.17
1993,77,0.78,0.78,0.8,96.17,1.4,121.62,0.0,77.75,6.53,5.36,18.86,6.94,20.76
1993,78,0.77,0.78,0.79,95.79,1.7,251.56,0.0,66.0,6.53,6.09,23.38,6.83,21.86
1993,79,0.77,0.77,0.79,95.75,1.34,233.62,0.04,69.12,7.02,9.32,19.73,7.91,20.48
1993,80,0.77,0.77,0.78,95.43,2.47,211.5,0.29,65.81,7.14,7.95,24.07,8.11,19.32
1993,81,0.77,0.77,0.79,95.45,2.54,276.12,1.6,80.0,7.93,9.05,18.1,9.69,9.47
1993,82,0.77,0.77,0.78,95.78,1.05,184.69,0.22,80.5,7.75,9.15,20.38,9.4,18.16
1993,83,0.76,0.77,0.77,95.28,3.27,212.06,0.0,66.44,7.26,8.94,22.36,8.36,20.17
1993,84,0.76,0.77,0.8,94.94,3.31,282.31,6.22,84.62,7.2,5.8,13.81,8.16,4.71
1993,85,0.77,0.77,0.8,94.95,6.05,315.69,6.66,78.94,4.7,3.95,7.83,2.08,12.21
1993,86,0.77,0.79,0.83,95.11,4.96,315.19,11.97,78.19,4.46,1.33,8.44,1.45,15.14
1993,87,0.77,0.78,0.8,94.92,2.2,236.12,0.0,61.0,4.15,-0.24,18.51,0.2,22.26
1993,88,0.77,0.77,0.79,95.19,1.91,180.94,0.04,65.0,5.07,4.87,18.16,3.04,22.19
1993,89,0.77,0.77,0.78,95.59,1.82,100.31,0.0,70.5,5.25,3.73,17.82,3.64,23.7
1993,90,0.76,0.77,0.78,95.59,1.36,178.94,0.0,63.88,5.43,3.72,20.84,4.18,24.61
1993,91,0.76,0.76,0.77,95.17,2.86,229.94,0.03,62.38,6.1,6.79,21.63,5.79,22.8
1993,92,0.75,0.76,0.77,94.97,3.26,300.19,1.36,75.69,5.8,3.87,13.72,4.96,18.96
1993,93,0.75,0.75,0.77,94.94,3.13,288.44,0.03,74.88,5.25,2.42,14.86,3.56,17.84
1993,94,0.75,0.75,0.77,95.02,2.06,272.75,0.0,69.25,5.98,3.56,20.46,5.48,21.65
1993,95,0.74,0.74,0.77,95.31,2.02,265.06,0.15,80.25,7.32,7.74,18.44,8.55,18.06
1993,96,0.74,0.74,0.76,95.41,1.63,237.38,0.0,70.0,6.84,7.54,21.15,7.5,23.05
1993,97,0.73,0.73,0.76,95.23,1.88,205.88,0.0,73.0,7.14,7.89,21.58,8.03,24.86
1993,98,0.73,0.73,0.75,95.0,1.76,269.94,0.0,67.56,7.02,8.72,22.48,7.9,25.38
1993,99,0.73,0.73,0.74,95.05,1.66,229.31,0.0,56.94,6.47,8.56,23.22,6.48,25.97
1993,100,0.72,0.72,0.73,94.97,2.66,249.31,0.0,66.19,7.51,10.48,24.33,8.71,23.24
1993,101,0.72,0.72,0.73,94.78,2.22,231.31,0.0,70.81,7.45,9.51,20.9,8.69,24.68
1993,102,0.71,0.71,0.73,94.45,1.98,275.19,0.0,74.81,7.45,8.52,20.73,8.59,20.14
1993,103,0.71,0.71,0.72,94.46,2.39,213.69,0.0,71.94,7.2,8.04,21.37,8.22,24.57
1993,104,0.71,0.7,0.73,94.44,2.86,174.75,0.77,87.69,6.96,5.42,14.55,7.68,12.19
1993,105,0.7,0.7,0.72,94.62,2.5,252.75,0.45,76.88,6.16,3.02,18.19,5.9,20.24
1993,106,0.71,0.71,0.75,95.1,3.97,306.06,7.98,88.06,6.41,6.93,9.96,6.62,11.52
1993,107,0.71,0.73,0.77,95.58,3.12,326.25,7.38,84.38,6.29,6.29,12.33,6.43,13.01
1993,108,0.71,0.72,0.73,95.85,1.9,181.62,0.01,76.81,5.86,4.48,16.51,5.42,23.0
1993,109,0.71,0.71,0.73,95.71,1.41,182.31,0.0,64.5,5.68,4.63,21.68,4.84,28.02
1993,110,0.7,0.71,0.72,95.47,1.61,231.38,0.0,53.38,5.55,6.48,23.71,4.39,27.73
1993,111,0.7,0.7,0.71,95.08,1.73,171.5,0.0,49.81,5.31,7.5,23.27,3.76,26.31
1993,112,0.7,0.7,0.71,94.82,1.83,213.69,0.48,65.44,6.71,9.3,20.47,6.99,18.2
1993,113,0.7,0.7,0.7,94.71,1.52,188.69,0.13,64.25,7.02,8.74,23.73,7.73,25.41
1993,114,0.7,0.7,0.72,94.23,2.66,203.44,5.75,72.25,7.63,10.0,20.51,8.96,5.62
1993,115,0.7,0.7,0.71,94.15,1.68,156.25,0.67,75.06,7.39,8.8,21.87,8.51,24.55
1993,116,0.7,0.7,0.7,94.06,2.05,142.38,0.83,68.94,7.75,7.48,24.83,9.11,20.49
1993,117,0.7,0.7,0.72,94.25,3.1,312.69,4.46,84.19,6.9,6.48,11.81,7.45,5.79
1993,118,0.7,0.7,0.7,94.56,1.86,255.69,0.2,72.0,5.98,5.25,18.25,5.55,22.14
1993,119,0.69,0.69,0.7,94.54,1.73,201.75,0.62,61.88,6.23,5.56,22.82,5.98,23.9
1993,120,0.69,0.69,0.7,94.69,2.22,198.06,3.95,78.56,7.14,6.96,17.68,7.99,15.92
1993,121,0.69,0.69,0.7,94.77,1.47,234.12,0.34,71.88,7.02,7.81,20.49,7.76,22.52
1993,122,0.69,0.69,0.7,94.87,2.62,301.12,0.97,79.69,7.2,8.26,16.94,8.21,16.38
1993,123,0.68,0.68,0.69,95.28,1.83,100.75,0.01,75.38,7.14,8.01,19.51,8.17,22.75
1993,124,0.68,0.68,0.68,95.11,1.77,109.12,0.0,67.94,7.51,6.17,23.98,8.76,27.54
1993,125,0.68,0.67,0.7,94.19,1.5,137.19,4.26,70.5,8.3,12.3,20.8,10.15,12.9
1993,126,0.7,0.7,0.79,94.29,3.64,239.0,26.35,89.62,8.36,9.83,14.13,10.4,12.27
1993,127,0.7,0.72,0.73,95.04,3.01,299.44,2.22,81.62,8.06,9.61,18.33,9.9,26.24
1993,128,0.7,0.7,0.71,95.1,1.21,126.62,0.0,57.31,6.59,8.89,25.19,6.83,26.4
1993,129,0.7,0.7,0.7,94.87,2.89,206.81,0.0,50.25,7.26,12.25,28.59,8.21,26.08
1993,130,0.69,0.69,0.68,94.73,3.28,171.88,0.01,46.88,7.02,14.19,28.95,7.53,18.83
1993,131,0.69,0.68,0.69,94.78,1.94,113.56,0.59,70.38,9.77,12.96,26.04,12.73,23.26
1993,132,0.69,0.69,0.72,94.31,2.57,302.0,9.28,80.38,9.89,11.15,21.74,12.9,21.17
1993,133,0.69,0.69,0.71,94.02,2.31,262.38,6.47,70.19,7.63,10.28,22.67,8.87,16.68
1993,134,0.69,0.7,0.7,94.29,2.7,281.94,1.1,71.81,7.45,8.12,19.91,8.62,22.25
1993,135,0.69,0.69,0.69,94.99,1.88,287.31,0.0,65.19,6.96,8.73,22.37,7.63,25.7
1993,136,0.68,0.68,0.68,95.44,1.75,203.38,0.0,66.5,7.75,10.42,23.18,9.44,26.4
1993,137,0.68,0.67,0.67,94.99,1.87,215.75,0.0,57.81,8.36,10.43,29.12,10.41,27.95
1993,138,0.67,0.67,0.69,94.68,1.86,172.19,3.43,64.19,9.58,15.82,23.15,12.4,19.38
1993,139,0.67,0.67,0.69,94.84,2.09,179.12,2.53,78.81,10.74,14.13,23.03,14.21,20.81
1993,140,0.67,0.67,0.69,95.19,1.59,107.38,2.5,72.88,9.64,13.37,26.37,12.68,26.71
1993,141,0.67,0.67,0.68,95.32,1.37,88.31,1.28,77.69,9.4,12.47,21.11,12.26,26.43
1993,142,0.67,0.67,0.68,95.03,1.51,133.62,0.26,67.19,9.16,13.57,25.66,11.83,24.96
1993,143,0.66,0.66,0.66,95.07,1.88,126.5,0.0,54.56,8.24,13.07,30.05,10.19,27.97
1993,144,0.66,0.66,0.66,94.97,1.34,129.44,0.0,53.56,8.73,15.15,30.79,10.92,26.29
1993,145,0.66,0.66,0.65,94.63,1.29,141.25,0.0,47.06,8.36,14.89,32.46,10.22,27.8
1993,146,0.66,0.65,0.64,94.57,2.16,183.44,0.0,49.88,9.09,15.19,31.55,11.55,25.84
1993,147,0.65,0.64,0.63,94.88,2.22,173.19,0.0,53.25,8.97,16.03,32.55,11.4,27.19
1993,148,0.64,0.63,0.63,95.21,1.86,81.81,0.0,61.62,8.73,14.35,27.57,11.12,28.22
1993,149,0.64,0.63,0.63,94.99,1.66,87.06,0.0,60.5,9.4,14.31,33.2,12.16,22.25
1993,150,0.64,0.63,0.63,94.92,2.06,204.25,0.0,73.81,10.99,15.81,24.22,14.63,22.81
1993,151,0.63,0.62,0.62,95.18,2.21,114.5,0.0,67.5,9.7,14.19,26.81,12.76,29.63
1993,152,0.63,0.62,0.62,95.05,1.71,133.81,0.0,63.19,10.13,14.19,30.68,13.3,26.07
1993,153,0.62,0.62,0.62,95.33,1.97,311.75,0.0,69.81,10.8,15.63,28.1,14.37,25.62
1993,154,0.62,0.62,0.61,95.2,1.84,202.75,0.0,58.56,8.73,15.25,28.08,11.1,26.31
1993,155,0.62,0.61,0.61,94.86,1.88,120.94,0.0,59.31,8.42,13.79,27.59,10.53,27.9
1993,156,0.62,0.61,0.6,94.79,2.38,108.12,0.0,52.38,8.18,13.23,31.17,10.05,26.3
1993,157,0.61,0.6,0.6,94.72,1.92,205.5,0.0,59.0,10.56,17.23,29.18,13.89,26.44
1993,158,0.61,0.6,0.6,94.64,1.59,155.44,0.07,70.75,11.9,16.76,30.24,15.8,22.39
1993,159,0.61,0.6,0.6,94.56,1.11,232.56,0.34,67.06,11.29,16.0,30.87,14.88,23.79
1993,160,0.6,0.59,0.6,94.82,2.09,298.19,0.4,77.0,12.02,16.09,27.07,15.99,16.8
1993,161,0.6,0.59,0.59,95.11,1.88,188.12,0.01,64.06,10.62,15.23,30.67,14.06,29.01
1993,162,0.59,0.59,0.59,95.3,2.22,272.56,0.58,67.56,10.99,16.44,30.42,14.68,21.25
1993,163,0.59,0.59,0.59,95.38,2.52,118.0,0.54,73.69,10.44,13.98,24.24,13.9,22.29
1993,164,0.59,0.59,0.59,95.31,1.94,57.5,0.24,68.06,9.34,12.96,25.25,12.19,27.56
1993,165,0.59,0.59,0.59,95.45,2.48,63.62,0.01,68.38,9.4,13.56,25.62,12.37,25.48
1993,166,0.59,0.58,0.59,95.49,2.0,63.31,0.01,66.25,9.46,13.13,29.18,12.43,30.27
1993,167,0.59,0.58,0.58,95.64,1.94,63.94,0.0,64.38,9.34,12.7,28.55,12.18,30.67
1993,168,0.58,0.57,0.57,95.53,1.82,202.25,0.21,62.25,10.13,15.24,30.34,13.49,28.13
1993,169,0.58,0.57,0.57,95.32,1.15,172.81,1.45,58.69,10.93,15.83,33.62,14.56,27.58
1993,170,0.58,0.57,0.56,95.19,1.87,224.19,0.28,56.5,11.6,19.32,34.39,15.45,26.26
1993,171,0.57,0.56,0.55,95.04,1.72,211.0,0.42,55.12,12.27,19.62,34.4,16.26,26.94
1993,172,0.57,0.56,0.55,94.75,2.45,192.81,1.91,61.5,12.94,19.61,35.6,17.1,26.77
1993,173,0.57,0.56,0.55,94.87,2.43,323.12,0.62,62.88,10.8,17.54,30.69,14.19,29.39
1993,174,0.57,0.56,0.52,95.02,1.74,321.25,0.05,56.69,9.28,16.73,29.68,11.95,30.11
1993,175,0.56,0.55,0.52,95.39,2.05,101.38,0.0,59.62,9.83,16.3,29.35,12.92,30.28
1993,176,0.56,0.55,0.5,95.4,1.95,132.56,0.0,56.38,10.25,16.04,35.24,13.65,30.63
1993,177,0.56,0.55,0.48,95.28,1.79,183.62,0.0,48.44,10.13,18.87,35.19,13.35,26.7
1993,178,0.55,0.55,0.48,95.34,1.86,180.38,0.0,47.81,9.16,19.07,32.33,11.68,27.78
1993,179,0.55,0.55,0.52,95.17,1.72,231.75,5.59,45.62,10.13,19.33,34.55,13.06,22.56
1993,180,0.56,0.55,0.55,95.16,2.34,264.44,2.49,59.38,11.78,17.84,34.48,15.68,24.8
1993,181,0.55,0.55,0.53,95.17,1.63,223.69,0.0,45.62,8.18,17.5,32.48,9.98,26.9
1993,182,0.55,0.55,0.52,94.95,1.81,189.19,0.52,59.81,10.93,17.01,33.47,14.51,12.78
1993,183,0.55,0.55,0.51,94.87,1.91,180.75,0.16,62.88,11.9,18.33,33.48,15.78,12.38
1993,184,0.55,0.54,0.49,94.85,1.12,110.56,0.05,51.19,10.68,18.92,38.46,13.78,21.21
1993,185,0.55,0.54,0.45,95.1,4.11,194.44,0.0,29.81,7.93,23.44,40.08,9.61,22.37
1993,186,0.54,0.53,0.44,95.28,3.5,220.88,0.0,31.81,8.48,23.93,40.33,10.33,22.56
1993,187,0.54,0.53,0.43,95.32,2.55,222.75,0.0,56.81,12.02,19.38,33.52,16.01,22.27
1993,188,0.54,0.52,0.43,95.43,2.45,21.5,0.0,61.88,10.25,16.87,29.2,13.58,26.89
1993,189,0.54,0.52,0.43,95.38,1.95,212.62,0.0,55.12,8.79,15.86,30.19,11.15,29.57
1993,190,0.53,0.52,0.41,95.14,2.04,210.19,0.0,41.25,8.42,15.19,35.94,10.39,26.68
1993,191,0.53,0.52,0.4,94.76,3.67,247.0,0.0,41.69,9.46,20.11,36.15,12.17,23.86
1993,192,0.53,0.52,0.41,95.19,2.72,98.12,0.0,63.38,10.8,17.26,28.76,14.33,21.41
1993,193,0.53,0.52,0.41,95.63,2.77,51.19,0.0,61.12,9.46,15.37,28.75,12.4,24.33
1993,194,0.53,0.52,0.4,95.76,2.2,50.31,0.0,62.62,8.91,14.05,27.62,11.57,25.57
1993,195,0.52,0.52,0.39,95.38,1.91,162.56,0.0,53.75,8.54,13.6,31.31,10.75,27.48
1993,196,0.52,0.52,0.39,95.11,1.48,179.44,0.41,44.88,9.52,18.0,35.19,12.36,25.88
1993,197,0.52,0.52,0.38,95.22,1.56,192.81,0.0,40.44,9.95,20.77,37.5,13.01,24.43
1993,198,0.52,0.51,0.37,95.32,1.74,190.69,0.0,40.44,9.89,21.73,36.97,13.05,25.73
1993,199,0.52,0.51,0.36,95.21,1.77,208.0,0.0,39.44,9.28,20.72,37.17,11.94,25.15
1993,200,0.52,0.51,0.36,94.99,2.52,274.25,0.0,46.62,10.13,20.26,35.07,13.26,22.98
1993,201,0.52,0.51,0.36,94.81,2.36,186.75,0.0,55.25,10.99,19.58,34.48,14.44,25.36
1993,202,0.52,0.5,0.36,95.27,3.35,25.88,0.0,65.88,10.8,15.98,27.42,14.41,21.27
1993,203,0.52,0.5,0.36,95.75,2.53,21.56,0.0,62.5,9.03,15.28,26.33,11.73,22.96
1993,204,0.52,0.5,0.36,95.82,1.97,124.5,0.0,59.5,8.97,15.08,29.55,11.51,26.34
1993,205,0.51,0.5,0.35,95.44,1.73,196.94,0.0,49.75,8.97,14.83,34.0,11.48,26.56
1993,206,0.51,0.5,0.34,95.03,2.49,264.25,0.0,38.62,8.91,19.19,38.34,11.22,25.63
1993,207,0.51,0.5,0.34,95.18,2.63,236.69,0.0,50.94,10.62,17.9,34.97,14.12,27.13
1993,208,0.51,0.49,0.34,95.65,2.41,113.88,0.0,55.5,8.91,16.07,30.06,11.29,27.83
1993,209,0.51,0.49,0.34,95.73,1.73,71.88,0.0,51.06,8.85,16.1,32.33,11.42,26.72
1993,210,0.5,0.49,0.34,95.41,1.53,105.19,0.0,39.0,7.93,17.39,37.33,9.52,27.35
1993,211,0.5,0.49,0.33,95.13,2.14,251.81,0.0,32.0,8.0,20.9,38.98,9.7,24.67
1993,212,0.5,0.49,0.32,95.23,1.9,193.12,0.05,45.44,10.38,20.93,36.83,13.53,24.38
1993,213,0.5,0.49,0.34,95.34,1.8,54.06,1.57,58.88,12.21,19.33,34.66,16.26,27.2
1993,214,0.5,0.49,0.34,95.3,1.59,197.44,0.01,40.88,10.07,21.58,38.37,13.12,26.72
1993,215,0.5,0.48,0.34,95.29,1.75,220.94,0.14,33.44,9.03,22.37,38.77,11.57,24.92
1993,216,0.49,0.48,0.33,95.36,1.91,195.88,0.0,34.75,9.09,22.59,39.49,11.68,26.78
1993,217,0.49,0.48,0.32,95.45,1.59,94.56,0.0,34.94,9.09,23.19,39.83,11.62,28.88
1993,218,0.49,0.48,0.3,95.47,1.98,169.69,0.0,33.56,8.61,23.07,39.7,10.75,26.74
1993,219,0.49,0.48,0.3,95.44,1.86,295.56,0.0,35.62,8.48,22.89,37.62,10.56,26.58
1993,220,0.49,0.48,0.3,95.12,2.11,261.81,0.0,33.25,8.42,21.67,39.85,10.27,23.11
1993,221,0.49,0.48,0.3,95.26,2.75,210.5,0.06,57.56,11.66,19.23,32.91,15.27,25.69
1993,222,0.49,0.48,0.3,95.33,1.88,70.81,0.01,54.44,10.19,18.22,32.95,13.41,26.34
1993,223,0.48,0.48,0.3,95.28,2.1,56.75,0.73,55.31,10.5,19.02,32.76,13.89,23.44
1993,224,0.48,0.48,0.3,95.22,1.87,156.06,0.0,54.19,10.07,17.26,33.87,13.16,26.7
1993,225,0.48,0.48,0.3,95.17,2.0,80.19,0.0,49.5,9.95,19.1,33.89,13.01,26.4
1993,226,0.48,0.48,0.3,95.07,1.52,198.0,0.0,47.38,10.38,19.16,35.7,13.66,25.49
1993,227,0.48,0.48,0.29,95.12,2.3,210.06,0.06,47.75,10.74,20.43,35.2,14.15,25.23
1993,228,0.48,0.48,0.29,95.03,2.03,201.25,0.01,43.69,10.8,22.33,36.91,14.19,25.52
1993,229,0.48,0.48,0.29,95.23,2.06,184.88,0.19,57.44,12.63,20.8,34.49,16.71,24.51
1993,230,0.48,0.48,0.29,95.43,1.82,65.38,0.0,57.5,11.72,19.56,35.71,15.29,25.97
1993,231,0.48,0.48,0.29,95.65,1.77,66.06,0.0,51.88,10.31,19.67,34.52,13.44,25.7
1993,232,0.48,0.47,0.28,95.57,1.81,86.25,0.0,40.38,8.12,20.51,35.19,9.71,25.48
1993,233,0.48,0.47,0.28,95.29,1.95,95.44,0.0,39.94,7.87,18.77,35.25,9.28,25.26
1993,234,0.48,0.47,0.27,95.0,2.26,215.94,0.0,33.25,7.39,19.4,36.98,8.51,24.71
1993,235,0.48,0.47,0.27,94.83,2.59,232.19,0.0,29.69,7.08,20.89,37.33,7.94,24.35
1993,236,0.48,0.47,0.27,94.81,3.02,219.38,0.0,27.88,7.32,22.42,38.87,8.35,22.71
1993,237,0.48,0.47,0.27,94.83,3.21,242.19,0.0,35.12,8.85,23.17,37.95,10.42,21.28
1993,238,0.48,0.47,0.27,94.91,1.67,176.06,0.01,49.69,11.05,21.73,38.17,14.04,21.25
1993,239,0.48,0.47,0.27,94.96,3.1,292.19,0.03,61.38,11.35,19.13,31.73,14.85,18.31
1993,240,0.48,0.47,0.27,95.13,2.53,198.06,0.02,58.75,9.83,17.75,28.93,12.95,14.64
1993,241,0.48,0.47,0.3,95.4,2.23,72.31,1.73,69.12,10.8,17.37,25.42,14.43,7.33
1993,242,0.48,0.47,0.3,95.51,2.16,55.19,0.04,60.38,9.52,16.15,29.04,12.42,24.5
1993,243,0.48,0.47,0.3,95.38,2.38,178.75,0.28,57.62,10.13,15.76,31.81,13.35,23.97
1993,244,0.48,0.47,0.3,95.2,2.04,173.62,0.07,52.5,10.5,18.84,34.48,13.87,18.51
1993,245,0.48,0.47,0.3,95.22,1.76,202.56,0.3,58.56,10.99,18.83,30.28,14.62,23.61
1993,246,0.47,0.47,0.3,95.05,1.62,242.75,0.0,49.06,8.48,16.8,32.73,10.28,23.18
1993,247,0.48,0.47,0.31,94.76,2.77,280.25,1.85,58.25,10.25,17.65,29.32,13.13,21.09
1993,248,0.48,0.47,0.34,95.09,2.16,255.44,0.18,63.19,10.25,17.45,28.33,13.38,20.41
1993,249,0.48,0.47,0.34,95.1,2.7,215.25,0.28,45.0,8.79,17.01,32.73,11.21,21.66
1993,250,0.47,0.47,0.32,95.06,3.77,216.56,0.0,41.75,8.73,20.26,33.6,11.1,15.72
1993,251,0.47,0.47,0.3,94.95,3.36,214.88,0.0,37.56,8.06,21.01,35.8,9.65,18.23
1993,252,0.47,0.46,0.3,94.79,2.79,164.94,1.11,44.31,9.22,20.7,35.08,11.4,15.59
1993,253,0.48,0.47,0.41,94.99,2.46,37.62,4.31,77.19,13.18,19.19,26.76,17.34,20.47
1993,254,0.48,0.48,0.45,95.03,2.11,301.06,0.41,73.19,11.78,17.5,27.5,15.62,19.49
1993,255,0.48,0.47,0.41,94.82,1.59,247.94,0.0,56.81,8.97,15.97,30.51,11.09,22.0
1993,256,0.48,0.47,0.38,94.4,3.72,259.62,0.42,48.19,8.73,16.8,32.65,10.51,20.51
1993,257,0.48,0.47,0.41,94.62,2.17,93.94,1.53,78.88,11.23,16.73,21.08,14.93,7.16
1993,258,0.48,0.47,0.4,94.93,1.42,263.88,0.01,52.94,7.81,14.92,27.82,9.08,20.74
1993,259,0.47,0.47,0.37,95.05,2.54,227.94,0.0,36.38,6.59,15.68,32.73,6.77,21.1
1993,260,0.47,0.47,0.34,94.97,2.45,210.19,0.0,36.81,7.32,17.8,36.03,8.53,20.31
1993,261,0.47,0.47,0.32,94.86,2.86,246.06,0.03,41.81,8.48,19.43,34.08,10.35,17.97
1993,262,0.47,0.47,0.34,95.12,2.24,162.44,1.44,65.69,10.93,17.74,30.62,14.12,7.36
1993,263,0.47,0.47,0.35,95.38,2.7,128.12,0.5,55.06,8.79,17.8,29.67,10.89,17.56
1993,264,0.47,0.47,0.34,95.28,1.73,150.88,0.01,49.56,8.54,15.02,31.59,10.72,16.8
1993,265,0.47,0.47,0.32,95.03,2.49,207.94,0.0,42.44,7.87,17.73,32.61,9.54,19.43
1993,266,0.47,0.47,0.41,94.62,3.16,256.75,12.9,62.0,8.85,12.95,27.79,11.25,10.48
1993,267,0.48,0.49,0.52,94.67,3.42,271.56,1.21,61.0,7.14,10.15,22.75,7.94,17.14
1993,268,0.48,0.48,0.47,95.13,2.5,284.5,0.0,62.62,7.32,9.94,24.08,8.08,18.77
1993,269,0.48,0.48,0.46,95.3,1.3,198.69,0.06,65.69,8.54,14.27,24.44,10.69,14.12
1993,270,0.48,0.48,0.46,95.05,2.48,214.06,0.17,54.0,7.57,13.83,28.23,8.77,10.88
1993,271,0.48,0.48,0.52,95.16,1.64,277.81,5.41,80.0,9.95,13.58,22.41,13.12,9.54
1993,272,0.48,0.48,0.48,95.18,1.91,204.81,0.01,68.88,8.36,11.58,25.25,10.4,18.1
1993,273,0.48,0.48,0.46,95.01,3.77,203.88,0.0,49.31,7.14,12.84,28.85,8.11,18.32
1993,274,0.48,0.48,0.47,94.7,2.98,256.31,1.7,58.25,8.73,15.15,27.94,11.01,14.39
1993,275,0.48,0.48,0.47,94.34,4.34,258.5,1.03,61.31,7.93,12.28,25.26,9.58,16.88
1993,276,0.48,0.49,0.54,94.76,5.17,291.25,9.33,68.12,7.63,12.8,18.71,8.98,9.81
1993,277,0.49,0.49,0.49,95.3,2.55,251.81,0.61,69.31,8.42,10.39,23.18,10.65,15.43
1993,278,0.49,0.49,0.47,95.08,4.09,209.0,0.0,47.88,6.29,13.21,25.51,6.28,16.98
1993,279,0.48,0.49,0.46,94.85,2.46,189.44,0.01,52.62,7.14,13.04,28.98,7.66,17.47
1993,280,0.48,0.48,0.46,94.67,1.69,185.25,0.04,56.38,7.87,12.85,30.01,8.96,17.29
1993,281,0.48,0.48,0.46,95.01,2.87,304.56,0.0,67.06,8.79,14.21,24.12,11.09,14.78
1993,282,0.48,0.48,0.46,95.36,1.72,217.81,0.0,57.38,7.51,12.84,28.13,8.65,17.3
1993,283,0.48,0.48,0.45,95.27,2.56,230.81,0.0,49.69,7.75,14.83,29.49,9.27,16.28
1993,284,0.48,0.48,0.44,94.95,3.71,202.88,0.0,39.69,6.84,17.51,31.21,7.44,12.21
1993,285,0.48,0.48,0.42,94.7,2.44,188.56,0.0,46.81,7.39,16.4,30.73,8.26,16.7
1993,286,0.48,0.47,0.41,94.48,4.46,212.06,0.0,39.69,6.35,14.78,31.65,5.73,15.79
1993,287,0.48,0.47,0.41,95.06,1.78,209.06,0.0,63.5,8.24,15.03,24.33,10.22,11.19
1993,288,0.48,0.47,0.41,95.22,1.27,107.56,0.0,72.81,9.46,13.98,26.3,12.37,10.07
1993,289,0.48,0.47,0.39,94.89,4.34,187.62,0.0,46.56,7.2,14.18,32.44,7.97,10.04
1993,290,0.47,0.47,0.37,95.27,1.41,187.31,0.0,45.38,6.9,14.84,31.55,6.78,15.53
1993,291,0.47,0.47,0.37,95.57,2.24,76.12,0.29,74.88,10.31,15.39,27.44,13.45,13.8
1993,292,0.47,0.47,0.38,95.41,1.35,92.31,0.98,68.5,9.16,13.55,26.89,11.59,15.16
1993,293,0.48,0.47,0.41,95.27,1.79,85.25,2.8,65.19,9.22,15.61,27.14,11.37,14.14
1993,294,0.48,0.48,0.51,94.75,2.04,224.94,4.99,85.88,10.25,12.24,19.4,13.49,10.82
1993,295,0.48,0.48,0.52,94.45,2.57,324.25,4.15,80.0,7.26,9.13,15.98,8.34,7.68
1993,296,0.48,0.48,0.48,94.69,2.19,260.0,0.57,66.75,5.55,7.24,16.37,4.22,13.78
1993,297,0.48,0.48,0.47,94.98,1.36,195.56,0.02,68.62,6.29,7.1,18.9,6.01,10.24
1993,298,0.48,0.48,0.49,94.95,2.02,93.56,2.5,85.38,8.54,10.31,18.88,10.83,13.05
1993,299,0.48,0.48,0.48,94.77,1.57,133.94,0.37,74.31,8.3,9.72,23.47,10.23,15.07
1993,300,0.48,0.48,0.48,94.71,1.32,157.0,1.81,67.12,8.3,13.03,24.14,10.26,12.0
1993,301,0.48,0.48,0.48,95.02,1.52,258.44,0.13,73.56,8.42,12.26,23.38,10.49,13.86
1993,302,0.48,0.48,0.47,95.22,0.75,151.81,0.11,69.88,8.48,11.69,24.95,10.73,13.89
1993,303,0.48,0.48,0.47,95.06,2.38,207.44,0.0,68.19,8.85,13.53,26.06,11.34,10.0
1993,304,0.48,0.48,0.47,94.91,3.41,206.69,0.0,66.62,8.54,13.83,25.33,10.74,8.66
1993,305,0.48,0.48,0.47,94.79,2.82,217.12,0.03,67.31,8.12,12.33,22.33,9.95,9.13
1993,306,0.48,0.48,0.51,94.8,1.55,226.94,4.38,77.31,9.28,12.51,22.53,11.98,12.76
1993,307,0.48,0.48,0.48,94.53,3.77,197.94,0.0,61.31,7.57,12.98,24.65,8.86,11.23
1993,308,0.48,0.48,0.47,93.95,3.86,215.81,1.04,65.25,8.0,9.87,24.94,9.58,8.27
1993,309,0.48,0.49,0.52,93.99,4.52,248.06,4.81,78.12,7.02,7.98,16.71,7.75,4.83
1993,310,0.49,0.49,0.48,94.45,2.42,250.5,0.04,68.62,6.1,7.57,19.23,5.57,10.92
1993,311,0.49,0.49,0.48,94.69,1.52,207.88,0.85,65.56,6.29,6.58,20.98,5.89,11.58
1993,312,0.49,0.49,0.51,94.9,1.4,195.44,3.43,81.44,7.39,8.4,17.65,8.55,13.42
1993,313,0.49,0.49,0.48,95.3,1.1,120.5,0.26,78.44,7.32,10.08,19.28,8.53,12.55
1993,314,0.49,0.49,0.48,95.64,1.22,127.12,0.27,80.75,7.75,9.7,20.94,9.44,12.33
1993,315,0.49,0.49,0.48,95.56,1.1,228.5,0.04,73.81,7.81,8.45,22.84,9.55,12.77
1993,316,0.49,0.49,0.48,95.4,0.94,133.31,0.24,71.94,8.36,11.75,24.61,10.44,5.52
1993,317,0.49,0.49,0.48,95.77,1.69,76.44,0.53,89.56,9.46,10.76,18.98,12.5,7.33
1993,318,0.49,0.49,0.48,95.77,1.45,174.94,0.0,79.5,8.73,10.02,24.27,11.25,12.89
1993,319,0.49,0.49,0.48,95.69,1.91,161.0,0.58,87.5,7.75,6.88,15.23,9.34,3.05
1993,320,0.48,0.49,0.48,95.53,2.07,231.5,0.03,74.25,5.43,5.48,13.38,4.25,10.6
1993,321,0.48,0.48,0.48,95.5,1.98,87.94,0.05,73.31,5.19,4.58,15.57,3.55,11.41
1993,322,0.48,0.48,0.48,95.45,1.89,96.94,0.01,76.12,4.88,3.31,14.37,2.7,10.39
1993,323,0.48,0.48,0.48,95.0,1.37,149.88,0.0,73.81,5.07,3.93,15.08,3.13,12.12
1993,324,0.48,0.48,0.48,94.58,1.65,257.94,0.09,76.38,5.55,4.05,14.82,4.34,8.94
1993,325,0.48,0.48,0.48,94.8,2.41,272.88,1.04,84.12,5.86,5.21,11.28,5.19,5.29
1993,326,0.48,0.48,0.48,95.33,1.7,202.81,0.01,67.5,4.82,4.08,17.15,2.23,11.54
1993,327,0.48,0.48,0.47,94.93,2.63,210.5,0.0,69.75,5.0,3.66,17.41,2.94,9.46
1993,328,0.48,0.48,0.47,94.67,1.39,120.88,0.02,67.38,5.31,5.81,16.77,3.62,9.84
1993,329,0.48,0.48,0.48,94.82,1.27,291.62,0.63,89.75,6.96,7.68,11.83,7.69,6.76
1993,330,0.48,0.48,0.51,95.01,2.38,289.62,4.73,92.56,7.02,7.23,11.46,7.92,3.31
1993,331,0.49,0.5,0.54,95.6,2.76,324.5,5.41,87.81,6.9,6.47,12.5,7.68,4.04
1993,332,0.5,0.5,0.5,95.69,1.42,290.56,0.63,86.12,6.23,5.57,14.66,6.24,9.66
1993,333,0.5,0.5,0.5,95.57,2.11,288.31,1.27,83.5,6.1,5.54,14.69,5.85,11.14
1993,334,0.5,0.5,0.48,95.15,2.34,254.56,0.26,85.12,7.02,5.34,17.06,7.82,6.45
1993,335,0.5,0.51,0.56,94.57,3.59,280.75,14.46,86.31,6.41,6.97,11.33,6.51,6.3
1993,336,0.54,0.56,0.74,95.16,4.6,326.06,46.57,91.81,6.41,5.96,8.93,6.51,2.81
1993,337,0.59,0.63,0.8,95.47,3.86,350.75,36.2,92.62,7.2,8.38,11.01,8.4,2.26
1993,338,0.62,0.67,0.77,95.58,2.47,175.62,15.87,85.75,7.14,8.66,15.34,8.26,10.61
1993,339,0.62,0.66,0.7,95.9,1.7,306.81,1.55,90.38,7.08,7.19,13.67,8.1,8.19
1993,340,0.62,0.64,0.68,95.88,1.53,260.19,0.01,77.31,5.8,5.3,16.68,5.19,11.31
1993,341,0.62,0.63,0.66,95.91,1.89,277.75,0.0,84.25,6.29,4.08,14.05,6.08,10.87
1993,342,0.62,0.63,0.66,96.04,1.41,269.88,0.0,83.88,6.41,6.31,15.29,6.73,10.95
1993,343,0.62,0.62,0.65,95.94,1.58,235.0,0.0,62.69,4.88,4.61,18.98,2.69,11.14
1993,344,0.62,0.62,0.65,95.82,1.27,222.06,0.0,59.31,4.64,4.79,18.69,1.76,11.15
1993,345,0.62,0.62,0.64,95.76,1.61,277.19,0.0,74.44,5.31,3.96,15.65,3.61,10.87
1993,346,0.62,0.62,0.65,95.95,1.36,213.19,0.78,91.69,6.77,4.38,14.76,7.37,11.08
1993,347,0.61,0.62,0.64,95.25,4.33,208.38,0.01,62.44,4.7,3.9,18.43,2.05,9.42
1993,348,0.61,0.62,0.64,94.66,3.52,224.44,1.04,68.38,5.62,6.73,16.34,4.51,6.38
1993,349,0.61,0.62,0.65,94.94,1.2,262.88,1.25,82.31,6.41,5.96,14.08,6.45,6.97
1993,350,0.61,0.62,0.64,95.5,1.9,276.5,0.09,81.88,5.55,2.48,13.45,4.48,10.54
1993,351,0.61,0.62,0.64,96.04,1.01,258.69,0.0,86.12,5.92,6.0,12.44,5.51,9.76
1993,352,0.61,0.62,0.64,96.23,1.23,275.5,0.0,84.0,5.68,2.98,13.92,4.94,10.79
1993,353,0.61,0.61,0.64,96.43,0.77,276.62,0.0,84.19,6.23,6.86,13.82,6.41,10.32
1993,354,0.61,0.61,0.63,96.21,1.09,254.12,0.0,80.38,5.92,5.6,15.21,5.58,10.37
1993,355,0.61,0.61,0.63,95.46,1.97,245.0,0.0,68.19,5.31,5.0,19.54,3.84,10.88
1993,356,0.61,0.61,0.64,95.82,1.87,101.06,1.02,88.06,6.41,5.89,11.83,6.56,3.65
1993,357,0.61,0.61,0.63,95.67,0.93,205.44,0.01,82.75,5.92,4.48,14.58,5.5,10.11
1993,358,0.6,0.61,0.62,94.94,3.73,254.38,0.17,78.0,5.49,4.11,14.48,4.27,9.4
1993,359,0.6,0.61,0.63,94.62,3.74,284.19,0.74,76.38,5.55,6.83,12.35,4.51,5.57
1993,360,0.61,0.61,0.66,94.13,6.43,296.62,5.8,81.12,6.29,7.51,12.86,6.16,2.25
1993,361,0.61,0.62,0.67,94.75,2.38,287.44,8.72,84.62,6.23,5.69,12.33,6.02,5.95
1993,362,0.62,0.64,0.71,95.01,1.84,321.25,7.97,88.19,5.92,4.71,9.99,5.41,7.26
1993,363,0.62,0.64,0.68,95.58,1.88,307.38,1.67,89.88,5.86,3.25,10.51,5.23,4.34
1993,364,0.62,0.64,0.69,96.05,1.89,326.38,2.98,89.12,6.71,6.22,12.78,7.4,5.01
1993,365,0.62,0.64,0.67,96.02,1.35,256.88,0.4,74.12,5.8,5.65,16.62,5.18,11.22
1994,1,0.62,0.63,0.66,95.7,3.87,287.75,0.05,82.56,6.65,7.66,14.25,7.17,5.76
1994,2,0.62,0.63,0.66,95.62,2.65,295.31,0.04,84.31,6.47,6.8,13.78,6.8,8.63
1994,3,0.62,0.63,0.66,95.33,1.86,252.94,0.0,69.06,5.74,5.51,18.73,4.95,11.35
1994,4,0.62,0.62,0.66,95.1,2.22,247.06,0.03,76.44,6.53,5.47,18.75,6.69,7.28
1994,5,0.62,0.62,0.66,95.3,1.52,255.62,0.24,79.56,5.92,3.76,13.67,5.33,7.91
1994,6,0.62,0.62,0.65,94.08,5.84,202.81,0.0,60.0,4.09,2.21,15.44,0.17,10.79
1994,7,0.62,0.62,0.7,93.77,3.02,250.81,17.85,75.44,5.19,5.08,10.87,3.31,5.05
1994,8,0.64,0.66,0.77,94.43,4.49,320.81,12.22,88.0,5.49,5.22,7.56,4.22,3.07
1994,9,0.65,0.66,0.72,94.92,3.43,296.0,3.0,91.75,6.41,4.93,10.82,6.38,2.26
1994,10,0.65,0.66,0.7,94.5,3.32,230.12,0.17,81.75,5.98,4.63,15.57,5.4,8.14
1994,11,0.65,0.66,0.71,94.78,4.53,279.81,3.88,83.5,5.37,4.42,10.05,3.94,2.51
1994,12,0.65,0.66,0.7,95.54,3.78,319.38,0.39,82.19,6.04,5.68,12.54,5.63,9.96
1994,13,0.65,0.66,0.7,96.02,1.66,295.38,0.22,90.88,7.26,6.19,14.71,8.62,10.66
1994,14,0.65,0.66,0.69,95.79,1.64,260.38,0.03,78.5,5.98,4.23,18.59,5.58,12.13
1994,15,0.65,0.66,0.7,95.26,1.87,282.56,0.45,91.44,6.65,5.69,13.39,7.05,10.07
1994,16,0.65,0.66,0.69,94.6,1.84,288.44,0.17,82.69,5.43,3.71,11.31,4.06,8.61
1994,17,0.65,0.66,0.69,94.37,0.98,250.75,0.13,81.88,5.13,4.6,9.8,3.3,9.14
1994,18,0.65,0.66,0.7,94.89,2.23,79.69,0.85,92.62,6.29,4.84,10.04,6.31,5.89
1994,19,0.65,0.66,0.7,94.49,2.55,96.0,1.89,93.12,6.96,6.33,11.26,7.68,3.09
1994,20,0.65,0.66,0.73,94.4,3.95,288.38,6.23,95.38,6.23,5.51,8.61,6.04,2.86
1994,21,0.66,0.66,0.7,95.63,2.7,322.31,1.13,81.75,4.76,2.66,9.59,2.49,6.77
1994,22,0.66,0.66,0.7,96.04,1.23,313.62,1.28,85.06,4.64,1.42,10.21,2.08,9.75
1994,23,0.66,0.66,0.73,96.14,1.72,334.0,5.28,90.5,5.55,4.51,8.85,4.73,10.03
1994,24,0.66,0.67,0.73,96.03,2.69,328.25,6.72,92.62,5.98,5.69,8.66,5.71,7.2
1994,25,0.66,0.68,0.73,95.93,3.22,320.94,3.76,94.12,6.53,6.48,10.24,7.08,2.97
1994,26,0.67,0.68,0.72,96.01,2.84,322.56,1.24,90.5,6.41,5.81,11.94,6.69,8.4
1994,27,0.67,0.68,0.72,96.41,3.42,325.44,0.96,84.69,5.55,5.12,11.02,4.71,10.13
1994,28,0.66,0.67,0.71,96.36,2.44,301.56,0.4,87.88,6.23,4.0,14.44,6.17,13.76
1994,29,0.66,0.67,0.71,96.51,3.5,341.0,0.2,81.62,5.49,5.5,11.41,4.65,10.21
1994,30,0.66,0.67,0.71,96.41,0.94,93.88,0.19,72.12,4.64,3.08,13.72,2.11,13.94
1994,31,0.66,0.67,0.7,95.88,1.67,211.69,0.0,71.25,4.46,0.51,15.87,1.55,14.79
1994,32,0.66,0.66,0.7,95.75,1.2,204.25,0.0,58.31,3.91,1.44,17.1,-0.38,14.84
1994,33,0.66,0.66,0.7,95.77,1.21,256.75,0.0,59.31,4.21,3.61,17.33,0.59,15.06
1994,34,0.66,0.66,0.7,94.93,3.74,210.75,0.0,58.0,3.85,1.9,16.62,-0.81,14.53
1994,35,0.66,0.66,0.69,93.7,4.27,216.19,0.0,64.38,4.09,1.2,10.62,-0.1,4.7
1994,36,0.66,0.66,0.7,94.04,2.56,269.56,1.56,77.25,3.97,-0.31,8.33,-0.46,11.42
1994,37,0.66,0.66,0.73,94.57,5.52,300.44,8.24,90.56,5.25,3.18,7.16,3.71,5.31
1994,38,0.66,0.67,0.71,94.9,4.1,290.25,0.29,76.88,5.0,4.57,11.68,3.0,10.83
1994,39,0.67,0.69,0.77,94.96,3.78,289.25,19.73,91.06,5.37,3.75,6.79,3.98,2.42
1994,40,0.68,0.7,0.75,95.68,5.92,319.06,4.24,84.12,4.82,3.78,6.8,2.69,5.01
1994,41,0.69,0.7,0.73,95.82,3.35,305.12,0.97,82.06,5.19,3.92,11.24,3.69,11.72
1994,42,0.69,0.7,0.73,95.43,3.44,304.56,1.56,86.81,5.68,3.65,11.81,4.78,10.95
1994,43,0.68,0.7,0.73,94.8,2.15,269.5,0.24,80.62,5.55,1.93,15.19,4.34,13.03
1994,44,0.69,0.7,0.74,94.15,3.44,276.19,7.4,87.69,5.86,3.95,11.48,5.01,8.91
1994,45,0.69,0.7,0.73,94.7,2.27,225.62,0.24,71.44,5.07,1.65,17.4,3.13,13.79
1994,46,0.69,0.7,0.73,95.11,2.03,199.25,0.04,76.94,5.86,5.04,16.87,5.15,16.33
1994,47,0.68,0.69,0.72,94.51,1.62,172.12,0.06,66.31,5.55,6.52,20.37,4.16,14.47
1994,48,0.68,0.69,0.74,94.4,3.34,148.44,8.14,82.81,6.04,5.98,11.85,5.38,5.79
1994,49,0.69,0.7,0.75,95.13,4.6,309.88,4.0,82.69,5.68,5.15,10.82,4.88,12.19
1994,50,0.7,0.71,0.76,95.39,4.57,303.75,6.03,85.12,5.68,2.63,11.25,4.84,11.92
1994,51,0.7,0.7,0.73,95.49,2.77,263.5,1.57,73.94,5.25,1.54,16.59,3.33,13.07
1994,52,0.7,0.7,0.73,95.53,1.89,243.5,0.08,73.81,5.43,5.37,15.44,4.17,16.65
1994,53,0.69,0.7,0.73,95.35,1.71,251.94,0.0,60.0,5.07,4.73,19.4,3.05,17.17
1994,54,0.69,0.7,0.72,94.94,2.33,254.5,0.0,56.75,5.31,7.37,20.87,3.69,17.16
1994,55,0.69,0.69,0.72,95.03,2.24,277.38,0.0,74.31,6.53,5.6,19.01,6.62,16.17
1994,56,0.68,0.69,0.72,95.32,1.2,199.5,0.0,70.44,6.35,7.07,20.74,6.26,17.66
1994,57,0.68,0.68,0.71,95.27,2.59,204.69,0.0,53.38,5.25,6.59,24.29,3.5,18.08
1994,58,0.67,0.68,0.7,94.88,2.8,209.25,0.0,54.62,5.43,8.53,22.96,3.69,15.85
1994,59,0.67,0.67,0.71,94.39,0.96,154.69,0.0,79.38,6.77,7.47,19.66,7.04,15.6
1994,60,0.67,0.67,0.7,94.76,1.85,89.75,0.0,75.69,6.1,5.52,17.37,5.86,18.77
1994,61,0.67,0.67,0.7,95.69,2.28,57.69,0.0,87.19,6.77,6.26,15.37,7.55,15.95
1994,62,0.66,0.67,0.7,95.99,1.46,81.5,0.0,78.44,5.86,6.33,16.54,5.4,18.23
1994,63,0.66,0.66,0.7,95.88,1.6,90.69,0.0,84.31,6.65,5.3,17.28,7.26,18.6
1994,64,0.66,0.66,0.7,95.3,2.31,131.81,0.0,74.88,6.53,6.08,20.11,6.87,12.98
1994,65,0.66,0.66,0.7,95.34,1.47,104.12,0.0,78.12,6.47,7.27,16.23,6.75,13.12
1994,66,0.66,0.66,0.69,95.65,1.69,182.12,0.0,82.19,6.59,6.94,16.48,7.08,18.25
1994,67,0.66,0.66,0.69,95.75,1.61,294.81,0.0,80.06,6.23,5.62,16.86,6.24,18.93
1994,68,0.66,0.66,0.68,95.61,1.4,191.0,0.0,75.0,5.92,5.44,18.61,5.4,19.45
1994,69,0.65,0.66,0.68,95.61,1.32,133.62,0.0,72.69,6.29,5.51,21.12,6.23,19.42
1994,70,0.65,0.65,0.67,95.61,1.23,122.25,0.0,73.81,6.71,7.33,18.69,7.3,18.6
1994,71,0.65,0.65,0.67,95.49,1.32,224.94,0.04,73.94,6.41,7.55,18.71,6.62,17.61
1994,72,0.65,0.65,0.67,95.69,1.61,129.06,0.37,85.5,6.71,5.95,14.9,7.39,11.6
1994,73,0.64,0.65,0.67,95.92,1.6,63.69,0.11,80.25,6.35,5.82,16.17,6.64,15.17
1994,74,0.64,0.64,0.66,95.77,1.52,88.31,0.0,75.56,6.23,5.36,19.16,6.2,20.93
1994,75,0.64,0.64,0.66,95.36,1.62,74.56,0.4,87.81,6.77,6.4,13.46,7.4,9.37
1994,76,0.64,0.65,0.71,95.55,3.56,333.94,8.97,83.25,6.59,7.47,14.03,7.04,14.64
1994,77,0.65,0.65,0.68,95.78,2.01,261.06,1.14,81.81,6.59,5.71,16.17,7.08,17.84
1994,78,0.64,0.65,0.66,95.57,1.86,239.12,0.0,62.25,5.43,3.64,22.22,4.2,21.98
1994,79,0.64,0.64,0.66,95.26,2.2,246.25,0.01,51.88,5.62,7.86,24.24,4.51,21.39
1994,80,0.64,0.64,0.68,95.11,1.77,198.62,6.56,66.44,6.53,9.12,21.39,6.73,19.53
1994,81,0.64,0.65,0.68,95.44,1.69,79.56,1.7,87.0,7.69,8.81,15.65,9.32,15.66
1994,82,0.64,0.64,0.66,96.1,1.98,101.81,0.0,74.5,6.71,6.94,21.23,7.33,21.9
1994,83,0.64,0.64,0.66,96.02,1.43,161.25,0.0,60.62,6.04,7.44,24.28,5.71,22.31
1994,84,0.63,0.63,0.65,95.3,1.19,170.56,0.0,52.38,6.41,10.82,26.39,6.39,23.03
1994,85,0.63,0.63,0.66,94.56,1.9,277.5,3.37,66.75,7.08,9.5,23.0,7.56,18.47
1994,86,0.63,0.63,0.66,94.97,2.91,327.81,0.5,81.06,7.45,9.55,17.32,8.73,18.62
1994,87,0.63,0.63,0.64,95.63,1.62,132.25,0.0,73.94,6.47,6.58,18.93,6.74,21.91
1994,88,0.62,0.62,0.64,95.76,1.48,112.19,0.0,63.19,5.62,6.65,22.94,4.52,23.79
1994,89,0.62,0.62,0.63,95.51,1.51,224.31,0.0,52.38,5.74,7.09,25.63,4.97,24.17
1994,90,0.62,0.62,0.62,95.34,2.48,270.81,0.0,55.5,6.59,10.44,25.95,6.75,23.74
1994,91,0.62,0.61,0.62,95.07,1.95,276.06,0.0,65.19,7.69,11.01,25.11,9.09,22.99
1994,92,0.62,0.62,0.65,95.3,3.0,259.75,4.84,76.31,6.41,5.24,15.72,6.4,18.29
1994,93,0.62,0.63,0.7,95.27,4.35,317.75,14.52,78.56,5.13,4.82,10.63,3.31,10.27
1994,94,0.63,0.64,0.66,95.38,3.99,337.5,0.9,73.44,4.94,4.53,11.23,2.82,14.99
1994,95,0.63,0.63,0.67,95.32,3.43,314.25,5.17,83.44,6.65,5.97,16.84,7.19,19.33
1994,96,0.63,0.64,0.68,95.36,3.3,295.69,5.11,77.75,5.92,5.62,14.09,5.52,17.26
1994,97,0.63,0.64,0.65,94.9,2.5,278.31,0.01,65.31,5.68,4.74,20.85,4.58,19.03
1994,98,0.63,0.63,0.65,95.06,2.38,237.56,0.68,78.69,6.59,6.74,17.06,6.94,16.23
1994,99,0.62,0.63,0.64,94.92,1.9,244.38,0.04,60.5,5.07,4.51,21.59,3.11,25.79
1994,100,0.62,0.62,0.63,94.11,3.39,239.94,0.5,68.44,6.16,6.61,19.65,5.55,17.93
1994,101,0.62,0.62,0.66,94.1,4.54,285.38,4.72,79.31,5.74,6.08,12.59,4.76,9.65
1994,102,0.62,0.62,0.65,95.1,2.8,292.44,0.11,72.94,5.07,4.65,12.72,3.31,22.14
1994,103,0.62,0.62,0.63,95.08,1.2,210.12,0.0,58.38,4.39,1.77,20.34,0.82,25.87
1994,104,0.62,0.62,0.62,94.54,2.37,187.75,0.05,49.31,4.82,6.69,22.89,2.12,24.96
1994,105,0.62,0.62,0.63,93.98,2.43,151.75,1.94,74.69,7.2,10.07,17.79,8.1,15.09
1994,106,0.62,0.62,0.67,93.92,2.73,276.19,7.33,82.19,6.84,6.82,15.1,7.34,10.46
1994,107,0.62,0.62,0.65,94.31,2.95,294.0,1.34,75.38,5.62,5.64,14.22,4.47,22.87
1994,108,0.62,0.62,0.63,94.31,1.96,204.81,0.38,65.81,5.07,3.15,18.55,2.89,26.75
1994,109,0.62,0.62,0.63,94.07,1.87,85.5,0.68,70.38,5.92,5.05,20.12,5.33,24.87
1994,110,0.62,0.62,0.65,94.05,1.44,210.56,2.89,75.94,6.59,6.44,17.1,6.78,16.4
1994,111,0.62,0.62,0.65,94.58,2.07,269.31,3.75,74.56,6.47,7.38,17.9,6.6,23.48
1994,112,0.62,0.62,0.63,94.86,1.87,228.81,0.08,63.94,6.1,5.27,21.0,5.76,28.37
1994,113,0.62,0.62,0.62,94.81,2.48,221.88,0.02,55.19,6.41,9.05,24.43,6.49,27.08
1994,114,0.61,0.61,0.61,94.78,3.37,263.44,0.83,55.38,6.47,10.46,25.91,6.51,21.7
1994,115,0.61,0.61,0.62,95.23,3.4,303.94,0.28,72.62,6.29,7.04,16.86,6.17,18.91
1994,116,0.61,0.6,0.61,95.68,4.02,323.94,0.02,71.75,5.74,6.01,15.69,5.09,21.32
1994,117,0.6,0.6,0.61,95.89,2.96,119.12,0.59,75.62,6.77,8.58,18.04,7.48,21.71
1994,118,0.6,0.6,0.61,95.93,1.57,87.25,0.02,77.19,7.2,8.31,19.08,8.4,24.34
1994,119,0.6,0.6,0.6,95.8,1.99,101.88,0.34,72.44,7.14,8.33,21.21,8.21,25.76
1994,120,0.6,0.6,0.62,95.68,2.51,120.56,2.49,76.31,7.02,8.62,16.58,7.88,19.22
1994,121,0.6,0.59,0.6,95.68,1.67,75.81,0.0,68.75,6.71,7.78,21.12,7.28,25.4
1994,122,0.59,0.59,0.59,95.27,1.84,213.56,0.0,55.62,6.1,6.98,26.21,5.86,27.43
1994,123,0.59,0.59,0.59,95.07,1.89,100.44,0.0,49.0,6.29,11.61,27.9,6.14,27.24
1994,124,0.59,0.59,0.58,95.09,1.92,101.31,0.0,56.12,7.39,10.67,27.97,8.58,27.04
1994,125,0.59,0.58,0.57,95.37,1.96,134.44,0.0,60.69,8.18,12.05,25.62,10.24,26.65
1994,126,0.59,0.58,0.57,95.37,1.7,107.25,0.0,63.56,7.14,10.3,24.35,8.21,27.06
1994,127,0.58,0.57,0.57,94.77,1.34,170.06,1.54,51.88,7.08,9.45,29.01,7.69,27.03
1994,128,0.58,0.57,0.58,94.68,2.59,289.56,1.31,71.31,8.97,12.12,23.02,11.52,20.44
1994,129,0.58,0.58,0.6,94.87,1.97,316.81,4.95,78.5,8.54,10.26,19.88,10.74,15.47
1994,130,0.58,0.58,0.59,95.03,2.41,257.81,1.09,70.31,7.08,8.98,19.98,7.96,25.26
1994,131,0.58,0.58,0.57,94.59,2.56,206.44,0.1,54.81,6.96,7.93,28.32,7.49,27.92
1994,132,0.58,0.57,0.57,94.52,1.78,131.12,0.05,66.0,8.54,11.86,25.57,10.71,23.18
1994,133,0.57,0.57,0.55,93.97,2.27,183.88,0.0,48.19,7.75,13.44,33.07,9.05,27.25
1994,134,0.57,0.56,0.55,94.74,2.4,115.31,0.0,66.25,8.42,11.65,26.98,10.5,27.64
1994,135,0.56,0.56,0.55,94.71,1.07,127.88,0.0,54.88,8.06,12.11,32.08,9.62,26.94
1994,136,0.56,0.55,0.54,94.6,2.44,210.94,0.01,50.81,7.26,12.98,30.05,8.08,26.44
1994,137,0.56,0.55,0.55,94.35,2.85,245.06,1.17,62.94,7.69,10.88,28.89,8.95,25.16
1994,138,0.55,0.55,0.55,94.66,3.98,283.69,1.04,64.12,6.71,9.5,19.62,7.19,20.62
1994,139,0.55,0.55,0.54,94.96,2.09,237.94,0.0,52.12,6.1,8.01,25.03,5.76,28.95
1994,140,0.55,0.55,0.53,94.92,2.4,215.88,0.0,50.44,7.02,12.05,29.13,7.53,27.54
1994,141,0.55,0.54,0.52,95.05,2.29,209.88,0.0,41.19,6.96,14.87,32.53,7.47,28.33
1994,142,0.55,0.54,0.51,95.03,3.58,199.38,0.0,31.12,5.92,16.6,35.68,5.39,28.57
1994,143,0.54,0.53,0.5,94.85,2.84,211.62,0.0,35.0,7.08,18.3,36.17,7.53,22.59
1994,144,0.54,0.52,0.51,94.87,2.1,284.88,0.0,52.88,9.03,15.58,31.04,11.45,27.19
1994,145,0.54,0.52,0.51,95.09,1.85,120.69,0.0,60.25,9.58,14.79,30.52,12.55,28.92
1994,146,0.53,0.52,0.5,95.01,1.71,180.75,0.22,53.38,9.64,16.45,34.15,12.62,28.23
1994,147,0.53,0.52,0.5,95.1,2.02,120.19,0.43,65.0,10.86,17.32,28.97,14.51,18.96
1994,148,0.53,0.52,0.5,95.03,1.68,128.75,2.37,54.81,10.31,16.93,33.15,13.57,28.46
1994,149,0.53,0.52,0.5,94.92,2.39,217.25,0.2,49.25,10.38,18.4,34.89,13.49,25.6
1994,150,0.52,0.52,0.48,95.24,2.12,167.5,0.01,41.44,9.83,22.65,35.92,12.86,24.49
1994,151,0.52,0.52,0.45,95.33,2.72,204.44,0.0,37.06,9.09,22.05,38.85,11.6,26.75
1994,152,0.52,0.51,0.43,95.21,2.07,121.44,0.0,33.94,8.48,21.92,40.25,10.53,26.54
1994,153,0.52,0.51,0.41,95.25,2.31,285.94,0.0,42.69,9.09,19.39,34.23,11.79,28.06
1994,154,0.52,0.51,0.41,95.39,1.71,191.38,0.0,51.69,10.31,18.55,34.93,13.69,23.79
1994,155,0.52,0.5,0.41,95.49,1.73,240.0,0.0,53.62,10.13,18.35,33.19,13.4,25.61
1994,156,0.51,0.5,0.4,95.37,2.43,188.0,0.0,50.69,8.48,15.02,32.3,10.55,29.59
1994,157,0.51,0.5,0.4,95.53,2.4,344.25,0.0,56.75,7.63,13.16,26.52,9.21,29.95
1994,158,0.51,0.5,0.39,95.36,1.98,219.69,0.0,50.62,7.39,13.3,29.01,8.55,28.63
1994,159,0.51,0.5,0.39,95.06,2.31,269.81,0.86,48.56,8.85,16.21,33.33,11.32,26.03
1994,160,0.51,0.5,0.39,95.56,3.27,247.19,0.02,64.88,9.09,13.58,25.8,11.66,22.06
1994,161,0.51,0.5,0.39,95.73,2.75,284.62,0.0,62.12,7.45,11.38,23.29,8.9,27.35
1994,162,0.51,0.5,0.39,95.24,1.98,157.5,0.1,57.25,7.32,11.83,26.19,8.49,27.33
1994,163,0.51,0.49,0.39,95.15,2.91,125.81,0.04,63.75,7.57,12.87,21.41,9.07,20.8
1994,164,0.5,0.49,0.38,95.53,2.59,318.56,0.04,66.0,7.57,10.43,22.59,9.11,24.86
1994,165,0.5,0.49,0.38,95.53,1.77,109.75,0.0,56.25,7.26,12.1,27.01,8.31,29.3
1994,166,0.5,0.49,0.38,95.44,1.73,158.88,0.0,50.88,7.51,12.82,30.24,8.9,30.35
1994,167,0.5,0.49,0.37,95.28,1.59,172.81,0.0,44.75,7.32,13.54,32.67,8.43,30.21
1994,168,0.5,0.49,0.36,95.09,2.29,206.88,0.0,33.56,6.9,17.88,35.66,7.51,27.57
1994,169,0.5,0.48,0.34,95.24,2.29,222.38,0.0,27.62,6.59,20.3,37.73,6.9,26.19
1994,170,0.49,0.48,0.34,95.26,2.58,219.12,0.0,28.06,6.59,20.02,38.76,6.65,28.26
1994,171,0.49,0.48,0.33,95.19,1.91,185.5,0.0,40.5,8.42,19.27,36.14,10.17,27.44
1994,172,0.49,0.48,0.33,95.36,3.35,49.12,0.01,51.06,8.91,17.85,29.4,11.34,26.37
1994,173,0.49,0.48,0.34,95.67,1.62,51.75,0.03,59.5,9.58,16.48,27.83,12.66,24.32
1994,174,0.49,0.48,0.33,95.34,1.9,88.12,0.0,45.81,8.73,17.85,34.95,11.03,28.47
1994,175,0.49,0.48,0.31,95.02,1.41,202.0,0.0,32.81,7.14,18.62,37.9,7.88,28.4
1994,176,0.48,0.48,0.3,94.84,2.12,130.88,0.0,35.81,7.93,20.55,37.73,9.08,27.8
1994,177,0.48,0.48,0.31,95.19,2.99,223.75,0.0,66.62,11.41,18.02,27.4,15.23,27.62
1994,178,0.48,0.48,0.31,95.4,2.69,42.25,0.0,62.56,10.62,16.7,31.8,14.19,23.93
1994,179,0.48,0.48,0.3,95.39,2.43,55.25,0.0,57.69,9.58,14.92,32.19,12.66,28.52
1994,180,0.48,0.48,0.3,95.57,2.29,67.38,0.0,52.88,8.67,15.13,31.21,10.89,29.47
1994,181,0.48,0.48,0.3,95.41,2.02,84.69,0.0,43.56,7.81,16.08,32.8,9.41,29.21
1994,182,0.48,0.48,0.3,95.22,1.97,102.94,0.0,38.38,8.0,19.31,34.25,9.76,30.7
1994,183,0.48,0.48,0.29,95.14,1.86,105.31,0.0,32.25,7.08,19.29,37.46,7.66,28.92
1994,184,0.48,0.47,0.28,95.2,2.09,178.12,0.0,24.38,6.29,20.94,40.96,6.09,27.19
1994,185,0.48,0.47,0.27,95.38,1.89,183.06,0.0,21.44,5.8,22.6,40.72,4.85,26.81
1994,186,0.48,0.47,0.27,95.28,1.45,147.5,0.0,20.56,5.8,23.77,42.17,4.83,26.72
1994,187,0.48,0.47,0.27,95.21,1.99,297.81,0.0,24.5,6.65,24.59,40.21,6.87,26.63
1994,188,0.48,0.47,0.27,95.3,2.47,257.19,0.0,47.88,9.77,18.52,33.43,12.66,25.23
1994,189,0.48,0.47,0.27,95.36,2.04,99.06,0.0,52.19,9.58,17.53,32.86,12.48,27.59
1994,190,0.48,0.47,0.27,95.44,2.18,57.62,0.0,49.19,9.03,17.45,32.76,11.54,27.87
1994,191,0.48,0.47,0.27,95.4,2.04,82.19,0.0,41.69,7.93,17.61,34.33,9.48,28.22
1994,192,0.48,0.46,0.26,95.22,2.03,77.25,0.0,38.31,7.93,19.74,34.76,9.58,27.93
1994,193,0.48,0.46,0.26,95.14,2.41,77.94,0.0,42.31,8.18,18.53,34.33,9.98,27.67
1994,194,0.47,0.46,0.25,95.36,2.39,80.94,0.0,44.0,7.75,16.69,32.93,9.12,26.98
1994,195,0.47,0.46,0.25,95.52,2.02,93.06,0.0,37.81,7.26,16.91,36.1,8.08,26.97
1994,196,0.47,0.46,0.24,95.48,1.97,118.06,0.0,32.69,7.08,19.56,36.58,7.88,26.47
1994,197,0.47,0.46,0.23,95.3,2.05,103.5,0.0,26.12,6.23,20.83,39.48,6.05,26.11
1994,198,0.47,0.46,0.22,95.2,2.12,101.62,0.0,23.0,5.92,22.13,40.33,5.15,26.63
1994,199,0.47,0.46,0.21,95.2,1.7,161.81,0.0,24.62,6.65,22.87,40.94,7.01,25.85
1994,200,0.47,0.46,0.2,95.17,2.04,215.81,0.01,39.56,9.7,22.26,37.62,12.4,26.27
1994,201,0.47,0.46,0.2,94.97,2.64,212.38,0.0,43.44,9.4,20.44,37.39,11.65,24.24
1994,202,0.47,0.46,0.2,94.88,1.98,54.0,0.0,48.56,10.13,19.8,36.06,13.18,25.86
1994,203,0.47,0.46,0.2,95.05,2.13,234.75,0.0,48.0,9.16,18.12,33.27,11.62,26.27
1994,204,0.47,0.46,0.2,94.97,2.0,151.06,0.0,36.5,7.45,18.37,36.33,8.33,26.51
1994,205,0.47,0.46,0.2,94.84,2.78,206.38,0.0,34.06,8.06,21.65,36.8,9.69,25.48
1994,206,0.47,0.46,0.2,94.94,1.97,86.25,0.15,38.94,8.3,19.4,36.54,9.38,24.4
1994,207,0.47,0.46,0.2,95.11,2.52,40.06,0.35,56.25,11.9,20.48,33.9,15.76,25.6
1994,208,0.47,0.46,0.2,95.18,2.1,56.38,0.0,51.75,10.13,19.2,34.09,12.93,25.8
1994,209,0.47,0.46,0.2,94.99,2.15,150.69,0.0,46.19,9.64,18.81,35.3,12.4,25.85
1994,210,0.47,0.46,0.2,94.89,2.11,143.19,0.0,38.31,9.03,20.73,36.96,11.4,25.85
1994,211,0.47,0.46,0.19,94.82,1.97,200.31,0.0,31.94,8.67,22.9,38.31,10.94,24.68
1994,212,0.47,0.46,0.24,94.84,2.28,206.44,2.55,43.31,10.5,22.44,34.25,13.8,20.66
1994,213,0.47,0.46,0.3,94.93,1.75,169.31,1.79,55.12,11.84,20.87,35.52,15.73,27.41
1994,214,0.47,0.47,0.34,95.09,2.36,57.31,1.74,61.19,13.0,19.46,34.68,17.25,27.07
1994,215,0.47,0.47,0.36,95.04,1.99,77.56,1.07,53.38,12.51,20.58,36.99,16.52,26.35
1994,216,0.47,0.47,0.34,95.18,2.29,216.25,0.18,48.12,11.78,22.74,36.8,15.6,26.38
1994,217,0.47,0.46,0.3,95.4,1.7,100.44,0.0,46.06,10.01,21.36,36.53,12.67,26.97
1994,218,0.47,0.46,0.28,95.31,1.92,157.69,0.0,35.38,8.06,21.16,37.78,9.62,27.04
1994,219,0.47,0.46,0.26,95.22,1.98,159.94,0.0,33.25,8.12,20.8,38.34,9.94,25.82
1994,220,0.47,0.46,0.24,95.15,1.85,191.5,0.0,24.44,6.96,22.92,40.29,7.76,24.85
1994,221,0.47,0.46,0.23,94.93,2.45,186.81,0.0,23.81,7.32,24.64,41.6,8.4,25.66
1994,222,0.47,0.46,0.21,94.94,3.15,206.88,0.03,27.0,7.69,24.76,41.29,8.56,22.1
1994,223,0.47,0.46,0.22,95.13,2.02,197.12,1.09,41.06,10.74,23.8,38.28,13.94,23.34
1994,224,0.47,0.46,0.24,95.13,2.36,151.12,0.37,36.31,10.56,24.65,39.84,13.8,23.53
1994,225,0.47,0.46,0.23,94.98,3.63,210.94,0.07,21.56,6.84,26.15,42.15,7.33,23.91
1994,226,0.47,0.46,0.22,95.09,2.8,209.62,0.0,18.38,5.43,23.98,41.13,4.12,24.66
1994,227,0.47,0.46,0.2,95.24,2.45,191.75,0.0,22.69,6.96,24.99,41.6,7.38,21.03
1994,228,0.46,0.46,0.2,95.28,2.34,229.31,0.0,20.44,6.41,26.45,41.87,6.26,20.73
1994,229,0.46,0.46,0.19,95.19,2.27,211.81,0.0,23.75,7.32,25.52,41.56,7.66,19.83
1994,230,0.46,0.46,0.18,95.21,2.44,256.19,0.0,52.06,12.76,21.77,35.61,16.77,25.04
1994,231,0.46,0.46,0.18,95.26,2.01,64.0,0.02,54.44,11.05,20.34,34.55,14.48,25.12
1994,232,0.46,0.46,0.17,95.08,2.12,181.25,0.0,27.56,6.35,20.62,40.37,5.75,25.44
1994,233,0.46,0.45,0.17,95.1,2.63,183.12,0.0,21.5,6.47,23.98,41.37,6.56,25.79
1994,234,0.46,0.45,0.16,95.23,1.98,123.38,0.0,18.31,5.43,24.32,42.91,4.14,24.41
1994,235,0.46,0.45,0.16,95.26,2.14,214.88,0.04,25.25,7.63,25.32,41.99,8.77,22.14
1994,236,0.46,0.45,0.16,94.99,2.2,270.12,1.33,34.0,9.83,25.8,40.02,12.55,19.61
1994,237,0.47,0.46,0.26,94.89,2.76,311.81,2.26,57.81,12.45,21.96,34.44,15.84,24.01
1994,238,0.47,0.47,0.34,95.18,2.52,192.25,1.88,65.81,12.94,20.33,30.44,17.15,20.07
1994,239,0.47,0.46,0.32,95.25,1.71,91.31,0.0,50.5,10.5,18.44,36.02,13.77,24.32
1994,240,0.47,0.46,0.29,95.17,1.98,143.81,0.0,40.25,9.4,21.6,36.8,12.16,24.04
1994,241,0.47,0.46,0.27,95.05,2.11,94.12,0.0,33.94,7.93,21.9,37.7,9.3,23.54
1994,242,0.47,0.46,0.24,94.89,1.59,123.12,0.0,27.06,6.77,20.94,38.9,7.17,21.51
1994,243,0.47,0.46,0.23,95.01,2.33,219.94,0.0,36.25,9.22,22.77,38.07,11.8,20.29
1994,244,0.47,0.46,0.22,94.97,2.34,215.5,0.0,34.75,9.09,24.59,37.61,11.51,19.92
1994,245,0.47,0.46,0.22,95.05,3.34,198.88,0.37,51.31,11.05,20.69,33.3,14.05,22.15
1994,246,0.47,0.46,0.23,95.29,2.66,36.12,0.53,59.12,10.25,17.87,29.46,13.53,20.54
1994,247,0.47,0.46,0.23,95.15,2.55,76.25,0.57,53.0,9.28,16.72,31.94,11.73,22.87
1994,248,0.47,0.46,0.27,95.44,2.34,217.5,1.49,65.81,11.29,18.9,28.41,15.08,19.53
1994,249,0.47,0.46,0.31,95.36,1.53,80.88,1.41,58.81,11.05,18.05,31.66,14.66,21.68
1994,250,0.47,0.46,0.32,94.97,1.33,197.06,0.03,44.69,9.22,19.51,32.94,11.88,19.7
1994,251,0.47,0.46,0.3,94.79,2.78,268.06,0.07,47.44,10.31,20.65,34.94,13.37,21.73
1994,252,0.47,0.46,0.3,95.26,1.86,205.12,1.02,66.69,12.82,19.98,33.8,16.87,21.51
1994,253,0.47,0.46,0.3,95.45,1.79,159.56,0.09,60.88,11.6,19.89,31.71,15.4,21.43
1994,254,0.47,0.46,0.28,95.28,1.46,193.56,0.0,45.25,9.09,18.52,35.81,11.47,22.35
1994,255,0.47,0.46,0.27,95.09,2.99,228.94,0.05,37.12,9.52,22.8,37.64,12.24,21.69
1994,256,0.47,0.46,0.25,94.96,2.73,220.0,0.0,31.31,7.63,22.53,38.33,8.82,18.48
1994,257,0.47,0.46,0.23,94.75,4.44,260.75,0.0,46.0,9.64,20.06,32.92,12.18,18.02
1994,258,0.47,0.46,0.23,95.17,2.89,325.69,0.0,58.44,9.58,16.98,27.28,12.46,20.56
1994,259,0.47,0.46,0.23,95.19,2.1,217.75,0.0,50.19,7.81,14.98,31.3,9.17,20.18
1994,260,0.47,0.46,0.23,95.24,2.95,37.06,0.0,69.75,10.62,16.57,26.51,14.17,19.19
1994,261,0.47,0.47,0.37,95.37,3.79,41.12,6.58,79.94,10.01,14.15,19.09,13.26,10.0
1994,262,0.47,0.47,0.45,95.46,2.51,312.75,0.11,68.88,8.06,12.86,20.93,9.96,15.64
1994,263,0.47,0.47,0.41,94.85,1.89,188.88,0.0,50.44,6.77,11.63,28.4,7.2,19.95
1994,264,0.47,0.47,0.38,94.19,4.66,205.19,0.0,40.12,6.71,15.69,31.25,7.09,18.87
1994,265,0.47,0.47,0.36,94.55,3.23,187.38,1.03,38.44,7.39,18.52,32.66,8.52,10.83
1994,266,0.47,0.47,0.39,94.83,3.92,190.25,2.9,50.12,9.22,18.48,30.59,11.72,18.49
1994,267,0.48,0.48,0.48,95.27,1.35,168.62,3.87,64.94,11.54,16.83,31.8,15.31,18.71
1994,268,0.48,0.48,0.47,95.17,1.93,240.06,5.26,54.19,10.68,19.12,34.04,14.02,16.08
1994,269,0.48,0.48,0.52,95.17,1.73,183.62,5.76,73.5,12.27,17.46,27.84,16.27,18.51
1994,270,0.49,0.5,0.56,95.08,1.32,162.31,13.39,70.81,11.6,16.69,28.64,15.4,7.27
1994,271,0.5,0.51,0.52,95.0,1.37,187.62,1.59,69.31,11.66,17.8,27.24,15.52,17.08
1994,272,0.5,0.51,0.48,94.85,3.12,174.81,0.4,64.19,10.68,18.0,27.6,14.12,13.95
1994,273,0.5,0.51,0.51,95.15,3.2,198.69,3.84,65.56,10.93,16.48,28.9,14.54,16.9
1994,274,0.5,0.52,0.57,95.38,1.7,234.56,16.5,64.81,10.25,15.76,28.16,13.52,15.11
1994,275,0.52,0.55,0.63,95.26,1.67,210.56,19.08,77.06,11.23,16.07,25.38,14.94,11.83
1994,276,0.54,0.57,0.62,95.06,1.84,127.94,7.26,83.12,11.29,15.77,23.09,15.08,11.93
1994,277,0.54,0.56,0.55,94.99,1.34,257.5,0.57,77.88,10.44,15.0,23.03,13.8,17.21
1994,278,0.54,0.55,0.53,95.15,1.34,162.44,0.04,72.44,9.77,14.19,25.36,12.66,17.74
1994,279,0.54,0.55,0.53,95.43,1.65,31.31,0.95,77.25,10.44,15.17,24.05,13.85,16.41
1994,280,0.54,0.55,0.53,95.2,1.21,184.38,1.53,76.5,10.01,14.1,23.73,13.26,12.28
1994,281,0.54,0.55,0.53,95.13,1.97,233.19,1.07,68.88,9.89,13.7,26.98,12.99,17.88
1994,282,0.54,0.54,0.52,95.32,1.62,196.0,0.0,59.69,10.01,15.43,29.84,13.08,17.65
1994,283,0.54,0.54,0.53,95.28,1.16,259.69,3.73,73.0,11.05,16.58,24.37,14.69,14.45
1994,284,0.54,0.55,0.54,95.37,1.15,223.88,1.82,70.25,10.31,14.67,26.88,13.6,13.18
1994,285,0.55,0.55,0.59,95.72,1.02,135.56,9.11,83.12,11.66,16.83,21.6,15.64,13.23
1994,286,0.55,0.56,0.57,95.87,1.12,113.19,2.04,79.31,10.74,15.82,22.39,14.44,13.4
1994,287,0.55,0.55,0.54,95.75,1.28,100.88,0.03,73.06,9.46,13.45,23.89,12.43,16.0
1994,288,0.55,0.55,0.53,95.41,1.18,220.38,0.07,66.0,8.42,13.04,25.13,10.51,17.4
1994,289,0.55,0.55,0.54,94.98,1.81,224.19,1.68,71.69,9.4,14.2,21.07,12.19,12.95
1994,290,0.55,0.55,0.55,94.57,1.63,272.38,1.93,79.12,9.4,13.23,19.37,12.12,11.22
1994,291,0.55,0.55,0.55,94.45,1.98,233.94,1.61,74.69,8.85,11.45,21.38,11.29,10.41
1994,292,0.55,0.55,0.54,94.33,2.3,213.62,0.79,73.44,8.42,10.75,21.9,10.53,11.72
1994,293,0.55,0.56,0.61,94.01,2.85,242.31,12.78,81.81,9.58,11.63,20.37,12.35,5.55
1994,294,0.56,0.58,0.61,94.35,4.32,304.94,7.05,79.06,8.18,10.8,17.39,10.05,11.27
1994,295,0.57,0.58,0.59,94.71,3.51,307.5,1.21,80.44,8.48,10.68,18.7,10.71,8.04
1994,296,0.56,0.57,0.57,94.73,2.16,271.38,1.3,80.94,9.4,9.51,23.37,12.16,11.65
1994,297,0.57,0.57,0.58,95.15,1.91,314.06,1.21,76.94,8.73,11.47,20.81,11.09,12.66
1994,298,0.56,0.57,0.56,95.3,1.69,234.94,0.15,76.62,8.3,10.21,20.62,10.39,14.91
1994,299,0.56,0.57,0.55,95.07,1.68,219.81,0.16,67.31,8.67,11.62,25.84,10.93,14.57
1994,300,0.56,0.56,0.55,94.93,2.71,192.88,0.0,62.44,8.42,12.44,26.76,10.5,14.57
1994,301,0.56,0.56,0.54,94.81,2.85,226.38,0.0,54.69,7.87,15.59,27.99,9.25,12.2
1994,302,0.55,0.56,0.55,95.13,1.58,174.94,0.13,79.81,10.01,14.22,21.44,13.12,10.0
1994,303,0.55,0.55,0.54,95.51,1.53,111.88,0.05,81.62,10.25,12.73,24.01,13.6,12.88
1994,304,0.55,0.55,0.54,95.5,1.34,208.38,0.0,69.06,8.91,12.15,26.58,11.53,14.56
1994,305,0.55,0.55,0.54,95.36,1.63,186.88,0.01,69.5,8.79,13.58,22.34,11.23,10.4
1994,306,0.55,0.55,0.55,95.23,1.06,232.44,1.73,74.69,9.64,13.88,21.95,12.64,10.54
1994,307,0.55,0.55,0.55,95.08,1.36,203.56,1.04,72.38,9.34,13.19,23.44,12.15,13.33
1994,308,0.55,0.55,0.54,94.79,3.17,195.06,0.0,71.5,8.48,12.1,24.08,10.68,13.36
1994,309,0.55,0.56,0.59,94.96,2.51,238.31,13.19,77.56,8.42,10.39,21.1,10.62,9.59
1994,310,0.56,0.58,0.59,95.41,1.52,226.81,0.01,74.62,6.59,7.36,18.94,6.78,14.68
1994,311,0.56,0.57,0.56,95.12,1.75,225.69,0.0,69.38,6.53,7.61,19.76,6.75,11.52
1994,312,0.56,0.57,0.55,95.18,1.95,265.38,0.0,74.75,7.32,8.3,19.63,8.45,13.42
1994,313,0.56,0.56,0.55,95.15,1.85,231.75,0.0,70.38,7.45,8.93,22.37,8.74,11.26
1994,314,0.56,0.56,0.55,95.17,3.12,277.56,0.0,72.44,7.69,9.95,19.86,9.24,9.21
1994,315,0.56,0.56,0.55,95.16,3.3,287.0,0.0,82.25,8.61,9.51,19.73,10.85,8.89
1994,316,0.55,0.56,0.55,95.15,2.14,298.81,0.04,78.62,8.12,10.99,19.14,10.05,12.07
1994,317,0.55,0.56,0.55,95.19,1.07,97.56,0.36,87.75,8.67,9.9,17.97,11.08,10.52
1994,318,0.55,0.56,0.55,95.92,1.48,71.38,0.18,83.44,8.06,10.48,18.22,10.05,10.41
1994,319,0.55,0.55,0.55,96.18,0.97,259.12,0.03,77.81,7.57,10.02,19.1,9.21,12.99
1994,320,0.55,0.55,0.54,95.97,1.7,270.06,0.0,77.0,6.77,7.08,19.55,7.35,12.97
1994,321,0.55,0.55,0.54,95.47,2.48,284.31,0.15,77.19,7.32,6.65,18.56,8.07,8.74
1994,322,0.55,0.55,0.54,95.52,2.51,319.75,0.51,88.12,8.79,10.48,17.98,11.33,7.54
1994,323,0.55,0.55,0.54,95.62,2.84,312.38,0.13,87.81,9.09,10.36,19.0,11.82,10.26
1994,324,0.55,0.55,0.54,95.95,1.22,136.44,0.14,83.75,9.03,11.22,20.9,11.82,10.11
1994,325,0.55,0.55,0.54,95.96,1.12,201.38,0.0,70.0,7.57,9.48,23.32,9.12,12.33
1994,326,0.55,0.55,0.53,95.83,1.28,204.81,0.0,66.25,7.26,10.3,22.92,8.44,12.33
1994,327,0.55,0.55,0.53,96.07,0.98,136.94,0.0,72.44,7.63,10.79,22.67,9.18,11.92
1994,328,0.55,0.55,0.53,96.3,0.72,125.0,0.0,73.31,7.45,10.27,22.1,8.82,11.33
1994,329,0.55,0.55,0.53,96.21,1.07,228.75,0.0,79.0,7.32,9.56,18.82,8.6,10.36
1994,330,0.55,0.55,0.53,95.88,1.52,298.56,0.0,84.19,7.75,9.27,16.94,9.55,4.94
1994,331,0.55,0.55,0.53,95.52,1.16,231.0,0.0,83.12,7.2,8.62,17.57,8.33,11.4
1994,332,0.55,0.55,0.53,95.77,1.07,122.88,0.0,81.06,7.32,7.48,17.51,8.63,11.36
1994,333,0.55,0.55,0.52,96.06,1.48,190.44,0.0,75.38,6.41,5.58,20.32,6.68,11.5
1994,334,0.54,0.55,0.52,95.93,1.64,198.0,0.0,76.94,6.35,6.34,19.12,6.46,11.78
1994,335,0.54,0.54,0.52,95.82,1.05,145.12,0.0,68.94,5.55,6.87,18.72,4.43,11.26
1994,336,0.54,0.54,0.52,95.91,2.41,209.19,0.0,65.44,5.25,5.78,19.81,3.9,11.26
1994,337,0.54,0.54,0.52,96.2,2.16,225.94,0.0,67.31,5.37,6.23,17.8,4.25,9.95
1994,338,0.54,0.54,0.52,96.46,1.46,267.38,0.0,73.62,6.16,5.82,18.58,5.95,11.29
1994,339,0.54,0.54,0.52,96.35,1.43,244.81,0.0,65.69,5.55,5.85,20.43,4.61,11.21
1994,340,0.54,0.54,0.52,96.42,1.47,261.06,0.0,66.5,5.74,6.9,19.88,5.08,11.21
1994,341,0.54,0.54,0.52,96.16,1.95,227.12,0.0,63.88,5.43,5.97,19.9,4.34,11.18
1994,342,0.54,0.54,0.52,96.16,1.8,274.62,1.2,79.62,6.9,6.87,17.08,7.55,9.8
1994,343,0.54,0.54,0.53,96.2,1.48,281.06,0.54,88.0,7.63,8.92,17.17,9.25,6.79
1994,344,0.54,0.54,0.54,96.21,2.2,296.5,2.82,92.0,7.69,7.63,14.39,9.37,1.91
1994,345,0.54,0.55,0.55,96.4,2.39,339.38,1.8,89.06,7.75,9.67,14.22,9.62,5.56
1994,346,0.54,0.55,0.53,96.35,0.8,161.94,0.03,80.31,6.96,8.78,17.33,7.85,9.78
1994,347,0.54,0.54,0.52,96.13,1.01,197.06,0.0,73.38,6.04,6.3,18.92,5.82,10.91
1994,348,0.54,0.54,0.52,95.73,1.77,280.06,0.0,80.75,6.59,6.37,17.75,6.94,11.03
1994,349,0.54,0.54,0.52,95.75,2.36,315.69,0.64,90.88,8.18,8.76,15.97,10.26,5.56
1994,350,0.54,0.54,0.53,96.07,1.29,277.69,0.33,86.06,7.2,8.05,14.97,8.48,6.91
1994,351,0.54,0.54,0.53,96.1,1.13,215.31,1.25,86.12,6.65,7.64,14.42,7.27,8.28
1994,352,0.54,0.54,0.53,95.67,1.86,238.38,0.77,79.69,6.23,4.56,17.31,6.17,10.4
1994,353,0.54,0.55,0.56,95.33,2.2,277.69,6.89,90.81,6.71,6.39,12.66,7.19,5.17
1994,354,0.55,0.57,0.65,95.31,4.05,304.25,16.68,90.44,5.98,5.97,8.07,5.56,2.63
1994,355,0.57,0.59,0.67,95.23,4.31,305.56,12.25,90.0,6.41,6.44,9.52,6.66,4.5
1994,356,0.59,0.6,0.66,94.51,3.74,277.12,10.27,90.81,5.8,3.66,9.93,5.04,3.21
1994,357,0.6,0.62,0.72,94.73,4.36,296.56,19.15,94.75,5.49,3.23,6.73,4.25,2.89
1994,358,0.62,0.65,0.76,95.22,3.27,293.81,17.77,94.12,5.8,5.05,7.98,5.11,5.01
1994,359,0.63,0.66,0.71,95.39,1.66,207.94,4.37,93.38,5.74,4.98,7.45,5.06,3.41
1994,360,0.63,0.66,0.7,95.65,2.44,307.56,2.17,87.31,5.49,4.46,10.11,4.51,4.84
1994,361,0.63,0.65,0.69,95.72,1.78,290.88,1.13,85.25,5.49,4.25,11.3,4.49,3.64
1994,362,0.63,0.65,0.68,95.84,1.62,266.25,0.29,88.44,5.74,2.95,13.41,4.94,10.77
1994,363,0.63,0.64,0.68,95.81,1.32,260.75,0.0,75.31,4.94,2.29,14.32,2.77,10.88
1994,364,0.63,0.64,0.67,95.68,2.0,254.94,0.0,80.81,6.04,3.15,16.38,5.69,9.41
1994,365,0.63,0.64,0.67,95.21,3.11,245.88,0.03,83.56,7.69,8.47,19.27,9.2,10.44
1995,1,0.63,0.63,0.67,94.69,3.68,255.56,4.23,81.69,7.32,7.85,17.45,8.49,9.75
1995,2,0.63,0.65,0.71,95.33,3.91,328.12,6.2,83.62,5.31,4.51,9.62,3.77,6.59
1995,3,0.64,0.66,0.71,95.53,5.05,321.94,5.02,77.25,4.21,3.13,6.96,0.76,7.02
1995,4,0.64,0.66,0.7,95.34,3.37,319.12,2.94,85.19,4.58,2.54,6.87,1.76,4.34
1995,5,0.65,0.66,0.72,95.41,3.37,322.75,5.62,85.56,4.46,2.34,6.69,1.58,4.1
1995,6,0.66,0.67,0.77,95.17,2.55,278.12,20.27,87.0,5.19,1.25,9.96,3.44,5.1
1995,7,0.7,0.74,0.89,94.95,3.62,201.06,61.43,96.12,5.37,4.05,5.19,4.07,1.1
1995,8,0.74,0.79,0.88,95.48,3.86,179.38,23.92,92.31,5.43,4.14,7.77,4.3,2.33
1995,9,0.76,0.8,0.84,95.61,3.59,344.5,12.08,88.81,5.07,3.33,7.78,3.33,2.23
1995,10,0.77,0.8,0.84,95.63,4.55,321.69,10.94,93.5,5.98,4.8,7.62,5.65,2.76
1995,11,0.77,0.8,0.81,95.28,4.56,298.75,2.43,85.44,6.29,6.49,12.9,6.3,10.64
1995,12,0.77,0.8,0.84,94.85,4.96,321.0,18.99,87.81,5.8,2.46,11.83,4.95,1.84
1995,13,0.79,0.81,0.85,95.18,3.7,180.25,17.43,89.06,4.46,1.96,5.39,1.54,2.07
1995,14,0.8,0.83,0.86,95.55,4.65,260.56,13.61,89.06,4.52,2.05,4.57,1.62,1.28
1995,15,0.81,0.84,0.86,95.73,3.83,330.69,6.33,90.88,5.0,3.25,6.39,3.08,3.14
1995,16,0.81,0.84,0.84,96.01,0.86,165.75,0.06,70.81,3.91,1.34,9.44,-0.18,6.51
1995,17,0.81,0.83,0.84,95.93,2.64,218.88,0.0,78.12,4.09,-1.0,11.45,0.27,9.02
1995,18,0.81,0.83,0.83,95.64,4.24,215.5,0.01,69.88,4.21,0.57,14.51,0.7,9.35
1995,19,0.81,0.83,0.83,95.96,2.02,240.94,1.62,82.44,5.92,4.3,12.84,5.42,9.87
1995,20,0.81,0.82,0.83,96.06,2.41,239.62,0.1,86.44,6.16,3.37,15.24,6.11,11.49
1995,21,0.81,0.82,0.83,96.18,1.86,277.25,0.24,92.06,6.77,4.69,13.49,7.48,7.21
1995,22,0.8,0.82,0.82,96.22,1.56,250.12,0.01,72.62,4.64,1.85,15.33,1.98,12.78
1995,23,0.8,0.82,0.82,95.88,2.32,241.56,0.0,65.88,4.64,2.91,17.91,1.98,12.75
1995,24,0.8,0.81,0.82,95.94,2.27,275.69,0.0,86.06,6.41,3.55,14.39,6.37,12.08
1995,25,0.8,0.81,0.82,95.86,1.68,211.69,0.0,78.5,6.47,4.54,18.6,6.74,13.51
1995,26,0.8,0.81,0.82,95.49,2.55,244.5,0.0,73.38,6.04,6.66,19.12,5.76,13.4
1995,27,0.8,0.81,0.82,95.84,2.28,282.25,0.0,87.19,6.84,5.64,14.85,7.47,7.39
1995,28,0.8,0.8,0.81,95.79,2.31,254.31,0.0,82.94,6.47,4.86,17.58,6.76,13.55
1995,29,0.8,0.8,0.81,95.78,1.45,264.12,0.0,73.94,5.74,6.03,17.42,4.79,12.34
1995,30,0.8,0.8,0.81,95.43,2.78,268.31,0.0,79.06,6.35,5.84,17.22,6.4,12.22
1995,31,0.79,0.8,0.81,95.8,3.17,316.62,1.4,89.75,6.65,5.83,12.67,7.25,9.33
1995,32,0.79,0.8,0.81,96.0,2.02,261.44,0.58,84.12,5.92,4.74,12.93,5.5,12.53
1995,33,0.79,0.8,0.81,95.69,1.78,259.75,1.51,77.62,5.13,0.59,15.61,2.9,12.86
1995,34,0.79,0.8,0.83,96.08,1.66,101.69,5.28,87.81,6.41,6.72,12.96,6.78,12.15
1995,35,0.79,0.8,0.82,96.47,1.53,292.5,0.69,88.06,5.98,5.33,12.98,5.79,12.88
1995,36,0.79,0.8,0.81,96.29,2.2,307.0,0.0,92.19,6.77,4.76,12.72,7.51,8.33
1995,37,0.79,0.8,0.81,95.97,1.18,212.0,0.0,78.94,6.16,5.58,18.14,6.06,15.17
1995,38,0.79,0.8,0.8,95.68,1.66,268.06,0.0,73.31,5.43,4.9,17.15,4.16,15.43
1995,39,0.79,0.8,0.8,95.3,2.08,264.69,0.0,70.88,5.43,4.66,17.82,4.11,15.47
1995,40,0.78,0.79,0.8,94.75,2.33,267.44,0.0,83.31,6.59,4.77,16.48,6.88,11.56
1995,41,0.78,0.79,0.8,94.46,1.42,197.75,0.0,74.56,6.35,5.86,19.18,6.3,15.66
1995,42,0.78,0.79,0.8,94.9,1.6,213.38,0.05,74.88,6.59,7.63,18.56,6.81,13.06
1995,43,0.77,0.79,0.8,95.64,1.66,248.62,0.27,88.88,7.32,7.04,14.9,8.54,10.14
1995,44,0.77,0.78,0.8,95.8,2.28,221.44,0.0,71.75,6.1,5.3,19.73,5.84,15.67
1995,45,0.77,0.78,0.8,95.78,3.3,283.75,0.0,80.38,6.9,7.95,16.48,7.77,12.52
1995,46,0.77,0.78,0.8,95.81,3.09,302.81,0.12,90.75,8.42,8.21,16.37,10.71,7.57
1995,47,0.77,0.77,0.79,96.0,2.66,283.12,0.02,88.25,7.69,7.5,16.76,9.35,11.36
1995,48,0.77,0.77,0.79,95.66,1.61,240.19,0.0,72.5,6.65,5.51,21.18,7.07,16.35
1995,49,0.77,0.77,0.79,95.58,3.24,293.12,0.67,82.62,7.26,8.03,17.83,8.44,11.82
1995,50,0.77,0.77,0.79,96.12,1.51,120.12,0.0,73.44,5.19,4.97,15.68,3.67,16.6
1995,51,0.76,0.77,0.79,96.08,1.22,174.38,0.0,73.0,5.86,4.04,19.29,5.34,17.38
1995,52,0.76,0.77,0.78,95.67,2.23,231.69,0.0,66.69,6.04,6.14,21.17,5.67,17.97
1995,53,0.76,0.76,0.78,95.3,2.02,252.12,0.18,71.62,6.35,6.58,19.3,6.33,16.35
1995,54,0.75,0.76,0.79,95.39,2.22,305.12,3.38,87.75,6.65,7.02,13.07,7.17,10.55
1995,55,0.75,0.76,0.78,95.2,2.33,275.06,0.06,75.44,5.68,4.81,15.5,4.74,16.6
1995,56,0.75,0.76,0.77,94.83,3.01,274.38,0.0,76.38,7.08,6.62,18.73,7.89,16.5
1995,57,0.75,0.76,0.77,94.23,3.64,275.62,0.55,74.62,6.65,7.04,17.64,7.0,14.35
1995,58,0.75,0.77,0.81,94.86,2.41,70.75,13.36,91.62,5.55,4.47,7.94,4.51,2.38
1995,59,0.76,0.77,0.8,94.97,4.36,87.0,0.89,85.38,6.96,5.73,16.83,7.76,12.04
1995,60,0.76,0.77,0.79,94.15,2.66,169.06,1.84,76.56,6.1,4.62,16.16,5.43,4.71
1995,61,0.78,0.8,0.87,94.75,5.24,300.94,30.44,90.44,6.1,4.28,9.08,5.79,5.72
1995,62,0.78,0.8,0.81,95.09,2.28,274.44,0.08,78.75,5.8,2.37,17.39,5.06,18.8
1995,63,0.78,0.8,0.81,94.83,4.46,288.44,3.31,80.0,5.31,4.98,9.64,3.73,6.64
1995,64,0.78,0.8,0.81,94.75,4.19,285.31,1.78,82.25,6.23,5.03,12.58,6.05,5.03
1995,65,0.78,0.8,0.83,94.71,3.35,200.56,6.85,90.38,7.57,7.05,14.72,8.98,4.47
1995,66,0.79,0.8,0.82,95.21,1.94,46.0,2.21,84.38,5.55,2.48,11.8,4.64,8.97
1995,67,0.79,0.8,0.81,95.23,2.34,241.62,3.73,78.69,5.86,1.48,16.33,5.25,17.82
1995,68,0.79,0.8,0.82,95.28,0.81,189.06,2.14,74.44,5.98,5.49,18.3,5.57,19.23
1995,69,0.78,0.8,0.8,94.74,1.52,152.56,0.28,66.62,6.53,5.28,23.46,6.49,18.03
1995,70,0.78,0.79,0.8,94.17,2.82,152.44,0.02,64.94,6.96,8.46,23.56,7.47,17.04
1995,71,0.78,0.79,0.8,93.69,3.16,158.75,4.06,69.94,6.59,8.5,16.91,6.79,7.99
1995,72,0.78,0.8,0.84,93.82,2.49,203.19,12.39,81.69,6.59,6.96,14.11,6.69,7.08
1995,73,0.79,0.8,0.82,94.61,2.42,312.88,2.9,85.56,6.16,4.63,12.75,5.98,11.55
1995,74,0.79,0.8,0.81,94.65,1.51,240.94,0.01,69.88,5.25,3.91,17.47,3.48,20.98
1995,75,0.79,0.8,0.82,94.55,2.41,170.56,6.65,79.06,6.59,6.48,15.75,6.8,6.07
1995,76,0.8,0.81,0.83,95.28,2.31,40.88,6.29,78.62,5.74,4.38,13.71,5.01,16.5
1995,77,0.79,0.8,0.81,95.69,1.57,239.38,0.0,65.56,4.58,1.02,17.4,1.63,21.5
1995,78,0.79,0.8,0.8,95.55,1.63,255.81,0.0,59.75,5.37,4.82,20.77,3.9,21.49
1995,79,0.78,0.79,0.8,95.5,2.29,251.69,0.27,67.19,5.74,6.2,18.71,4.9,21.85
1995,80,0.78,0.79,0.8,95.95,2.12,342.06,0.05,77.31,5.25,3.55,14.27,3.9,21.37
1995,81,0.78,0.78,0.8,96.2,2.35,126.5,0.0,75.12,4.82,2.22,13.78,2.69,14.9
1995,82,0.77,0.78,0.8,96.47,1.67,99.25,0.0,66.5,4.03,1.37,14.39,0.2,21.35
1995,83,0.77,0.77,0.79,96.14,1.23,182.62,0.0,57.38,4.09,0.64,19.39,0.12,22.54
1995,84,0.77,0.77,0.79,95.84,1.66,235.62,0.0,55.94,4.76,3.99,20.4,2.31,22.77
1995,85,0.77,0.77,0.78,95.57,1.66,190.94,0.0,62.19,5.0,4.35,19.99,2.78,22.42
1995,86,0.76,0.77,0.78,95.1,1.63,273.12,0.0,68.38,5.62,5.23,19.65,4.58,22.89
1995,87,0.76,0.76,0.78,94.98,3.04,310.31,0.24,77.5,5.68,4.35,12.98,4.75,8.44
1995,88,0.75,0.76,0.77,94.88,2.62,281.44,0.03,74.19,6.23,2.73,20.46,5.85,23.6
1995,89,0.75,0.75,0.77,95.34,4.11,342.56,0.11,73.0,5.0,4.48,11.15,2.94,12.29
1995,90,0.75,0.75,0.77,96.04,2.71,11.69,0.0,66.0,4.09,3.15,11.64,0.33,17.47
1995,91,0.74,0.75,0.77,96.32,1.7,195.38,0.0,64.06,4.09,2.12,13.56,0.34,21.68
1995,92,0.74,0.74,0.77,96.08,1.48,122.31,0.0,69.06,5.0,1.69,19.5,3.01,23.58
1995,93,0.73,0.74,0.76,95.81,1.66,159.88,0.0,61.5,5.37,4.51,21.54,3.94,23.93
1995,94,0.73,0.73,0.76,95.6,1.21,151.69,0.0,58.5,5.74,6.26,21.61,4.86,20.29
1995,95,0.73,0.73,0.75,95.46,1.26,158.19,0.0,67.44,6.59,9.12,18.59,6.91,20.46
1995,96,0.73,0.73,0.75,95.36,1.99,101.69,0.0,79.62,7.14,7.4,19.05,8.15,22.32
1995,97,0.73,0.73,0.75,95.38,1.95,275.12,0.0,78.94,6.77,7.19,17.4,7.42,23.22
1995,98,0.72,0.72,0.74,95.01,2.0,286.44,0.0,73.12,6.29,4.81,18.02,6.14,24.46
1995,99,0.72,0.72,0.73,94.92,2.65,289.31,0.0,67.69,5.98,6.44,19.9,5.39,24.89
1995,100,0.71,0.71,0.73,94.98,1.47,216.56,0.0,58.25,5.62,6.46,22.65,4.23,24.76
1995,101,0.71,0.71,0.73,94.98,2.16,118.62,0.0,69.75,6.84,7.74,20.43,7.4,24.34
1995,102,0.7,0.7,0.72,95.14,1.7,81.25,0.02,76.69,6.53,6.65,18.99,6.8,23.92
1995,103,0.7,0.7,0.72,94.95,2.09,196.88,0.06,77.94,6.9,6.86,19.26,7.7,20.46
1995,104,0.7,0.7,0.71,94.87,2.49,293.0,0.42,79.81,6.84,7.21,17.52,7.55,20.8
1995,105,0.7,0.7,0.71,94.98,3.02,340.31,0.74,75.44,5.62,3.3,13.63,4.45,12.25
1995,106,0.7,0.7,0.71,94.81,1.91,322.69,0.15,67.0,4.82,3.2,16.27,2.32,24.74
1995,107,0.69,0.69,0.7,95.08,2.88,313.5,0.55,74.81,5.8,6.29,14.57,5.15,14.54
1995,108,0.69,0.69,0.7,94.82,2.29,214.69,0.0,59.94,5.68,3.52,23.05,4.74,26.53
1995,109,0.68,0.68,0.69,94.34,3.07,226.56,0.03,50.94,6.04,9.2,24.94,5.26,25.1
1995,110,0.68,0.68,0.69,94.28,1.62,211.75,0.86,65.31,7.63,11.14,21.78,8.97,18.06
1995,111,0.68,0.68,0.7,94.23,2.47,261.69,6.24,76.75,7.93,9.25,24.16,9.57,22.86
1995,112,0.68,0.69,0.71,94.62,2.6,146.31,6.14,83.88,7.51,8.1,16.23,8.83,9.77
1995,113,0.69,0.7,0.73,94.69,2.23,334.31,11.12,78.25,6.23,6.3,15.44,6.15,9.22
1995,114,0.7,0.7,0.73,94.48,2.51,274.31,2.56,70.12,5.31,4.67,16.28,3.53,24.46
1995,115,0.69,0.7,0.71,94.45,4.65,272.69,0.76,66.38,4.94,4.58,15.65,2.7,20.66
1995,116,0.69,0.69,0.7,94.61,2.85,278.44,0.19,61.62,5.07,2.83,19.02,2.73,26.14
1995,117,0.69,0.69,0.7,94.55,1.17,250.69,0.46,66.81,6.23,6.94,20.01,5.98,27.02
1995,118,0.68,0.68,0.7,94.55,2.44,191.62,2.97,70.06,6.96,10.66,19.42,7.5,19.08
1995,119,0.68,0.69,0.7,95.26,1.99,273.69,2.26,80.75,7.81,9.67,17.21,9.53,14.27
1995,120,0.68,0.68,0.69,95.58,1.85,183.5,0.18,77.25,7.63,9.01,20.31,9.26,22.77
1995,121,0.68,0.68,0.68,95.3,1.69,89.38,0.0,65.44,6.47,8.5,22.27,6.8,26.34
1995,122,0.67,0.67,0.67,95.38,1.92,83.75,0.0,68.0,6.77,7.75,21.57,7.46,27.21
1995,123,0.67,0.66,0.67,95.6,2.21,99.31,0.0,66.06,6.96,7.53,24.19,7.83,27.34
1995,124,0.66,0.66,0.66,95.58,1.55,102.88,0.63,61.94,7.26,10.74,24.02,8.47,26.01
1995,125,0.66,0.66,0.66,95.43,1.44,104.06,0.72,59.44,7.14,10.57,25.44,8.15,27.27
1995,126,0.66,0.66,0.66,95.28,0.98,222.69,1.12,56.25,7.81,10.85,26.54,9.36,26.41
1995,127,0.66,0.66,0.66,95.37,1.29,248.44,0.0,57.44,8.48,12.63,27.49,10.75,26.55
1995,128,0.65,0.65,0.64,95.4,2.5,236.75,0.02,53.44,7.81,13.69,27.76,9.35,23.19
1995,129,0.65,0.64,0.63,95.12,2.94,221.81,0.06,46.44,7.32,14.6,29.8,8.26,25.42
1995,130,0.64,0.64,0.64,94.67,2.91,240.69,1.51,54.31,7.93,14.02,28.22,9.5,12.99
1995,131,0.64,0.63,0.63,94.18,1.8,287.88,0.0,64.75,8.73,12.71,25.98,10.85,25.56
1995,132,0.63,0.63,0.62,93.98,4.7,267.56,0.0,55.94,6.65,11.39,20.91,6.8,22.56
1995,133,0.63,0.62,0.62,94.9,4.45,296.25,0.0,60.44,5.86,7.75,18.37,5.19,26.09
1995,134,0.63,0.62,0.62,95.36,2.01,224.5,0.0,60.12,5.86,6.93,22.42,5.15,27.92
1995,135,0.62,0.62,0.62,95.15,1.12,208.5,0.0,55.5,7.2,9.09,28.95,8.19,28.16
1995,136,0.62,0.62,0.61,94.9,2.15,222.5,0.0,53.94,8.36,13.44,30.42,10.23,21.03
1995,137,0.62,0.61,0.61,95.06,1.83,306.19,0.0,61.75,8.85,13.97,27.37,11.3,27.35
1995,138,0.62,0.61,0.61,95.04,1.34,224.69,0.0,57.69,8.24,12.76,29.37,10.15,27.55
1995,139,0.61,0.6,0.6,94.87,1.77,197.62,0.0,52.75,7.87,14.44,30.64,9.41,27.69
1995,140,0.61,0.6,0.6,95.31,2.87,234.94,0.0,70.94,8.0,8.62,21.72,9.8,20.85
1995,141,0.61,0.6,0.6,95.48,3.0,320.31,0.0,69.19,6.35,7.16,19.38,6.4,26.57
1995,142,0.6,0.59,0.6,95.22,1.01,175.12,0.0,54.38,6.16,8.61,25.65,5.51,27.73
1995,143,0.6,0.59,0.59,94.91,2.59,208.56,0.0,49.88,7.81,13.79,30.26,9.3,20.79
1995,144,0.59,0.59,0.59,94.7,2.8,206.69,0.0,47.12,8.0,16.54,28.05,9.56,14.31
1995,145,0.59,0.59,0.59,94.75,2.54,187.69,0.0,60.5,9.64,15.73,31.08,12.55,19.04
1995,146,0.59,0.59,0.59,95.15,2.18,86.25,0.38,73.81,10.25,14.57,24.74,13.58,19.51
1995,147,0.59,0.59,0.59,95.45,2.12,50.31,0.94,79.38,10.38,13.92,22.87,13.9,17.59
1995,148,0.59,0.58,0.59,95.48,1.69,75.5,0.38,67.25,9.95,13.19,28.82,13.16,28.82
1995,149,0.59,0.58,0.58,95.23,1.57,87.12,0.0,55.06,9.09,15.14,31.23,11.71,29.04
1995,150,0.58,0.57,0.57,94.86,2.97,229.38,0.25,60.44,9.22,14.36,30.34,11.85,26.27
1995,151,0.58,0.57,0.58,95.07,2.83,343.94,0.01,69.06,8.0,11.36,21.46,9.79,22.79
1995,152,0.58,0.57,0.58,95.2,2.83,258.25,0.0,67.44,7.45,9.02,21.77,8.71,23.36
1995,153,0.57,0.56,0.57,95.1,2.2,175.69,0.0,58.31,7.2,9.02,27.62,8.29,27.52
1995,154,0.57,0.56,0.57,95.07,1.61,160.75,0.04,58.25,8.18,12.57,25.92,10.01,13.9
1995,155,0.57,0.56,0.56,95.11,1.48,100.81,0.0,58.94,9.4,15.63,30.17,12.26,26.09
1995,156,0.56,0.55,0.55,95.09,1.71,213.56,1.14,60.0,10.01,15.23,30.85,13.15,22.62
1995,157,0.56,0.55,0.57,95.08,1.77,182.69,3.51,63.75,10.93,17.65,30.43,14.49,19.65
1995,158,0.57,0.56,0.59,94.99,1.83,170.69,7.85,66.44,11.78,18.29,30.01,15.69,21.08
1995,159,0.58,0.58,0.63,94.8,2.0,179.25,8.15,64.94,11.6,17.76,31.75,15.33,27.7
1995,160,0.58,0.59,0.64,94.95,1.82,269.44,8.74,80.69,12.08,16.65,25.03,16.1,22.74
1995,161,0.59,0.59,0.62,94.94,1.7,216.88,3.98,72.62,10.68,15.19,26.16,14.21,25.63
1995,162,0.59,0.59,0.63,94.62,1.38,192.75,7.62,72.06,10.74,14.74,25.62,14.26,20.91
1995,163,0.59,0.59,0.62,94.57,1.8,209.25,4.47,69.56,10.5,15.57,27.07,13.81,16.0
1995,164,0.59,0.59,0.59,95.05,1.93,246.0,0.3,68.31,9.89,14.9,26.73,12.92,29.01
1995,165,0.59,0.59,0.58,95.0,1.98,205.0,0.0,57.62,9.34,13.53,30.83,11.88,28.57
1995,166,0.59,0.58,0.59,95.08,2.44,214.19,1.39,74.12,11.11,16.93,23.62,14.8,11.15
1995,167,0.59,0.58,0.6,95.13,1.97,119.25,1.93,77.69,11.66,16.12,26.07,15.56,19.93
1995,168,0.59,0.59,0.6,95.26,1.8,67.44,2.03,82.62,12.08,15.33,24.2,16.15,19.62
1995,169,0.59,0.58,0.58,95.47,1.78,86.44,0.01,58.5,8.48,13.9,28.24,10.54,30.29
1995,170,0.58,0.58,0.57,95.43,1.65,106.88,0.0,44.56,7.39,15.12,31.72,8.23,30.7
1995,171,0.58,0.57,0.57,95.39,2.16,244.44,0.14,60.94,11.29,17.08,31.59,14.87,27.85
1995,172,0.57,0.57,0.58,95.53,1.43,230.62,1.09,67.19,12.51,18.91,28.79,16.69,20.64
1995,173,0.57,0.56,0.56,95.09,2.02,235.75,0.04,57.62,10.86,18.09,32.72,14.39,25.84
1995,174,0.57,0.56,0.55,94.65,1.94,203.25,0.0,61.69,10.62,16.54,30.89,13.94,29.69
1995,175,0.56,0.55,0.57,94.49,2.02,100.12,1.36,69.25,11.41,17.51,29.78,15.15,18.84
1995,176,0.56,0.55,0.55,94.27,3.03,93.06,0.0,60.56,11.84,16.51,35.32,15.59,20.57
1995,177,0.56,0.55,0.52,94.2,3.68,202.75,0.0,38.94,8.67,19.76,37.4,10.68,26.78
1995,178,0.55,0.55,0.52,94.87,2.51,256.19,0.09,66.62,11.05,16.3,28.22,14.64,22.52
1995,179,0.55,0.54,0.52,94.89,2.13,273.38,0.0,60.88,10.19,15.94,30.9,13.41,29.69
1995,180,0.55,0.54,0.51,94.92,2.06,253.31,0.15,63.88,10.31,16.48,28.51,13.65,28.63
1995,181,0.55,0.54,0.49,95.04,1.73,112.25,0.0,56.12,9.64,14.91,32.79,12.52,28.88
1995,182,0.55,0.53,0.48,95.05,2.06,152.25,0.0,43.81,9.7,18.4,36.15,12.58,29.06
1995,183,0.54,0.53,0.45,94.81,2.08,196.25,0.0,45.12,10.07,20.33,37.18,13.22,28.81
1995,184,0.54,0.53,0.45,94.75,2.08,324.56,0.0,56.62,10.44,18.51,31.37,13.73,28.38
1995,185,0.54,0.52,0.45,94.97,1.5,152.62,0.0,52.81,9.77,18.45,32.87,12.73,27.85
1995,186,0.54,0.52,0.44,95.27,2.53,54.0,0.0,62.62,10.99,17.75,29.96,14.65,28.8
1995,187,0.53,0.52,0.43,95.33,2.74,45.44,0.0,60.12,9.46,16.6,28.9,12.23,28.97
1995,188,0.53,0.52,0.42,95.09,2.03,103.31,0.0,57.06,9.77,15.2,32.89,12.8,28.77
1995,189,0.53,0.52,0.41,94.87,2.12,120.62,0.0,46.62,9.77,17.17,37.01,12.65,25.14
1995,190,0.53,0.52,0.41,94.75,2.29,241.44,0.0,38.44,9.46,22.0,38.88,11.98,22.01
1995,191,0.52,0.52,0.4,94.82,2.02,330.06,0.06,62.75,12.45,19.52,32.68,16.48,24.55
1995,192,0.52,0.52,0.4,94.77,1.88,331.5,0.05,59.75,10.86,18.12,30.84,14.33,26.4
1995,193,0.52,0.52,0.39,94.94,1.84,182.38,0.0,58.5,10.5,17.18,31.25,13.86,26.58
1995,194,0.52,0.51,0.38,94.97,1.71,125.44,0.0,48.31,9.64,17.27,35.55,12.4,26.42
1995,195,0.52,0.51,0.38,95.15,1.67,201.56,0.02,49.38,10.56,20.01,34.92,13.99,26.63
1995,196,0.52,0.51,0.38,95.21,1.84,290.94,0.0,52.44,10.13,19.07,33.11,13.35,27.2
1995,197,0.52,0.51,0.37,95.15,1.94,93.88,0.0,44.94,8.36,17.53,33.19,10.26,27.02
1995,198,0.52,0.51,0.36,94.98,1.99,134.06,0.0,44.38,9.34,17.79,36.29,12.05,27.16
1995,199,0.52,0.5,0.36,95.26,2.05,72.44,0.0,43.75,9.46,20.96,34.76,12.33,25.1
1995,200,0.51,0.5,0.35,95.46,1.94,146.56,0.0,47.56,9.58,19.58,34.25,12.48,25.82
1995,201,0.51,0.5,0.35,95.41,1.73,86.38,0.0,48.25,9.58,18.7,35.08,12.33,26.57
1995,202,0.51,0.5,0.34,95.24,2.16,94.94,0.0,44.94,9.22,18.89,35.48,11.92,26.5
1995,203,0.51,0.49,0.34,95.09,2.13,93.62,0.0,41.38,8.42,19.21,35.64,10.23,27.47
1995,204,0.51,0.49,0.34,95.15,1.95,78.62,0.0,48.69,10.25,20.65,35.43,13.39,26.27
1995,205,0.5,0.49,0.34,95.19,2.09,61.75,0.0,47.62,9.34,18.93,33.21,12.01,27.19
1995,206,0.5,0.49,0.34,94.99,1.7,173.81,0.0,39.94,7.63,17.02,36.25,8.69,25.62
1995,207,0.5,0.49,0.33,95.04,2.16,182.62,0.0,37.06,8.3,18.75,36.83,10.19,27.33
1995,208,0.5,0.49,0.32,95.17,2.0,183.25,0.0,37.12,9.46,21.13,38.44,12.2,26.29
1995,209,0.5,0.48,0.32,95.2,2.07,212.12,0.03,48.38,11.35,21.51,36.75,15.02,25.23
1995,210,0.5,0.48,0.32,94.97,1.88,142.75,0.0,46.94,9.83,20.25,34.78,12.77,25.16
1995,211,0.49,0.48,0.31,94.77,2.2,225.75,0.0,47.56,9.89,19.91,34.02,12.79,25.58
1995,212,0.49,0.48,0.32,94.68,1.82,85.88,0.65,53.38,11.17,20.08,33.64,14.72,19.07
1995,213,0.49,0.48,0.32,94.81,1.58,174.38,0.01,52.19,11.41,20.39,35.92,14.98,24.39
1995,214,0.49,0.48,0.31,94.85,2.02,174.44,0.0,45.94,10.25,20.37,37.94,13.18,26.83
1995,215,0.49,0.48,0.31,94.73,1.6,160.94,0.0,47.12,10.25,20.74,36.34,13.14,26.6
1995,216,0.49,0.48,0.3,94.76,1.81,243.06,0.01,51.75,10.38,19.18,34.01,13.33,27.28
1995,217,0.49,0.48,0.3,95.03,1.91,195.12,0.06,46.88,9.52,18.87,35.98,12.08,27.08
1995,218,0.48,0.48,0.3,95.14,2.02,210.38,0.58,47.25,10.5,20.23,36.15,13.76,26.65
1995,219,0.48,0.48,0.32,94.94,1.8,160.31,0.76,52.25,11.35,20.56,36.94,14.76,26.62
1995,220,0.49,0.48,0.38,94.79,1.68,209.19,3.39,58.94,13.18,21.01,33.48,17.33,24.71
1995,221,0.49,0.48,0.41,94.83,1.88,97.75,1.74,57.5,13.85,22.08,36.89,17.98,17.84
1995,222,0.49,0.48,0.39,95.07,3.07,174.0,0.31,37.81,10.01,23.84,41.25,12.8,16.8
1995,223,0.48,0.48,0.36,95.33,3.6,239.94,0.01,43.06,11.11,23.82,41.21,14.4,20.12
1995,224,0.48,0.48,0.38,95.57,3.05,324.5,1.21,68.81,14.04,20.01,31.18,18.4,26.01
1995,225,0.48,0.48,0.38,95.34,3.23,314.12,0.29,70.75,12.63,18.06,29.3,16.8,23.01
1995,226,0.48,0.48,0.38,95.12,2.35,242.31,0.73,67.31,12.15,18.49,30.4,16.12,24.74
1995,227,0.48,0.48,0.38,94.98,1.89,139.31,0.75,56.69,11.29,18.4,34.05,14.91,22.49
1995,228,0.48,0.48,0.37,95.12,2.36,197.88,0.01,61.31,10.86,18.43,30.47,14.33,24.99
1995,229,0.48,0.48,0.36,94.86,2.05,239.25,0.0,50.69,9.77,16.65,32.87,12.72,25.63
1995,230,0.48,0.48,0.34,94.71,2.03,236.38,0.33,45.0,9.64,19.99,36.03,12.4,22.45
1995,231,0.48,0.48,0.35,95.14,2.15,190.12,0.24,63.75,11.96,18.44,31.17,15.94,23.05
1995,232,0.48,0.48,0.34,95.15,2.02,157.0,0.0,53.19,10.38,17.7,34.49,13.65,24.73
1995,233,0.48,0.48,0.35,95.04,1.39,228.94,2.62,58.5,11.6,20.32,31.75,15.4,17.62
1995,234,0.48,0.48,0.41,94.87,1.57,147.88,0.94,61.31,12.15,19.73,31.76,16.08,13.43
1995,235,0.48,0.48,0.38,94.76,1.12,102.38,0.03,58.69,12.45,19.59,34.45,16.37,15.04
1995,236,0.48,0.48,0.38,94.79,2.54,300.75,1.01,63.62,12.76,19.99,31.89,16.76,19.98
1995,237,0.48,0.48,0.38,95.29,2.66,342.88,0.35,70.19,11.6,17.98,26.43,15.48,21.09
1995,238,0.48,0.48,0.38,95.43,2.51,290.19,0.01,66.56,10.68,16.98,27.57,14.25,20.79
1995,239,0.48,0.48,0.37,95.28,1.78,178.69,0.0,60.88,9.95,16.63,29.64,13.05,24.46
1995,240,0.48,0.48,0.35,94.96,2.71,196.5,0.01,57.19,9.64,15.87,32.19,12.48,24.52
1995,241,0.48,0.47,0.35,95.4,3.08,288.81,0.14,63.62,9.46,15.73,25.12,12.26,21.9
1995,242,0.48,0.47,0.34,95.27,1.71,99.75,0.0,59.62,8.61,14.47,28.26,10.62,23.62
1995,243,0.48,0.47,0.34,95.12,1.63,133.12,0.22,63.44,10.31,16.26,30.09,13.6,14.42
1995,244,0.48,0.47,0.35,95.26,1.78,204.31,0.75,65.25,11.11,17.73,28.33,14.89,20.19
1995,245,0.48,0.47,0.34,95.19,1.73,211.75,0.01,49.69,10.13,18.01,34.24,13.37,22.22
1995,246,0.48,0.47,0.34,95.15,2.38,270.62,0.66,53.19,11.54,21.33,32.9,15.31,17.56
1995,247,0.48,0.48,0.44,94.85,2.89,271.38,12.8,64.12,12.63,20.02,31.08,16.78,16.18
1995,248,0.5,0.51,0.56,94.57,2.8,287.19,9.14,68.5,11.29,18.37,27.57,14.76,20.49
1995,249,0.5,0.51,0.49,94.75,2.55,244.19,0.43,68.12,10.8,16.23,27.56,14.25,21.06
1995,250,0.49,0.5,0.47,94.81,2.3,253.62,0.0,58.81,10.01,15.55,32.51,12.88,23.4
1995,251,0.49,0.49,0.47,95.13,3.03,293.56,0.01,62.38,10.8,18.16,29.53,14.33,21.9
1995,252,0.49,0.49,0.46,95.29,1.61,155.44,0.04,64.88,10.62,16.71,31.1,14.16,22.66
1995,253,0.49,0.48,0.45,94.86,1.41,195.25,0.0,55.94,10.93,17.32,34.66,14.4,22.36
1995,254,0.48,0.48,0.45,94.92,1.6,231.44,0.33,61.62,12.39,19.38,34.21,16.33,21.43
1995,255,0.48,0.48,0.45,94.89,2.05,225.44,0.88,59.25,12.51,20.6,33.38,16.55,18.45
1995,256,0.49,0.49,0.52,95.06,4.08,299.62,7.52,70.88,10.8,14.37,27.54,14.12,20.46
1995,257,0.49,0.49,0.48,95.38,2.52,294.88,0.13,68.38,9.03,14.07,24.94,11.65,20.04
1995,258,0.49,0.49,0.46,94.96,2.58,209.25,0.0,50.12,7.26,13.11,29.72,7.99,20.79
1995,259,0.48,0.48,0.46,94.77,2.47,214.88,0.07,51.06,8.36,16.65,29.92,10.24,12.99
1995,260,0.49,0.49,0.51,94.82,1.64,178.0,5.23,64.75,11.11,18.01,28.97,14.67,16.65
1995,261,0.49,0.49,0.48,94.62,3.56,224.12,0.6,58.81,11.47,19.04,33.3,15.2,19.27
1995,262,0.49,0.49,0.47,94.96,1.97,250.38,0.57,67.75,10.44,16.69,28.61,13.76,18.58
1995,263,0.49,0.49,0.48,94.92,1.69,170.12,1.72,66.69,9.64,15.87,26.8,12.57,17.8
1995,264,0.49,0.48,0.47,95.11,1.72,207.38,0.36,67.06,9.4,14.92,26.33,12.15,18.24
1995,265,0.49,0.49,0.5,95.1,2.02,143.5,5.51,73.06,10.44,14.64,27.71,13.62,17.8
1995,266,0.5,0.5,0.56,95.23,2.7,34.0,8.66,82.06,10.8,15.28,22.15,14.4,10.35
1995,267,0.51,0.52,0.56,95.21,2.16,280.94,8.56,83.31,9.64,13.71,18.62,12.69,9.45
1995,268,0.51,0.52,0.53,95.13,2.23,253.69,2.4,78.88,9.16,13.26,19.85,11.85,14.77
1995,269,0.51,0.52,0.53,95.13,1.53,220.81,4.71,75.25,8.91,13.23,21.05,11.41,11.84
1995,270,0.53,0.55,0.62,95.5,1.7,223.5,15.4,84.19,9.46,12.95,18.32,12.44,6.89
1995,271,0.54,0.55,0.59,95.56,2.38,316.62,7.41,78.25,9.34,12.64,22.4,12.26,16.34
1995,272,0.54,0.55,0.53,95.43,1.66,223.75,0.27,74.31,9.34,11.3,24.73,12.08,19.33
1995,273,0.54,0.55,0.61,95.35,1.48,174.12,13.14,79.0,10.5,14.1,25.49,13.97,18.22
1995,274,0.55,0.56,0.55,95.43,1.42,144.06,0.0,71.69,9.52,13.04,27.51,12.45,19.03
1995,275,0.55,0.55,0.53,95.61,2.38,211.56,0.0,54.25,7.93,13.45,29.69,9.64,18.92
1995,276,0.54,0.55,0.52,95.64,2.34,220.0,0.0,58.94,9.77,16.08,28.51,12.76,16.91
1995,277,0.54,0.54,0.52,95.45,1.7,226.31,0.06,61.0,9.77,17.03,28.51,12.85,15.27
1995,278,0.54,0.54,0.53,95.22,1.4,177.88,1.72,65.75,10.56,16.12,27.26,13.99,10.52
1995,279,0.54,0.55,0.55,95.54,1.01,202.12,3.41,83.0,11.05,15.79,20.87,14.77,13.63
1995,280,0.54,0.55,0.54,95.76,1.39,109.5,1.2,81.25,11.11,14.37,23.83,14.87,12.37
1995,281,0.54,0.55,0.54,95.75,1.49,96.06,1.05,77.5,10.68,14.83,24.99,14.23,16.32
1995,282,0.54,0.55,0.53,95.55,1.62,110.5,0.24,68.94,9.4,13.79,26.19,12.16,16.55
1995,283,0.54,0.54,0.54,95.33,1.77,95.06,1.35,77.56,9.58,13.58,22.27,12.58,12.55
1995,284,0.54,0.54,0.52,95.24,1.18,134.81,0.1,72.0,8.61,12.52,22.38,10.9,11.98
1995,285,0.54,0.54,0.53,95.33,1.77,231.25,1.0,67.31,8.54,11.48,25.33,10.87,15.58
1995,286,0.54,0.54,0.53,95.47,1.16,207.31,0.63,65.38,8.91,13.66,24.01,11.53,13.72
1995,287,0.54,0.54,0.52,95.42,1.35,252.5,0.0,62.69,8.67,12.58,26.83,10.9,16.78
1995,288,0.55,0.55,0.62,95.45,1.82,320.88,16.25,90.31,11.05,14.46,19.19,14.79,11.97
1995,289,0.55,0.57,0.59,95.29,1.41,315.62,3.52,84.19,9.46,12.73,18.3,12.39,4.8
1995,290,0.55,0.56,0.56,95.62,1.77,93.44,0.43,78.62,8.48,11.62,20.38,10.69,14.36
1995,291,0.55,0.56,0.55,96.03,2.26,19.88,0.05,81.75,9.46,12.9,21.47,12.48,13.69
1995,292,0.55,0.55,0.55,95.97,1.76,21.06,0.03,78.81,8.97,12.79,21.69,11.71,13.66
1995,293,0.55,0.55,0.54,95.65,1.46,97.31,0.0,75.5,7.87,10.82,21.19,9.63,11.19
1995,294,0.55,0.55,0.54,95.28,1.16,101.56,0.01,74.31,7.93,9.29,21.54,9.68,12.96
1995,295,0.55,0.55,0.54,95.32,1.12,121.56,0.04,75.69,8.48,12.01,21.64,10.69,13.91
1995,296,0.55,0.55,0.53,95.56,1.5,101.5,0.0,74.56,8.06,11.05,22.48,9.93,15.72
1995,297,0.55,0.55,0.53,95.6,1.25,117.75,0.0,67.5,7.57,10.4,23.97,8.99,15.38
1995,298,0.55,0.55,0.53,95.67,1.62,201.19,0.0,63.62,7.26,10.45,24.31,8.38,15.63
1995,299,0.55,0.55,0.52,95.76,1.52,235.56,0.0,64.56,7.69,10.6,25.87,9.25,15.63
1995,300,0.54,0.54,0.52,95.76,1.88,212.0,0.0,62.75,8.0,11.69,26.09,9.83,15.48
1995,301,0.54,0.54,0.52,95.67,1.6,279.44,0.0,57.88,7.63,13.13,26.92,9.09,15.16
1995,302,0.54,0.54,0.52,95.44,1.4,224.12,0.0,53.81,8.06,14.36,27.74,9.83,11.91
1995,303,0.54,0.54,0.52,95.48,1.55,206.88,0.23,60.44,8.61,14.48,26.91,10.93,9.18
1995,304,0.54,0.53,0.52,95.61,2.23,226.88,0.0,56.38,7.57,13.5,26.78,8.91,13.39
1995,305,0.53,0.53,0.52,95.34,1.29,205.0,0.0,65.25,8.36,13.15,25.93,10.26,10.8
1995,306,0.54,0.54,0.56,94.63,3.95,292.0,8.07,85.44,10.31,12.81,20.01,13.44,10.19
1995,307,0.55,0.55,0.56,94.65,4.9,325.0,3.21,79.0,7.81,11.87,14.46,9.37,6.07
1995,308,0.55,0.55,0.55,94.94,4.8,314.94,1.68,78.44,7.81,9.36,17.01,9.43,10.06
1995,309,0.55,0.55,0.55,95.49,3.33,261.31,1.21,76.31,6.53,8.62,14.36,6.87,3.2
1995,310,0.55,0.55,0.54,95.98,1.56,35.88,0.14,66.38,5.0,6.57,14.95,3.05,10.96
1995,311,0.55,0.55,0.53,95.93,1.65,271.12,0.0,72.25,5.68,4.88,18.27,4.91,13.75
1995,312,0.55,0.55,0.53,95.32,1.84,282.19,0.0,64.5,5.49,6.12,20.72,3.83,13.69
1995,313,0.54,0.54,0.52,95.1,1.7,224.62,0.0,56.81,4.88,5.76,22.64,2.09,13.19
1995,314,0.54,0.54,0.52,94.92,4.52,205.25,0.0,42.81,4.15,8.96,22.23,0.3,12.85
1995,315,0.54,0.54,0.52,94.84,5.09,196.88,0.0,38.44,4.52,9.81,24.46,1.44,8.33
1995,316,0.54,0.54,0.53,94.92,3.09,251.69,7.27,57.56,7.08,11.19,25.12,7.3,12.01
1995,317,0.55,0.55,0.57,95.47,3.91,295.88,2.03,77.69,7.51,10.83,16.58,8.92,11.57
1995,318,0.55,0.55,0.55,95.44,3.2,295.31,0.91,77.06,7.14,10.4,15.71,8.28,10.7
1995,319,0.55,0.55,0.54,95.29,1.73,249.0,0.06,70.62,6.59,9.15,18.99,6.94,11.76
1995,320,0.54,0.55,0.52,95.18,4.02,216.62,0.0,51.62,5.43,9.56,24.26,4.17,12.26
1995,321,0.54,0.54,0.52,95.22,3.23,257.69,0.0,58.56,6.9,11.49,24.75,7.29,12.47
1995,322,0.54,0.55,0.58,95.46,3.57,294.31,8.34,86.88,10.19,12.24,20.73,13.48,5.78
1995,323,0.55,0.55,0.57,95.87,2.63,340.94,1.8,88.5,8.0,9.66,13.78,9.93,4.56
1995,324,0.55,0.55,0.55,95.82,1.88,303.94,0.07,82.25,6.84,6.11,17.05,7.63,12.68
1995,325,0.55,0.55,0.55,95.72,1.26,210.62,0.04,83.12,7.81,7.56,20.05,9.62,10.53
1995,326,0.55,0.55,0.55,95.54,3.16,227.25,2.04,69.56,7.02,9.82,22.01,7.94,8.86
1995,327,0.55,0.55,0.55,95.38,1.88,224.44,0.06,72.25,6.1,6.88,17.01,5.94,9.78
1995,328,0.55,0.55,0.55,95.0,1.21,262.56,0.47,80.62,6.35,6.51,14.15,6.49,10.15
1995,329,0.55,0.55,0.54,94.68,1.66,212.69,0.33,76.44,6.23,6.88,17.48,6.06,12.02
1995,330,0.55,0.55,0.55,94.51,2.56,238.75,2.01,75.88,5.98,6.96,12.99,5.44,3.57
1995,331,0.55,0.55,0.55,94.92,1.81,289.06,0.07,74.44,5.49,3.93,14.94,4.23,11.27
1995,332,0.55,0.55,0.54,95.16,0.95,191.81,0.06,67.31,5.13,4.83,15.52,3.37,9.99
1995,333,0.55,0.55,0.54,94.93,1.82,195.88,0.02,70.31,4.82,3.87,15.58,2.5,7.8
1995,334,0.55,0.55,0.55,94.79,1.34,275.0,1.4,86.0,7.08,5.65,15.87,7.86,8.48
1995,335,0.55,0.56,0.61,95.39,1.52,145.44,8.48,92.75,7.93,8.79,14.51,9.77,4.44
1995,336,0.55,0.57,0.59,95.8,1.37,88.56,3.61,87.44,7.26,8.53,14.9,8.56,5.1
1995,337,0.56,0.58,0.63,95.31,2.77,281.38,13.01,89.81,7.2,7.15,13.19,8.26,4.75
1995,338,0.58,0.59,0.63,94.83,2.54,301.94,3.29,89.0,7.2,7.62,13.44,8.21,4.71
1995,339,0.58,0.59,0.59,94.09,2.97,239.62,0.31,78.31,5.8,6.73,13.95,4.93,9.18
1995,340,0.58,0.59,0.61,94.59,2.84,282.25,3.13,88.44,6.1,4.57,11.02,5.8,5.96
1995,341,0.58,0.59,0.59,94.98,3.33,201.31,0.04,73.25,4.94,2.67,15.9,2.8,11.03
1995,342,0.58,0.59,0.59,95.17,1.67,213.0,0.0,72.94,5.13,3.17,15.55,3.3,8.22
1995,343,0.58,0.58,0.59,95.48,1.26,132.56,0.0,70.31,4.94,3.95,16.77,2.75,11.21
1995,344,0.58,0.58,0.59,95.59,1.25,170.25,0.0,67.06,4.94,3.31,16.95,2.9,9.9
1995,345,0.58,0.58,0.58,95.4,1.47,151.38,0.0,70.81,5.25,4.5,16.9,3.65,9.25
1995,346,0.58,0.58,0.59,95.01,1.79,283.75,0.98,83.62,5.98,5.24,13.45,5.34,9.65
1995,347,0.58,0.58,0.61,94.8,2.3,290.12,3.8,91.31,7.02,5.98,13.63,7.85,8.03
1995,348,0.58,0.59,0.59,94.44,3.33,191.56,0.15,70.56,5.25,4.42,17.45,3.58,8.31
1995,349,0.58,0.58,0.58,94.43,6.27,193.38,0.19,59.5,4.82,6.77,17.1,2.35,6.64
1995,350,0.58,0.58,0.58,94.77,3.76,211.62,0.19,77.25,6.9,7.23,19.01,7.55,9.78
1995,351,0.58,0.58,0.59,95.43,1.98,287.0,0.83,89.12,7.32,6.91,15.46,8.64,8.01
1995,352,0.58,0.58,0.58,95.58,1.95,283.31,0.17,83.19,6.23,5.47,14.3,6.14,9.5
1995,353,0.57,0.58,0.58,95.16,1.97,260.06,0.0,72.38,5.31,4.34,16.68,3.74,10.37
1995,354,0.57,0.58,0.58,95.32,1.67,279.31,0.74,84.44,6.65,5.24,15.58,7.03,8.42
1995,355,0.57,0.58,0.58,95.61,1.74,226.12,0.06,80.31,6.35,5.51,17.69,6.48,10.64
1995,356,0.57,0.57,0.57,95.36,3.66,214.38,0.0,75.19,6.35,6.55,19.15,6.53,10.59
1995,357,0.57,0.57,0.57,95.12,3.32,221.69,0.0,67.62,6.29,8.08,18.92,6.3,5.91
1995,358,0.57,0.57,0.57,95.04,3.41,249.06,0.0,80.38,7.87,9.8,18.3,9.58,9.16
1995,359,0.57,0.57,0.57,94.89,2.91,236.69,0.0,77.88,7.63,8.95,20.95,9.11,10.37
1995,360,0.57,0.57,0.56,94.47,3.76,236.12,0.0,73.25,7.51,9.55,20.27,8.76,9.99
1995,361,0.57,0.57,0.56,94.63,3.62,258.44,0.71,72.88,6.84,9.8,16.4,7.48,8.67
1995,362,0.57,0.57,0.57,94.62,3.23,269.19,1.16,84.19,7.75,6.9,16.19,9.22,1.88
1995,363,0.57,0.57,0.57,95.08,2.0,237.81,0.25,81.0,6.1,4.97,14.83,5.87,8.06
1995,364,0.57,0.57,0.58,94.5,3.99,223.19,1.52,82.31,7.81,9.31,17.11,9.35,2.32
1995,365,0.57,0.57,0.57,94.26,4.45,260.56,0.58,78.5,7.81,9.64,17.62,9.3,7.9
1996,1,0.57,0.57,0.57,94.51,3.38,269.56,1.01,82.38,8.54,8.91,19.86,10.76,8.62
1996,2,0.57,0.57,0.57,95.11,4.37,287.69,0.26,81.38,7.26,7.22,15.59,8.26,9.12
1996,3,0.56,0.57,0.57,95.31,1.63,281.69,0.03,80.81,5.98,5.4,14.78,5.42,6.9
1996,4,0.56,0.57,0.57,95.16,1.55,253.69,0.08,79.12,5.98,4.21,14.73,5.41,10.52
1996,5,0.56,0.57,0.56,94.37,3.04,230.19,0.12,73.12,6.65,6.97,20.6,7.03,6.43
1996,6,0.56,0.56,0.56,94.21,2.57,258.81,0.21,87.38,8.06,9.44,15.79,9.82,5.2
1996,7,0.56,0.56,0.56,94.54,3.75,248.88,0.53,76.38,7.45,7.7,20.67,8.59,6.71
1996,8,0.56,0.56,0.56,95.2,2.28,255.94,0.02,71.69,5.8,7.11,17.19,5.04,11.2
1996,9,0.56,0.56,0.55,94.57,4.52,200.25,0.0,51.88,4.52,6.52,20.12,1.43,11.03
1996,10,0.56,0.56,0.56,94.17,2.58,274.62,2.54,75.44,5.74,5.26,16.34,4.73,8.01
1996,11,0.59,0.6,0.75,94.18,4.95,321.31,33.83,95.38,7.51,7.88,10.94,8.72,2.38
1996,12,0.6,0.62,0.7,94.01,1.95,249.19,17.42,87.0,6.53,5.65,15.01,6.74,6.83
1996,13,0.64,0.68,0.8,94.14,1.65,202.88,28.56,92.56,6.96,6.58,12.13,7.61,4.04
1996,14,0.65,0.67,0.72,95.01,1.15,128.75,0.83,87.75,7.02,6.25,14.35,7.85,6.27
1996,15,0.65,0.66,0.7,95.52,1.69,221.44,0.01,78.62,5.98,4.89,17.18,5.71,12.15
1996,16,0.64,0.66,0.69,95.66,1.51,145.12,0.0,81.62,5.98,3.86,17.06,5.61,12.23
1996,17,0.64,0.65,0.68,95.34,1.41,177.25,0.0,76.38,5.68,4.62,16.07,4.78,9.79
1996,18,0.64,0.65,0.69,95.01,1.31,160.75,1.0,85.88,5.86,4.73,11.52,5.24,7.98
1996,19,0.64,0.65,0.69,94.8,1.5,160.44,1.65,83.75,5.37,2.62,12.2,4.06,10.87
1996,20,0.64,0.65,0.68,94.59,1.98,218.88,0.38,82.31,5.37,3.48,13.73,4.01,11.96
1996,21,0.64,0.65,0.68,94.81,3.23,201.19,0.0,79.19,5.19,2.76,15.47,3.58,12.52
1996,22,0.64,0.65,0.67,94.64,5.77,203.5,0.0,65.31,4.82,5.7,15.14,2.48,12.0
1996,23,0.64,0.64,0.66,94.5,4.86,207.31,0.0,59.31,4.46,5.7,16.72,1.29,12.29
1996,24,0.63,0.64,0.66,94.06,3.13,206.19,0.0,67.75,5.07,4.54,16.65,2.98,7.09
1996,25,0.63,0.63,0.66,93.82,2.02,242.19,0.0,74.12,5.55,3.98,15.94,4.05,10.58
1996,26,0.63,0.64,0.68,94.51,2.37,268.44,3.4,87.5,5.92,3.06,10.96,5.28,8.26
1996,27,0.63,0.64,0.66,94.76,4.01,205.94,0.0,63.38,4.64,2.72,16.93,1.92,12.27
1996,28,0.63,0.63,0.66,94.51,4.37,202.69,2.24,57.38,4.39,5.08,16.62,1.11,7.86
1996,29,0.63,0.64,0.68,94.14,2.63,240.81,2.61,80.0,5.92,5.0,15.01,5.28,2.96
1996,30,0.64,0.64,0.7,94.42,3.09,292.06,5.47,87.56,6.29,4.6,12.24,6.15,6.17
1996,31,0.64,0.65,0.68,94.64,1.31,216.19,0.69,81.06,6.1,5.83,14.49,5.75,10.56
1996,32,0.64,0.65,0.67,94.64,4.81,206.88,1.17,78.19,6.35,6.22,16.16,6.29,6.1
1996,33,0.64,0.64,0.66,95.07,2.88,231.75,0.0,71.75,5.0,4.43,16.25,2.75,14.07
1996,34,0.63,0.64,0.66,94.91,2.18,209.62,0.26,73.44,5.49,3.19,16.48,4.11,13.4
1996,35,0.64,0.64,0.7,94.16,3.67,257.12,7.02,83.5,6.47,6.23,14.62,6.55,5.13
1996,36,0.65,0.66,0.73,94.39,3.89,296.81,11.21,87.5,5.8,4.89,9.32,5.08,6.45
1996,37,0.67,0.7,0.82,93.36,5.62,277.0,44.36,90.38,6.53,3.87,12.08,6.37,2.04
1996,38,0.7,0.74,0.82,93.89,6.64,306.19,19.74,84.38,5.98,5.41,10.03,5.27,5.95
1996,39,0.71,0.74,0.78,94.37,9.38,316.0,5.26,69.5,5.0,5.31,10.36,2.71,5.9
1996,40,0.71,0.73,0.76,95.19,3.64,267.69,0.29,72.88,4.52,3.65,10.98,1.65,13.72
1996,41,0.71,0.72,0.75,94.92,2.41,258.75,0.33,74.25,5.49,2.49,16.15,3.84,12.42
1996,42,0.71,0.72,0.77,95.1,2.1,325.88,11.69,91.38,6.41,6.01,11.07,6.59,5.86
1996,43,0.72,0.74,0.79,95.43,3.06,315.81,4.27,84.5,5.19,2.02,10.44,3.65,11.75
1996,44,0.72,0.73,0.77,94.92,3.29,269.75,1.3,83.12,5.68,1.53,14.19,4.67,6.23
1996,45,0.72,0.73,0.77,94.59,2.29,237.75,5.72,85.25,6.47,4.33,14.26,6.51,10.06
1996,46,0.73,0.74,0.78,95.19,2.2,119.25,3.9,91.12,5.98,5.2,8.49,5.58,3.52
1996,47,0.73,0.74,0.78,95.46,3.28,343.0,4.49,85.38,5.13,3.22,8.95,3.46,6.69
1996,48,0.73,0.74,0.77,95.69,3.36,317.19,1.39,88.44,5.49,3.28,9.12,4.44,3.46
1996,49,0.73,0.74,0.77,95.51,2.37,285.19,0.14,82.31,5.55,3.83,12.85,4.5,13.31
1996,50,0.73,0.73,0.76,94.25,3.64,240.75,0.35,67.88,4.88,3.76,16.83,2.4,17.58
1996,51,0.73,0.73,0.77,94.07,3.7,267.62,3.61,84.5,5.13,2.45,10.29,3.13,6.99
1996,52,0.73,0.74,0.77,94.47,3.2,267.12,0.99,74.69,3.66,-1.03,8.09,-1.41,10.64
1996,53,0.73,0.74,0.78,94.84,3.85,298.56,7.96,86.94,4.03,0.29,4.32,0.01,7.23
1996,54,0.73,0.75,0.77,95.34,3.3,302.75,0.73,77.12,4.15,0.83,9.53,0.44,9.62
1996,55,0.73,0.74,0.77,95.17,1.85,222.5,0.0,63.31,3.36,-1.54,13.79,-2.45,16.97
1996,56,0.73,0.74,0.77,94.89,3.25,199.25,0.02,64.44,4.15,0.71,13.66,0.25,17.21
1996,57,0.73,0.73,0.76,94.57,2.06,262.31,0.28,75.31,5.49,3.25,15.32,4.09,15.28
1996,58,0.74,0.75,0.83,94.38,3.31,301.69,24.31,92.44,5.55,4.15,7.17,4.41,2.01
1996,59,0.76,0.78,0.84,94.31,4.27,123.12,14.27,95.62,6.35,3.62,9.62,6.19,2.74
1996,60,0.77,0.78,0.81,95.29,2.19,308.5,2.62,88.56,5.98,5.59,10.57,5.72,8.85
1996,61,0.77,0.78,0.8,95.47,2.12,298.19,0.48,86.25,5.62,3.27,12.37,4.69,11.21
1996,62,0.77,0.77,0.79,94.9,2.38,287.69,0.21,79.75,5.19,1.54,14.05,3.37,18.14
1996,63,0.77,0.77,0.8,94.7,1.69,209.44,2.22,85.75,5.62,4.13,10.88,4.68,9.54
1996,64,0.77,0.77,0.8,94.75,2.01,214.94,0.57,85.19,5.37,3.42,9.77,4.0,5.92
1996,65,0.76,0.77,0.79,95.48,2.31,158.19,0.13,76.75,4.52,2.23,11.42,1.68,13.24
1996,66,0.76,0.77,0.79,95.04,2.95,195.88,0.01,73.31,4.76,1.95,14.15,2.3,14.13
1996,67,0.76,0.77,0.79,94.15,1.68,267.31,0.66,83.12,5.62,3.28,12.65,4.45,7.03
1996,68,0.76,0.77,0.79,94.75,1.41,220.44,0.37,83.56,6.41,6.01,15.76,6.5,14.99
1996,69,0.76,0.77,0.78,94.77,1.55,207.12,0.96,78.31,6.47,5.76,17.35,6.68,15.11
1996,70,0.76,0.77,0.83,94.27,1.62,276.81,13.69,89.25,7.02,6.91,12.65,7.71,4.94
1996,71,0.77,0.78,0.81,94.5,3.14,316.5,5.22,86.69,6.29,5.7,11.5,6.17,6.25
1996,72,0.77,0.78,0.8,94.3,0.98,214.44,0.31,70.06,5.31,4.4,16.37,3.7,18.01
1996,73,0.77,0.78,0.81,93.68,1.09,135.88,7.25,82.75,7.45,7.21,16.72,8.54,15.4
1996,74,0.79,0.82,0.89,93.7,1.95,298.12,34.49,90.5,6.53,5.04,10.35,6.63,2.77
1996,75,0.8,0.83,0.83,93.84,3.62,263.19,1.79,76.0,5.19,4.07,12.36,3.31,14.94
1996,76,0.8,0.81,0.82,94.42,4.59,263.44,1.75,74.69,4.82,3.35,11.93,2.44,16.29
1996,77,0.8,0.81,0.82,94.92,2.12,303.19,0.06,76.81,5.13,2.23,13.25,3.29,17.6
1996,78,0.8,0.8,0.81,95.08,1.93,315.5,0.19,77.0,5.37,4.8,13.29,4.11,13.43
1996,79,0.8,0.8,0.81,94.9,1.53,216.38,0.05,67.44,4.94,1.96,17.61,2.62,20.87
1996,80,0.79,0.8,0.8,94.81,2.06,243.5,0.03,71.06,6.1,6.03,17.19,5.8,20.27
1996,81,0.79,0.8,0.8,94.86,1.92,236.5,0.35,71.38,7.32,6.6,22.2,8.32,19.54
1996,82,0.78,0.79,0.8,95.22,1.22,219.94,0.11,76.56,8.3,10.47,20.94,10.41,21.88
1996,83,0.78,0.79,0.8,95.27,2.2,218.0,0.0,62.25,7.51,9.75,25.58,8.89,22.28
1996,84,0.77,0.78,0.79,95.38,2.97,211.06,0.0,59.69,7.63,11.01,26.72,9.01,21.85
1996,85,0.77,0.77,0.79,95.33,1.55,216.81,0.0,62.06,8.48,12.65,27.2,10.6,20.48
1996,86,0.77,0.77,0.78,94.81,3.15,249.81,0.05,67.75,8.3,10.76,25.49,10.26,19.38
1996,87,0.76,0.77,0.78,94.89,3.59,288.44,0.39,76.31,7.08,8.19,16.9,7.92,15.24
1996,88,0.76,0.76,0.78,94.98,3.33,282.75,0.36,76.38,6.71,6.94,17.78,7.18,13.91
1996,89,0.75,0.76,0.77,95.01,1.8,251.56,0.0,66.69,6.16,6.59,19.62,5.87,23.96
1996,90,0.75,0.75,0.77,94.54,4.68,263.94,1.46,64.88,6.84,8.44,20.65,7.23,20.28
1996,91,0.75,0.75,0.77,94.97,2.91,297.25,1.48,81.12,7.87,9.53,17.47,9.6,13.23
1996,92,0.74,0.75,0.77,94.51,2.18,232.19,0.24,69.81,7.08,7.73,20.09,7.85,12.38
1996,93,0.74,0.74,0.77,94.43,3.98,280.94,0.58,73.62,6.41,7.28,15.92,6.55,13.29
1996,94,0.74,0.75,0.79,94.89,2.53,302.81,6.58,86.69,6.41,6.41,12.05,6.43,8.92
1996,95,0.74,0.75,0.77,95.22,2.3,249.12,0.05,73.5,5.37,3.94,15.14,3.98,19.02
1996,96,0.74,0.74,0.77,94.62,1.42,164.06,0.05,68.94,5.98,3.19,20.87,5.3,23.09
1996,97,0.73,0.74,0.77,94.88,1.48,206.5,3.97,86.94,7.39,8.83,14.08,8.69,14.17
1996,98,0.74,0.75,0.79,95.31,1.66,113.25,4.91,81.94,6.35,7.03,13.76,6.43,4.5
1996,99,0.74,0.75,0.77,95.53,1.77,302.69,0.85,78.44,5.98,4.89,15.34,5.56,11.3
1996,100,0.74,0.75,0.77,95.58,2.62,309.81,1.07,86.31,7.08,7.16,14.33,8.05,11.82
1996,101,0.73,0.74,0.77,95.43,1.91,271.94,0.1,74.75,6.23,5.7,17.15,6.21,24.08
1996,102,0.73,0.73,0.76,95.05,1.59,209.75,0.0,63.44,5.55,4.62,20.85,4.31,25.61
1996,103,0.73,0.73,0.75,94.73,1.67,192.38,0.0,55.38,5.92,7.12,22.69,5.16,26.15
1996,104,0.73,0.73,0.74,94.87,1.7,235.56,0.0,58.19,6.35,7.94,23.83,6.24,24.62
1996,105,0.72,0.72,0.74,95.12,2.26,275.56,0.0,69.69,7.26,9.96,20.63,8.32,25.49
1996,106,0.72,0.72,0.74,95.37,2.06,294.75,0.0,80.88,7.26,8.14,17.99,8.45,11.43
1996,107,0.71,0.71,0.73,95.28,1.42,140.56,0.18,70.5,6.35,8.05,19.08,6.32,25.91
1996,108,0.71,0.71,0.73,94.76,4.98,257.19,1.28,67.75,6.9,7.23,22.46,7.49,18.15
1996,109,0.7,0.71,0.74,95.22,4.28,317.75,2.91,83.69,6.96,7.37,13.76,7.79,12.18
1996,110,0.7,0.7,0.73,95.31,1.48,115.31,0.11,68.19,6.77,8.01,21.94,7.31,27.18
1996,111,0.7,0.7,0.72,95.06,2.75,202.75,0.0,58.94,6.65,9.23,22.9,7.05,27.08
1996,112,0.7,0.7,0.71,94.84,2.87,207.88,0.0,54.62,6.77,11.28,23.17,7.08,24.49
1996,113,0.7,0.69,0.71,94.63,2.15,205.44,1.4,56.75,7.69,12.01,27.02,9.02,14.22
1996,114,0.69,0.69,0.71,94.86,2.3,270.38,1.71,79.38,8.79,11.78,18.58,11.15,17.92
1996,115,0.69,0.7,0.72,94.72,2.56,135.5,3.81,89.88,9.58,11.59,18.28,12.52,7.25
1996,116,0.7,0.7,0.73,94.39,2.8,86.38,5.18,87.44,9.16,12.08,17.48,11.73,8.0
1996,117,0.7,0.71,0.78,94.17,1.95,303.12,15.58,88.81,8.73,10.36,15.6,10.99,6.63
1996,118,0.71,0.73,0.77,94.38,2.48,298.25,8.25,86.31,8.18,9.22,16.85,10.04,10.42
1996,119,0.72,0.73,0.77,94.33,1.55,172.25,6.85,83.94,8.24,9.51,19.4,10.22,17.71
1996,120,0.73,0.75,0.82,94.01,2.25,214.25,20.76,89.25,7.87,7.88,13.4,9.45,3.21
1996,121,0.74,0.75,0.78,94.21,2.6,279.44,3.35,87.31,7.81,6.76,15.12,9.29,15.41
1996,122,0.73,0.75,0.77,94.42,2.15,232.62,1.53,74.5,7.39,6.94,20.4,8.53,17.96
1996,123,0.73,0.74,0.76,94.55,2.2,268.56,0.55,73.19,7.93,7.89,22.36,9.55,21.85
1996,124,0.73,0.73,0.76,94.51,1.75,229.62,1.76,74.62,8.42,8.69,21.25,10.46,20.11
1996,125,0.73,0.74,0.78,94.6,1.13,185.19,7.64,83.06,9.34,12.02,19.37,12.04,14.27
1996,126,0.73,0.74,0.77,94.8,1.56,272.06,2.59,83.44,9.28,11.01,20.17,11.99,13.01
1996,127,0.73,0.74,0.76,94.55,1.8,169.44,0.54,76.19,9.58,9.91,22.76,12.42,22.3
1996,128,0.73,0.73,0.76,94.56,1.93,180.88,1.42,77.0,9.7,12.65,22.26,12.64,22.5
1996,129,0.73,0.73,0.75,94.62,1.46,162.75,1.65,73.69,9.83,11.21,26.2,12.8,21.81
1996,130,0.72,0.73,0.74,94.43,2.23,216.81,0.17,79.5,9.7,11.72,21.73,12.65,19.72
1996,131,0.72,0.73,0.76,93.93,3.12,247.12,4.21,85.31,8.67,10.36,20.21,10.87,5.21
1996,132,0.72,0.73,0.74,94.47,3.06,277.69,1.53,74.25,7.69,8.87,20.8,9.07,22.5
1996,133,0.72,0.72,0.74,94.99,3.55,281.25,2.01,74.12,6.71,7.0,17.28,7.16,19.38
1996,134,0.71,0.72,0.73,95.28,3.26,307.12,0.3,76.31,7.39,9.31,18.69,8.71,23.98
1996,135,0.71,0.71,0.73,94.75,0.92,213.31,0.12,67.25,7.32,7.75,23.73,8.31,17.74
1996,136,0.7,0.7,0.72,94.57,1.48,205.81,0.0,58.94,8.24,11.2,26.78,9.99,27.84
1996,137,0.7,0.7,0.7,94.68,1.52,178.69,0.0,51.44,8.0,12.15,29.63,9.4,28.04
1996,138,0.7,0.69,0.7,94.7,1.61,206.56,0.0,52.31,8.73,15.56,30.65,10.92,26.7
1996,139,0.69,0.69,0.69,94.61,1.83,195.19,0.06,61.31,9.16,14.95,28.94,11.73,25.08
1996,140,0.7,0.7,0.77,94.81,1.58,259.44,25.66,85.56,10.44,12.59,20.0,13.8,3.69
1996,141,0.71,0.72,0.75,95.43,2.2,233.38,0.86,69.25,7.51,10.8,21.44,8.83,28.74
1996,142,0.7,0.71,0.73,95.69,2.24,49.06,0.03,74.62,8.24,9.59,22.47,10.41,24.83
1996,143,0.7,0.7,0.72,95.95,2.34,50.31,0.0,72.31,7.32,8.86,20.26,8.63,27.81
1996,144,0.7,0.7,0.7,95.78,1.98,76.62,0.0,68.94,6.96,6.92,22.26,7.81,28.78
1996,145,0.7,0.7,0.7,95.45,1.7,165.94,0.0,65.0,7.39,8.15,24.65,8.7,29.24
1996,146,0.69,0.69,0.69,95.31,1.71,212.06,0.0,58.56,8.48,11.24,28.3,10.66,29.73
1996,147,0.68,0.68,0.68,95.47,1.66,170.62,0.0,56.19,8.67,14.83,28.21,11.07,30.25
1996,148,0.68,0.67,0.67,95.49,1.61,218.44,0.0,52.06,7.57,14.22,28.51,9.02,29.19
1996,149,0.67,0.66,0.66,95.45,2.65,313.94,0.0,67.19,8.79,10.93,24.55,11.24,29.16
1996,150,0.66,0.66,0.66,95.33,2.02,278.69,0.0,67.81,8.18,10.77,24.18,10.2,28.75
1996,151,0.66,0.66,0.66,95.34,1.77,109.56,0.0,63.69,8.12,10.7,26.21,10.05,28.73
1996,152,0.66,0.65,0.65,95.49,1.77,88.94,0.0,53.88,7.14,11.33,27.69,8.14,29.8
1996,153,0.66,0.65,0.64,95.35,1.91,198.25,0.0,56.62,8.67,13.47,28.99,10.95,27.82
1996,154,0.65,0.64,0.63,94.89,2.47,241.0,0.32,61.56,9.58,15.23,30.42,12.33,24.81
1996,155,0.65,0.64,0.67,94.83,2.68,267.5,5.69,79.88,9.77,11.87,19.98,12.77,5.18
1996,156,0.65,0.65,0.66,95.23,3.95,299.69,1.62,81.31,9.4,11.63,21.03,12.29,13.06
1996,157,0.65,0.64,0.65,95.47,2.44,316.25,0.51,79.31,9.46,10.63,22.51,12.43,16.56
1996,158,0.64,0.64,0.64,95.45,2.06,229.88,0.25,74.62,9.58,12.55,23.51,12.62,22.63
1996,159,0.64,0.63,0.64,95.52,2.27,85.62,0.22,74.62,10.01,12.45,24.73,13.3,19.31
1996,160,0.63,0.63,0.63,95.44,1.25,110.56,0.09,63.69,10.13,13.36,30.51,13.43,29.19
1996,161,0.63,0.62,0.62,95.33,1.25,161.5,0.65,61.5,10.62,15.83,30.36,14.11,26.6
1996,162,0.63,0.62,0.63,95.48,1.12,185.0,1.71,63.5,11.23,17.01,28.19,14.95,20.94
1996,163,0.62,0.62,0.64,95.72,1.03,123.44,3.31,69.75,11.35,17.35,25.97,15.19,7.96
1996,164,0.63,0.63,0.65,95.78,0.86,127.81,4.29,69.62,11.05,16.79,25.31,14.85,23.61
1996,165,0.63,0.62,0.62,95.6,1.49,142.31,0.08,58.31,9.64,16.52,28.94,12.76,28.68
1996,166,0.62,0.62,0.62,95.36,1.62,247.88,0.46,62.19,9.83,15.48,27.97,12.75,29.24
1996,167,0.62,0.62,0.63,95.18,1.57,98.94,2.92,64.38,10.8,14.8,30.28,14.31,25.89
1996,168,0.62,0.62,0.64,95.06,1.84,96.25,4.54,63.0,10.5,16.76,29.08,13.92,24.92
1996,169,0.62,0.62,0.64,95.18,1.77,85.88,3.83,63.62,10.25,14.98,28.03,13.45,26.31
1996,170,0.62,0.62,0.62,95.3,1.69,77.62,0.01,60.75,9.4,15.66,28.4,12.23,28.72
1996,171,0.62,0.61,0.61,95.1,1.48,230.31,0.04,57.56,10.19,15.49,30.81,13.44,27.98
1996,172,0.61,0.61,0.6,94.85,1.7,210.69,0.0,49.94,9.7,17.83,33.19,12.62,30.28
1996,173,0.61,0.6,0.59,94.72,2.25,232.31,0.13,55.5,11.23,19.29,32.06,14.82,22.64
1996,174,0.6,0.59,0.59,95.13,3.18,283.38,0.21,66.94,10.68,15.18,26.16,14.15,28.49
1996,175,0.6,0.59,0.6,95.26,2.51,47.19,0.78,70.31,9.89,14.87,25.72,13.04,23.36
1996,176,0.6,0.59,0.6,95.3,2.91,44.69,0.37,73.69,9.34,13.55,23.02,12.2,19.93
1996,177,0.6,0.59,0.59,95.39,2.43,221.75,0.62,66.62,7.69,11.16,21.96,9.24,24.74
1996,178,0.59,0.59,0.59,95.59,2.12,183.94,0.2,67.25,8.12,12.23,23.53,10.18,27.87
1996,179,0.59,0.59,0.59,95.83,2.1,87.38,0.0,62.5,7.87,11.53,26.13,9.61,29.4
1996,180,0.59,0.59,0.59,95.69,1.44,166.38,0.77,59.12,9.4,13.03,30.23,12.35,30.07
1996,181,0.59,0.58,0.58,95.52,1.58,164.56,0.0,53.56,8.85,16.08,30.53,11.39,30.57
1996,182,0.59,0.58,0.57,95.35,1.48,139.12,0.0,46.94,8.48,16.48,33.13,10.52,30.2
1996,183,0.58,0.57,0.56,94.96,1.91,211.5,0.0,49.62,10.13,17.93,34.74,13.34,28.84
1996,184,0.58,0.56,0.56,94.8,2.02,230.88,0.1,64.19,12.15,18.48,31.61,16.15,16.3
1996,185,0.57,0.56,0.56,95.24,2.09,100.44,0.0,70.81,11.6,16.27,28.94,15.52,27.83
1996,186,0.57,0.56,0.55,95.36,1.71,161.38,0.0,60.75,11.35,15.0,34.02,15.16,28.55
1996,187,0.57,0.55,0.52,95.03,2.77,228.25,0.0,49.25,10.68,20.37,35.88,14.08,27.14
1996,188,0.56,0.55,0.52,94.81,1.52,256.31,0.0,52.69,11.17,19.69,33.6,14.76,26.19
1996,189,0.56,0.55,0.5,94.55,2.33,281.44,0.0,50.62,11.29,20.44,36.12,14.94,25.71
1996,190,0.56,0.55,0.5,95.3,3.75,217.12,0.0,64.31,10.07,15.59,25.8,13.28,24.31
1996,191,0.55,0.55,0.49,95.94,2.74,172.0,0.0,59.5,8.0,13.71,25.41,9.93,28.49
1996,192,0.55,0.55,0.49,95.75,1.38,41.75,0.0,54.38,7.57,13.2,28.31,8.9,27.52
1996,193,0.56,0.55,0.59,95.41,2.16,74.62,10.99,73.19,10.56,16.12,23.71,14.14,11.08
1996,194,0.56,0.56,0.56,95.39,2.23,224.69,0.11,68.69,10.01,15.19,26.55,13.25,26.78
1996,195,0.56,0.56,0.59,95.42,2.23,77.75,4.65,68.56,10.07,14.3,27.02,13.34,27.55
1996,196,0.56,0.56,0.55,95.58,2.09,86.5,0.0,59.94,8.61,13.3,28.75,10.69,27.5
1996,197,0.55,0.55,0.54,95.47,1.98,91.75,0.11,52.5,8.3,14.23,30.94,10.28,18.58
1996,198,0.55,0.55,0.52,95.33,2.09,80.12,0.01,56.0,9.95,16.65,32.24,13.09,27.8
1996,199,0.55,0.55,0.51,95.13,1.54,157.19,0.52,51.38,10.25,18.32,34.38,13.45,24.46
1996,200,0.55,0.55,0.52,95.32,1.83,251.88,1.22,69.75,12.08,18.2,27.58,16.16,26.5
1996,201,0.55,0.54,0.5,95.5,1.79,120.06,0.0,57.69,10.25,17.54,30.51,13.58,26.27
1996,202,0.55,0.54,0.48,95.37,2.09,189.5,0.0,48.5,9.16,16.61,33.35,11.86,25.05
1996,203,0.55,0.54,0.47,95.39,1.69,147.31,0.0,50.56,9.89,19.65,32.76,13.02,23.84
1996,204,0.54,0.53,0.45,95.47,1.86,83.56,0.0,49.19,9.46,18.82,33.32,12.23,26.59
1996,205,0.54,0.53,0.44,95.54,1.74,104.25,0.0,41.44,8.18,17.11,36.59,9.92,25.8
1996,206,0.54,0.52,0.42,95.4,1.52,174.19,0.0,35.25,7.69,19.43,37.94,8.91,25.79
1996,207,0.54,0.52,0.41,95.17,2.54,210.38,0.0,36.19,8.3,19.36,37.26,10.23,27.16
1996,208,0.53,0.52,0.4,94.97,2.66,237.75,0.0,32.62,8.18,22.08,38.21,9.83,26.02
1996,209,0.53,0.52,0.39,95.1,1.47,201.25,0.0,34.06,7.51,19.69,37.26,8.43,26.43
1996,210,0.53,0.52,0.38,95.24,2.0,202.62,0.0,37.12,8.73,20.34,37.77,10.73,24.46
1996,211,0.52,0.52,0.38,95.16,2.38,219.56,0.0,34.75,8.54,21.98,39.3,10.59,25.76
1996,212,0.52,0.51,0.37,95.06,3.04,178.38,0.0,43.12,9.7,19.51,33.97,12.3,24.09
1996,213,0.52,0.51,0.37,95.25,2.22,147.0,0.0,62.19,10.93,17.26,30.37,14.48,24.94
1996,214,0.52,0.51,0.37,95.27,1.91,212.56,0.0,53.81,9.52,15.85,32.68,12.35,28.41
1996,215,0.52,0.51,0.36,95.36,1.91,200.31,0.0,47.44,9.77,17.66,35.2,12.82,27.59
1996,216,0.52,0.51,0.36,95.32,2.0,159.81,0.0,48.38,10.31,20.32,37.09,13.39,26.83
1996,217,0.52,0.51,0.36,95.13,1.66,156.88,0.11,59.0,12.27,19.69,35.21,16.14,22.48
1996,218,0.52,0.5,0.35,94.97,2.16,212.75,0.0,53.06,11.54,19.9,34.98,15.26,28.04
1996,219,0.52,0.5,0.35,95.0,1.68,211.19,0.0,43.12,9.83,21.12,37.35,12.65,27.58
1996,220,0.51,0.5,0.34,95.05,2.13,156.31,0.0,53.88,12.27,21.91,35.6,16.19,24.57
1996,221,0.51,0.5,0.34,95.02,2.48,207.75,0.27,59.12,12.88,21.22,36.34,17.06,22.74
1996,222,0.51,0.5,0.34,95.11,1.9,205.81,0.0,59.75,11.96,19.56,33.19,15.91,27.15
1996,223,0.51,0.5,0.34,94.83,1.36,203.12,0.0,49.69,11.41,19.35,37.72,15.08,26.22
1996,224,0.51,0.49,0.34,94.72,2.57,291.0,0.35,57.5,12.45,20.4,34.78,16.46,24.52
1996,225,0.51,0.49,0.34,94.9,2.03,203.88,0.05,61.06,11.78,18.87,33.48,15.48,26.4
1996,226,0.5,0.49,0.35,94.84,1.76,142.12,0.56,56.12,12.02,19.27,35.59,15.94,23.09
1996,227,0.5,0.49,0.39,94.73,1.86,197.81,5.21,52.5,13.0,22.35,36.87,16.95,19.25
1996,228,0.51,0.5,0.49,94.95,2.37,161.0,3.28,61.12,13.67,21.83,36.01,17.9,18.1
1996,229,0.51,0.5,0.47,95.0,2.58,213.56,0.78,56.88,12.51,20.94,36.77,16.35,25.55
1996,230,0.51,0.5,0.47,95.31,2.41,326.25,2.21,72.81,13.61,18.92,30.19,17.98,18.52
1996,231,0.51,0.5,0.45,95.25,1.95,223.5,0.02,60.75,10.07,17.03,30.12,13.01,25.73
1996,232,0.5,0.5,0.42,95.01,2.05,193.5,0.01,51.62,9.46,15.72,32.75,12.19,22.12
1996,233,0.5,0.49,0.41,94.83,1.82,218.38,0.14,49.75,11.47,21.04,34.7,15.2,22.32
1996,234,0.5,0.49,0.41,94.85,2.65,270.5,1.49,56.75,11.72,20.03,35.36,15.44,18.66
1996,235,0.5,0.49,0.41,95.14,2.46,239.19,0.01,68.06,11.6,18.12,28.4,15.33,25.68
1996,236,0.5,0.49,0.4,95.15,2.13,225.56,0.0,59.5,9.89,15.6,31.01,12.75,25.81
1996,237,0.5,0.49,0.38,94.94,1.88,195.12,0.0,47.69,8.85,17.2,34.11,11.15,25.79
1996,238,0.5,0.49,0.38,95.07,2.2,220.69,0.08,59.12,11.29,18.48,33.28,14.74,24.49
1996,239,0.49,0.48,0.37,95.01,1.74,181.19,0.06,47.62,10.38,20.86,35.82,13.52,10.54
1996,240,0.49,0.48,0.35,94.84,3.79,209.81,0.0,28.56,7.14,23.03,37.97,7.87,19.7
1996,241,0.49,0.48,0.35,95.1,3.23,203.5,0.49,70.31,13.24,18.83,29.29,17.38,17.18
1996,242,0.49,0.48,0.36,95.01,2.41,117.5,0.71,62.44,10.93,17.44,32.23,14.45,23.58
1996,243,0.49,0.49,0.42,95.14,1.88,139.0,5.23,71.38,11.54,16.94,26.76,15.43,14.34
1996,244,0.5,0.5,0.5,95.36,2.48,36.38,1.95,76.69,11.41,16.63,24.14,15.26,6.52
1996,245,0.5,0.49,0.47,95.33,2.32,42.19,0.2,70.56,10.38,15.8,24.95,13.8,23.83
1996,246,0.5,0.49,0.47,95.0,1.91,49.0,1.19,74.56,11.05,15.86,24.11,14.76,16.2
1996,247,0.5,0.5,0.48,94.68,2.38,143.94,3.0,72.25,11.29,15.53,29.31,15.04,14.63
1996,248,0.5,0.5,0.47,95.05,1.89,110.12,0.25,67.94,10.07,15.71,26.81,13.24,22.17
1996,249,0.5,0.49,0.45,95.11,1.52,240.75,0.2,59.5,9.4,15.25,30.1,12.26,21.85
1996,250,0.49,0.49,0.43,95.22,2.27,279.62,0.0,65.25,10.25,16.46,26.69,13.49,22.45
1996,251,0.49,0.49,0.41,95.08,2.64,269.44,0.05,60.0,9.83,16.36,29.09,12.86,22.31
1996,252,0.49,0.49,0.43,94.88,1.88,210.44,1.43,63.5,10.13,17.15,27.1,13.38,22.36
1996,253,0.5,0.51,0.55,94.62,1.2,217.75,16.37,74.31,10.93,16.17,24.96,14.46,17.63
1996,254,0.52,0.52,0.53,94.57,1.91,121.88,1.4,72.62,11.96,17.09,28.51,15.86,15.63
1996,255,0.51,0.52,0.49,94.21,4.74,184.06,0.06,53.31,9.52,16.53,32.42,12.04,18.45
1996,256,0.51,0.51,0.48,94.35,4.21,252.75,0.01,47.44,7.93,16.01,29.52,9.44,22.29
1996,257,0.51,0.51,0.48,94.95,3.05,302.19,0.0,69.75,10.01,15.43,25.43,13.09,21.57
1996,258,0.51,0.5,0.48,95.18,1.95,230.69,0.01,71.62,10.5,15.72,26.97,13.93,20.48
1996,259,0.5,0.5,0.47,95.28,2.04,163.62,0.03,68.12,10.01,13.99,30.18,13.09,20.89
1996,260,0.5,0.5,0.45,95.2,1.85,194.19,0.0,70.38,10.13,14.8,28.13,13.37,19.27
1996,261,0.5,0.5,0.45,94.85,2.13,246.69,0.01,68.81,9.58,13.26,26.74,12.32,13.03
1996,262,0.5,0.49,0.45,94.53,3.49,282.38,0.42,64.62,8.54,14.3,23.9,10.62,18.58
1996,263,0.5,0.49,0.44,94.4,3.33,254.69,0.01,61.25,8.73,13.49,27.58,10.87,15.78
1996,264,0.5,0.49,0.43,94.68,1.31,266.62,0.0,56.38,7.81,13.08,27.26,9.26,20.55
1996,265,0.5,0.49,0.45,94.39,2.44,269.88,2.82,60.38,9.77,16.58,26.64,12.22,8.72
1996,266,0.5,0.5,0.49,94.4,2.86,293.06,1.16,73.88,9.7,13.44,21.62,12.54,6.39
1996,267,0.5,0.5,0.48,94.8,4.18,293.12,0.7,72.25,8.79,13.06,22.13,11.17,12.81
1996,268,0.5,0.49,0.47,95.0,1.72,252.94,0.0,64.88,7.87,11.12,25.85,9.35,18.99
1996,269,0.5,0.49,0.45,95.02,2.27,264.25,0.0,58.69,8.3,13.08,28.14,10.17,19.22
1996,270,0.49,0.49,0.44,95.39,2.8,330.56,0.27,76.06,9.58,13.49,23.0,12.48,15.5
1996,271,0.49,0.49,0.43,95.75,1.92,118.81,0.01,70.81,8.42,12.13,23.78,10.7,17.31
1996,272,0.49,0.49,0.42,95.89,1.72,96.19,0.0,69.19,9.09,13.04,26.63,11.83,18.93
1996,273,0.49,0.49,0.41,95.99,1.52,175.62,0.0,64.38,7.75,12.27,25.62,9.18,18.21
1996,274,0.49,0.48,0.4,95.53,1.52,204.0,0.0,49.5,6.47,10.93,28.4,6.62,17.95
1996,275,0.49,0.48,0.38,95.0,3.74,242.81,0.0,53.0,8.0,15.26,29.6,9.57,19.17
1996,276,0.49,0.48,0.38,95.11,2.77,263.81,0.0,74.62,9.64,13.85,24.27,12.51,15.53
1996,277,0.49,0.49,0.48,95.39,4.45,321.62,8.66,77.12,8.18,12.04,17.83,10.18,9.74
1996,278,0.5,0.5,0.52,95.35,5.02,324.19,2.24,75.25,8.06,12.19,18.62,10.01,11.56
1996,279,0.5,0.5,0.48,94.92,2.7,256.25,0.1,75.69,8.48,11.82,20.25,10.74,9.24
1996,280,0.5,0.5,0.48,94.27,3.97,229.56,0.43,67.81,7.2,9.76,23.27,7.99,14.74
1996,281,0.5,0.5,0.5,94.66,4.06,280.25,2.66,71.81,6.65,8.75,16.94,7.01,16.3
1996,282,0.52,0.52,0.61,94.99,4.62,299.62,18.22,81.94,8.3,11.57,16.62,10.32,5.31
1996,283,0.52,0.53,0.54,95.28,3.98,309.31,1.49,78.5,8.24,12.09,18.15,10.28,4.38
1996,284,0.52,0.53,0.51,95.4,1.6,239.19,0.07,76.62,8.0,10.38,22.15,9.88,16.68
1996,285,0.52,0.52,0.5,95.24,1.75,151.5,0.0,68.88,7.2,9.7,24.18,8.02,17.95
1996,286,0.52,0.52,0.5,94.98,1.33,134.19,0.0,66.56,7.63,9.05,26.59,8.93,16.09
1996,287,0.52,0.52,0.52,94.57,3.56,207.94,2.52,62.75,8.06,13.3,23.37,9.73,12.16
1996,288,0.52,0.52,0.5,94.29,3.99,201.31,0.01,55.06,7.32,12.22,26.22,8.38,9.23
1996,289,0.52,0.52,0.51,94.48,5.4,264.0,3.89,71.06,7.51,10.67,19.3,8.69,9.78
1996,290,0.52,0.52,0.54,94.87,3.94,286.31,2.58,76.62,7.93,10.34,18.48,9.63,8.01
1996,291,0.52,0.52,0.51,95.14,1.84,249.06,0.15,66.94,6.71,9.12,20.73,7.08,15.71
1996,292,0.52,0.52,0.5,95.4,2.14,279.94,0.0,76.19,8.54,10.5,21.72,10.71,12.44
1996,293,0.52,0.52,0.5,95.87,1.48,283.19,0.0,80.5,9.09,10.43,22.76,11.8,14.95
1996,294,0.52,0.52,0.5,96.07,2.5,317.75,0.0,79.12,8.3,10.9,20.41,10.34,14.95
1996,295,0.52,0.52,0.5,95.86,1.4,316.19,0.0,72.69,7.69,11.23,22.04,9.29,16.42
1996,296,0.52,0.52,0.49,95.51,1.7,275.38,0.0,55.06,6.16,10.52,25.13,5.81,15.36
1996,297,0.52,0.52,0.49,95.47,1.52,229.31,0.0,63.81,7.32,11.5,23.78,8.21,16.08
1996,298,0.52,0.52,0.49,95.59,1.38,182.5,0.0,71.0,7.87,9.4,25.83,9.44,16.13
1996,299,0.52,0.51,0.49,95.72,1.73,197.75,0.0,75.56,8.42,10.48,23.1,10.54,15.15
1996,300,0.52,0.51,0.49,96.03,1.38,62.25,0.0,83.0,9.03,12.01,20.12,11.82,10.38
1996,301,0.51,0.51,0.49,96.02,1.2,148.44,0.0,78.56,8.3,10.0,21.39,10.51,11.78
1996,302,0.51,0.51,0.48,95.8,1.51,236.19,0.0,66.94,7.08,10.01,23.35,7.98,15.51
1996,303,0.51,0.51,0.48,95.58,2.15,248.75,0.0,60.38,6.53,9.08,24.68,6.8,15.09
1996,304,0.51,0.51,0.48,95.77,1.85,132.5,0.0,78.0,8.12,10.67,19.76,10.05,11.15
1996,305,0.51,0.51,0.48,96.22,1.59,237.69,0.0,76.0,6.96,8.23,18.4,7.89,13.22
1996,306,0.51,0.51,0.48,96.31,1.62,239.56,0.0,70.88,6.29,6.08,22.43,5.97,14.57
1996,307,0.51,0.5,0.48,96.27,1.51,129.81,0.0,79.94,7.45,7.59,19.01,8.85,11.01
1996,308,0.51,0.5,0.48,96.19,0.96,178.38,0.0,66.88,6.47,9.0,21.8,6.83,14.35
1996,309,0.51,0.5,0.48,95.9,1.97,217.38,0.0,55.12,5.37,7.53,23.76,4.13,14.14
1996,310,0.5,0.5,0.48,95.4,2.93,243.75,0.02,56.62,5.55,9.44,22.43,4.39,12.82
1996,311,0.5,0.5,0.48,95.84,1.74,77.94,0.15,82.38,7.39,8.64,16.13,8.63,4.1
1996,312,0.5,0.5,0.49,96.04,1.27,185.38,1.1,76.25,6.41,7.18,19.25,6.58,13.25
1996,313,0.5,0.5,0.48,96.18,1.27,125.56,0.0,71.81,5.98,6.93,19.6,5.49,13.5
1996,314,0.5,0.5,0.48,96.15,1.09,179.62,0.0,68.38,5.98,6.7,20.76,5.66,12.99
1996,315,0.5,0.5,0.48,95.48,3.23,212.88,0.0,58.06,5.31,7.05,22.9,3.9,13.18
1996,316,0.5,0.5,0.48,94.72,6.18,203.62,0.01,55.81,5.8,9.97,19.93,5.06,7.61
1996,317,0.5,0.49,0.47,94.48,6.12,203.75,0.0,47.88,5.07,10.69,22.08,3.1,13.11
1996,318,0.5,0.49,0.47,94.62,4.98,201.19,0.0,41.56,4.76,10.55,25.3,2.36,11.5
1996,319,0.49,0.49,0.46,94.69,3.27,191.25,0.0,48.38,5.74,11.97,21.05,4.81,11.73
1996,320,0.49,0.49,0.46,94.94,2.72,199.56,0.0,55.38,6.41,11.1,22.66,6.62,9.3
1996,321,0.49,0.49,0.46,95.06,3.23,190.06,0.0,65.5,7.51,13.3,18.55,8.97,7.44
1996,322,0.49,0.49,0.51,94.57,2.71,237.94,4.31,76.56,7.32,6.14,18.3,8.3,2.63
1996,323,0.5,0.5,0.49,94.7,4.04,267.25,0.16,66.75,5.37,5.76,16.42,3.98,10.76
1996,324,0.5,0.49,0.48,95.1,3.12,268.5,0.1,65.62,4.88,6.15,14.4,2.64,10.08
1996,325,0.49,0.49,0.48,94.92,4.3,259.88,0.38,70.38,6.1,5.65,18.08,5.48,12.3
1996,326,0.49,0.49,0.48,95.28,2.46,275.12,0.04,77.75,7.02,7.53,18.83,7.87,12.15
1996,327,0.49,0.49,0.48,95.23,2.79,268.69,0.03,78.62,6.96,6.21,18.65,7.66,12.23
1996,328,0.49,0.49,0.48,95.36,2.07,273.75,0.06,78.25,6.71,6.91,18.79,7.03,11.93
1996,329,0.49,0.49,0.48,95.82,1.73,189.38,0.48,88.06,7.32,8.52,14.97,8.69,2.57
1996,330,0.49,0.49,0.48,95.48,2.66,230.31,0.03,70.94,5.92,6.35,17.67,5.4,10.82
1996,331,0.49,0.49,0.48,94.67,4.34,285.12,1.05,79.88,7.26,9.11,15.48,8.26,2.59
1996,332,0.49,0.5,0.52,94.99,2.68,285.94,3.55,87.81,7.93,9.06,16.86,9.74,7.26
1996,333,0.5,0.5,0.52,94.91,4.18,295.56,4.83,81.62,7.14,7.18,14.33,8.05,3.55
1996,334,0.51,0.51,0.55,95.39,4.2,328.0,5.58,79.81,5.19,5.79,9.23,3.56,3.61
1996,335,0.51,0.52,0.5,95.12,3.61,277.38,0.28,73.19,5.37,2.98,14.35,3.87,10.38
1996,336,0.52,0.52,0.59,94.93,6.27,323.75,13.82,75.62,6.41,8.2,12.42,6.29,7.74
1996,337,0.52,0.54,0.56,95.44,4.21,318.38,4.95,89.81,7.2,7.71,12.87,8.26,4.12
1996,338,0.52,0.54,0.53,95.33,1.59,134.88,0.35,76.25,5.98,6.07,16.58,5.51,10.79
1996,339,0.52,0.53,0.52,94.8,3.75,203.31,0.0,65.81,5.19,6.32,19.49,3.55,10.58
1996,340,0.52,0.53,0.52,94.52,2.82,198.31,0.05,62.56,5.0,6.25,17.93,2.96,6.7
1996,341,0.52,0.52,0.51,94.64,2.75,182.25,0.0,65.12,5.25,5.23,19.86,3.65,10.12
1996,342,0.52,0.52,0.51,94.51,3.04,177.06,0.29,68.44,5.74,5.8,18.88,4.64,7.59
1996,343,0.52,0.52,0.51,94.59,1.34,166.88,0.56,78.75,5.55,2.88,15.09,4.19,8.06
1996,344,0.52,0.52,0.52,94.66,1.69,226.25,0.15,82.31,5.43,3.61,10.38,4.04,5.71
1996,345,0.52,0.52,0.51,94.7,2.68,241.25,0.01,75.81,4.76,2.19,13.27,2.26,8.89
1996,346,0.52,0.52,0.51,95.05,2.81,223.81,0.0,72.06,4.94,3.13,17.08,2.76,10.55
1996,347,0.52,0.52,0.5,95.2,2.67,235.44,0.0,52.44,4.52,5.89,20.9,1.4,8.54
1996,348,0.52,0.52,0.5,94.94,2.78,222.56,0.0,52.62,4.64,6.49,20.95,1.87,10.73
1996,349,0.52,0.52,0.5,94.41,3.65,239.44,0.2,67.81,5.92,7.91,16.19,5.13,6.96
1996,350,0.52,0.52,0.51,94.79,2.2,220.12,0.24,83.56,6.9,7.43,14.86,7.55,6.53
1996,351,0.52,0.52,0.52,95.02,1.6,232.19,1.95,90.19,7.26,7.41,14.87,8.4,4.28
1996,352,0.52,0.52,0.52,95.22,1.31,196.12,0.34,82.5,6.35,6.48,16.55,6.46,10.43
1996,353,0.52,0.52,0.51,94.85,2.95,212.56,0.01,80.94,7.57,6.29,20.5,8.94,10.57
1996,354,0.52,0.52,0.54,94.39,3.09,217.75,4.38,81.12,6.77,7.23,13.01,7.26,0.7
1996,355,0.52,0.52,0.52,94.51,3.52,222.25,0.0,73.94,5.92,5.33,18.63,5.37,10.4
1996,356,0.52,0.52,0.51,94.41,5.09,197.44,0.0,64.31,5.49,6.81,18.63,4.3,6.76
1996,357,0.52,0.52,0.5,94.49,4.0,196.19,0.0,60.69,5.92,7.55,22.08,5.32,5.24
1996,358,0.52,0.52,0.5,94.16,4.48,208.69,0.67,64.44,6.65,9.31,22.26,6.94,9.48
1996,359,0.52,0.52,0.54,94.19,3.47,236.0,5.5,78.56,6.65,7.32,16.1,7.01,6.83
1996,360,0.52,0.53,0.55,94.43,5.06,273.25,4.86,79.56,6.04,7.0,12.69,5.62,3.72
1996,361,0.54,0.55,0.62,94.9,4.77,312.25,13.33,85.88,6.23,6.51,10.47,6.1,2.38
1996,362,0.55,0.56,0.59,95.48,4.2,343.12,4.06,76.69,4.39,2.58,7.83,1.32,3.95
1996,363,0.55,0.55,0.55,94.63,4.13,216.56,0.01,66.12,3.6,-0.93,11.81,-1.56,9.51
1996,364,0.55,0.55,0.57,93.99,3.48,234.31,6.36,73.25,5.19,3.4,15.22,3.09,6.73
1996,365,0.55,0.56,0.57,93.92,3.43,238.81,1.56,76.31,5.68,4.18,15.94,4.62,9.88
1996,366,0.55,0.56,0.55,94.55,4.22,216.88,0.48,71.88,5.25,4.45,16.12,3.62,10.23
1997,1,0.55,0.55,0.55,94.84,4.73,201.38,0.0,57.12,4.21,5.76,16.85,0.52,10.91
1997,2,0.55,0.55,0.54,94.57,4.3,204.06,0.07,62.81,4.88,5.15,18.25,2.58,9.56
1997,3,0.55,0.55,0.54,94.24,3.84,225.5,0.08,73.62,5.37,4.48,16.94,3.93,9.88
1997,4,0.55,0.55,0.54,94.54,4.01,250.25,0.12,73.06,4.46,2.51,11.73,1.33,10.0
1997,5,0.55,0.55,0.54,94.64,2.47,219.81,0.02,74.12,4.7,0.83,14.24,2.09,8.29
1997,6,0.55,0.55,0.55,94.35,3.16,232.81,2.92,65.25,4.52,3.55,14.01,1.42,8.24
1997,7,0.55,0.55,0.56,94.7,4.33,273.81,1.23,86.62,5.0,2.62,8.83,3.01,4.42
1997,8,0.55,0.55,0.55,94.65,4.23,210.69,0.07,70.44,4.64,1.19,16.01,1.83,6.84
1997,9,0.55,0.55,0.55,94.35,4.2,252.5,2.43,81.06,6.16,4.65,14.71,5.85,6.71
1997,10,0.55,0.56,0.6,94.59,4.14,307.94,8.35,84.75,6.23,5.8,11.76,6.07,5.91
1997,11,0.58,0.59,0.69,95.01,4.88,322.25,19.14,90.06,5.92,5.51,8.55,5.52,3.04
1997,12,0.59,0.6,0.64,95.25,3.15,334.5,5.71,84.38,5.55,5.27,10.29,4.64,7.33
1997,13,0.59,0.6,0.63,95.52,1.35,174.94,1.97,93.0,6.53,5.37,11.78,6.89,5.94
1997,14,0.59,0.6,0.61,95.57,1.41,174.94,0.09,79.12,5.74,4.4,15.91,5.01,12.07
1997,15,0.59,0.59,0.6,95.57,1.34,173.94,0.01,75.56,5.37,2.94,17.05,4.1,12.15
1997,16,0.59,0.59,0.6,95.52,1.67,239.25,0.0,78.44,5.62,3.53,16.08,4.76,9.91
1997,17,0.59,0.59,0.59,95.34,2.16,224.12,0.51,77.38,5.86,3.88,17.98,5.32,12.29
1997,18,0.59,0.59,0.6,95.46,1.81,270.81,0.62,81.69,5.68,3.65,14.26,4.88,10.13
1997,19,0.59,0.59,0.59,95.31,3.41,208.44,0.0,64.12,4.88,3.32,17.89,2.72,10.66
1997,20,0.58,0.59,0.59,95.06,4.85,201.31,0.0,59.38,4.76,6.56,16.48,2.37,4.6
1997,21,0.58,0.59,0.59,95.3,3.05,187.0,0.0,61.75,5.13,6.1,15.96,3.33,3.94
1997,22,0.58,0.58,0.58,95.48,2.55,187.25,0.0,55.44,4.94,6.19,18.61,2.78,8.17
1997,23,0.58,0.58,0.58,95.15,2.12,172.81,0.0,59.38,4.94,5.74,19.42,2.7,5.96
1997,24,0.58,0.58,0.59,95.22,1.23,148.31,0.01,77.06,5.49,4.51,11.1,4.24,6.07
1997,25,0.58,0.58,0.59,95.18,1.29,150.31,0.09,90.25,6.04,3.98,11.42,5.73,5.63
1997,26,0.58,0.58,0.6,95.46,1.19,124.75,3.04,92.88,6.53,4.78,11.65,6.91,4.15
1997,27,0.58,0.59,0.61,95.93,0.78,208.25,2.57,85.69,6.35,7.41,13.55,6.65,8.4
1997,28,0.58,0.59,0.6,96.08,1.05,230.88,1.15,84.0,6.23,5.84,14.12,6.29,9.31
1997,29,0.58,0.59,0.59,96.31,1.52,230.25,0.06,75.81,5.62,4.31,16.74,4.93,13.53
1997,30,0.58,0.59,0.59,96.32,1.14,158.94,0.0,74.56,5.62,3.99,17.42,4.9,13.49
1997,31,0.58,0.59,0.59,96.2,0.95,298.38,1.02,89.69,6.9,7.16,12.72,7.79,9.63
1997,32,0.58,0.59,0.59,95.97,1.5,262.56,0.3,90.81,6.96,6.42,14.07,7.96,8.48
1997,33,0.58,0.59,0.59,95.96,1.33,219.19,0.07,80.69,5.92,3.61,14.61,5.55,14.07
1997,34,0.58,0.58,0.59,95.8,1.11,215.38,0.36,78.44,5.8,3.01,14.61,5.18,11.86
1997,35,0.58,0.58,0.59,95.75,1.67,224.0,1.24,80.44,5.98,5.39,14.72,5.69,5.55
1997,36,0.58,0.58,0.59,96.06,1.68,293.81,2.41,85.06,6.29,6.11,14.42,6.37,7.59
1997,37,0.58,0.59,0.61,96.14,3.36,310.19,2.43,82.94,6.04,6.8,12.77,5.9,8.32
1997,38,0.59,0.6,0.67,96.19,2.46,95.62,13.29,88.69,6.23,5.68,11.55,6.33,7.16
1997,39,0.59,0.61,0.62,96.46,1.65,81.19,1.1,84.94,6.16,5.88,14.12,6.22,9.76
1997,40,0.59,0.6,0.62,96.49,1.49,130.25,0.43,80.75,5.43,3.9,15.36,4.35,13.59
1997,41,0.59,0.6,0.61,96.35,1.38,227.56,0.0,70.44,4.94,2.25,17.33,3.05,16.22
1997,42,0.59,0.59,0.6,96.38,1.69,289.19,0.0,71.75,5.13,4.13,16.33,3.37,16.39
1997,43,0.59,0.59,0.6,96.33,1.6,278.38,0.0,73.75,5.62,5.85,16.98,4.77,16.49
1997,44,0.59,0.59,0.59,95.96,2.74,271.38,0.0,74.06,5.92,5.02,18.81,5.43,15.65
1997,45,0.59,0.59,0.59,95.61,2.41,275.31,0.0,78.06,6.35,5.36,17.88,6.5,15.1
1997,46,0.59,0.59,0.59,95.12,4.74,282.81,1.31,78.38,6.23,6.86,14.86,6.09,9.31
1997,47,0.59,0.59,0.59,95.49,3.92,318.06,0.18,76.75,5.19,3.62,12.8,3.51,14.38
1997,48,0.59,0.59,0.59,95.89,1.55,286.69,0.0,75.0,4.94,2.8,15.83,2.98,17.05
1997,49,0.59,0.59,0.59,96.29,1.73,242.31,0.08,81.0,5.74,4.75,14.83,5.22,13.46
1997,50,0.59,0.59,0.59,96.55,1.58,161.06,0.01,76.31,5.62,5.14,16.51,4.75,14.28
1997,51,0.58,0.58,0.59,96.46,1.45,228.75,0.0,72.06,5.25,3.15,17.95,3.8,17.07
1997,52,0.58,0.58,0.58,96.34,1.49,126.56,0.0,60.81,4.76,4.47,21.9,2.33,17.22
1997,53,0.58,0.58,0.58,96.14,1.38,227.94,0.0,55.44,5.0,5.77,23.33,2.92,16.59
1997,54,0.58,0.58,0.57,95.65,2.09,240.0,0.0,56.12,5.62,7.85,22.79,4.53,16.41
1997,55,0.57,0.57,0.57,95.55,1.45,220.5,0.0,68.94,6.65,9.74,20.55,6.9,13.82
1997,56,0.57,0.57,0.56,95.89,1.52,188.38,0.0,68.06,6.35,7.03,22.08,6.47,17.68
1997,57,0.57,0.57,0.56,96.12,1.82,269.19,0.0,59.62,5.31,7.38,24.05,3.76,18.07
1997,58,0.57,0.57,0.56,96.65,2.64,208.62,0.0,79.94,6.35,6.44,16.27,6.63,13.43
1997,59,0.57,0.56,0.56,96.62,2.15,247.75,0.0,74.38,5.25,3.68,15.82,3.97,16.42
1997,60,0.56,0.56,0.55,96.44,1.42,139.44,0.0,66.25,4.52,3.06,17.85,1.55,18.46
1997,61,0.56,0.56,0.55,96.2,1.38,295.38,0.0,57.69,4.39,4.74,18.5,1.08,15.85
1997,62,0.56,0.56,0.55,96.49,1.45,138.31,0.0,77.0,5.8,5.29,18.05,5.37,17.42
1997,63,0.56,0.56,0.55,96.56,1.51,117.06,0.0,62.06,4.58,3.94,20.62,1.75,18.73
1997,64,0.56,0.56,0.55,96.33,1.41,195.62,0.0,43.88,3.66,5.03,21.6,-1.4,19.25
1997,65,0.56,0.55,0.55,96.07,1.7,311.0,0.0,65.5,5.49,5.91,17.67,3.98,18.76
1997,66,0.56,0.56,0.57,95.78,2.33,300.0,3.21,84.0,6.65,6.74,15.57,7.23,12.04
1997,67,0.56,0.56,0.58,95.77,1.09,158.38,2.71,82.44,6.41,7.13,14.51,6.69,11.99
1997,68,0.56,0.56,0.56,96.05,1.88,62.44,0.3,79.12,6.1,5.47,15.69,5.97,12.22
1997,69,0.56,0.56,0.55,96.19,1.98,57.38,0.02,72.19,4.88,4.29,15.08,2.86,13.56
1997,70,0.56,0.56,0.55,95.95,2.92,321.88,0.61,78.44,5.68,2.93,14.31,4.85,14.07
1997,71,0.57,0.57,0.62,96.19,2.48,61.5,7.93,77.06,5.49,5.09,14.87,4.56,12.43
1997,72,0.56,0.57,0.57,96.19,1.38,199.44,0.02,69.44,5.07,4.8,16.83,3.4,19.47
1997,73,0.56,0.57,0.56,95.72,2.39,290.81,0.0,72.19,5.31,3.18,18.18,3.62,21.19
1997,74,0.56,0.57,0.6,95.51,3.91,308.06,10.49,85.06,6.65,5.61,14.24,7.12,13.31
1997,75,0.58,0.59,0.64,95.77,2.62,343.62,6.49,81.88,6.71,7.59,15.5,7.37,15.76
1997,76,0.58,0.59,0.59,95.9,1.51,263.19,0.04,67.06,5.25,5.15,20.08,3.53,21.88
1997,77,0.58,0.58,0.58,95.5,1.66,272.25,0.0,53.88,4.64,4.97,21.21,1.9,21.43
1997,78,0.57,0.58,0.57,95.0,1.86,275.62,0.0,55.06,4.88,6.14,23.0,2.48,22.03
1997,79,0.57,0.57,0.57,95.04,2.59,330.88,0.29,77.81,6.59,7.18,16.65,6.99,15.66
1997,80,0.57,0.57,0.57,95.2,1.49,188.5,0.0,65.19,5.13,5.17,20.35,3.16,22.57
1997,81,0.57,0.57,0.56,95.16,1.73,214.88,0.0,64.56,5.55,6.26,21.16,4.42,22.78
1997,82,0.56,0.56,0.56,94.98,1.4,92.31,0.01,64.69,5.74,6.99,20.67,4.93,22.46
1997,83,0.56,0.56,0.55,94.68,2.23,298.75,0.0,74.12,5.8,5.38,17.55,4.93,21.47
1997,84,0.56,0.56,0.55,94.52,1.84,143.0,0.0,72.0,5.86,5.06,18.59,5.09,19.17
1997,85,0.56,0.56,0.55,95.08,2.43,227.44,0.05,77.56,5.98,6.39,14.37,5.61,9.37
1997,86,0.56,0.56,0.55,95.71,1.7,88.56,0.43,75.06,6.04,5.98,17.58,5.84,17.07
1997,87,0.56,0.55,0.55,95.38,1.59,222.5,0.01,62.62,5.68,6.3,21.45,4.83,23.18
1997,88,0.55,0.55,0.55,94.95,2.81,315.62,0.05,71.75,5.8,6.16,16.55,5.09,18.77
1997,89,0.55,0.55,0.55,95.12,2.57,341.38,0.52,64.31,5.07,6.29,16.46,3.13,19.99
1997,90,0.55,0.55,0.55,95.36,1.84,75.94,1.49,64.31,4.94,5.37,17.36,2.85,22.66
1997,91,0.55,0.55,0.55,95.31,1.73,92.88,0.0,60.19,4.46,4.33,17.4,1.45,23.06
1997,92,0.55,0.55,0.54,95.11,2.18,174.44,0.0,60.94,4.7,4.62,17.71,2.12,22.71
1997,93,0.55,0.55,0.54,95.24,1.39,181.69,0.0,60.75,5.0,4.76,20.69,2.83,24.05
1997,94,0.55,0.55,0.53,95.26,2.1,297.69,0.0,59.0,5.13,5.97,20.9,2.98,24.3
1997,95,0.55,0.55,0.53,95.39,2.57,302.06,0.0,73.62,6.29,6.1,18.68,6.33,24.11
1997,96,0.55,0.54,0.53,95.17,1.86,208.31,0.0,54.56,4.94,5.42,22.54,2.75,24.19
1997,97,0.55,0.54,0.52,94.76,1.95,92.94,0.47,48.06,5.74,11.21,24.55,4.75,14.91
1997,98,0.55,0.54,0.55,95.05,3.7,117.44,4.11,83.94,7.51,8.88,13.13,8.87,6.74
1997,99,0.55,0.56,0.62,95.38,3.88,105.25,10.92,78.06,6.84,8.23,16.98,7.55,11.84
1997,100,0.56,0.57,0.6,95.65,2.73,97.81,4.86,82.94,6.71,7.45,14.83,7.37,8.03
1997,101,0.56,0.56,0.56,95.57,1.84,96.44,0.19,75.25,6.47,6.19,19.58,6.87,15.53
1997,102,0.55,0.56,0.55,95.09,2.09,307.38,0.23,69.38,5.86,6.63,19.38,5.05,24.29
1997,103,0.55,0.55,0.55,95.21,2.05,222.0,0.0,65.38,5.86,5.82,21.03,5.12,26.18
1997,104,0.55,0.55,0.54,95.2,1.62,257.12,0.06,55.94,5.74,6.59,23.72,4.76,25.33
1997,105,0.55,0.55,0.55,95.24,2.01,307.25,1.42,64.88,6.65,8.37,21.87,7.1,25.99
1997,106,0.55,0.55,0.54,94.99,1.76,243.19,0.0,51.06,5.0,7.01,22.73,2.66,26.86
1997,107,0.55,0.55,0.56,94.35,2.23,227.69,5.87,56.25,6.23,8.09,25.65,5.5,22.78
1997,108,0.55,0.55,0.58,94.25,1.88,268.69,2.82,74.25,7.69,10.89,20.69,8.95,19.1
1997,109,0.55,0.55,0.56,94.39,1.56,242.12,1.38,73.69,7.63,10.2,19.57,8.96,17.1
1997,110,0.55,0.55,0.55,93.47,3.39,182.81,1.73,58.31,7.26,11.44,25.51,8.19,15.03
1997,111,0.55,0.56,0.61,92.86,5.7,267.38,12.71,75.19,7.14,8.21,17.05,7.86,11.08
1997,112,0.56,0.57,0.59,94.26,2.35,240.0,0.45,62.06,5.25,6.38,18.87,3.35,26.51
1997,113,0.56,0.57,0.61,94.9,1.38,79.75,8.83,73.25,6.77,5.45,20.14,7.21,20.36
1997,114,0.57,0.58,0.59,95.55,2.17,204.81,0.93,67.69,6.04,7.6,18.9,5.71,20.68
1997,115,0.57,0.57,0.57,95.66,1.87,166.94,0.0,56.62,4.52,4.25,20.8,1.32,27.95
1997,116,0.56,0.57,0.56,95.62,1.73,201.75,0.01,53.31,4.88,5.03,23.49,2.66,28.64
1997,117,0.56,0.56,0.55,95.38,2.73,264.06,0.39,62.56,7.26,7.95,23.9,8.23,23.88
1997,118,0.56,0.56,0.58,95.49,2.91,297.62,3.73,75.88,8.36,12.23,19.65,10.45,19.0
1997,119,0.56,0.56,0.55,95.23,3.13,295.19,0.2,70.44,8.36,11.27,24.88,10.52,25.27
1997,120,0.56,0.56,0.55,95.09,3.3,315.88,0.15,73.31,7.02,8.59,18.94,7.92,20.14
1997,121,0.55,0.55,0.55,95.48,2.54,334.62,0.04,70.75,6.77,9.19,19.44,7.39,22.06
1997,122,0.55,0.55,0.55,95.86,1.86,104.5,0.02,62.31,6.1,8.45,21.41,5.91,26.55
1997,123,0.55,0.55,0.54,95.73,1.41,227.06,0.0,50.19,5.43,6.93,26.39,4.15,27.28
1997,124,0.55,0.55,0.52,95.22,2.7,221.25,0.0,42.19,5.98,10.98,29.09,5.38,27.82
1997,125,0.55,0.54,0.52,94.68,3.3,224.44,0.0,44.38,6.84,14.25,28.79,7.16,27.84
1997,126,0.55,0.54,0.54,94.56,3.06,271.81,1.69,61.12,7.75,11.4,24.19,9.18,17.85
1997,127,0.55,0.54,0.52,94.36,3.52,259.25,0.33,60.5,6.23,8.63,22.63,5.94,25.76
1997,128,0.55,0.54,0.53,95.0,4.24,291.12,1.12,59.62,5.07,6.87,16.47,3.08,24.08
1997,129,0.54,0.54,0.52,95.28,1.73,206.44,0.0,46.69,4.52,4.84,24.67,1.29,27.73
1997,130,0.54,0.53,0.52,95.06,3.34,201.44,0.02,42.12,5.68,10.91,27.61,4.62,26.16
1997,131,0.54,0.53,0.51,94.93,2.45,199.19,0.0,45.69,6.77,14.28,31.49,6.95,23.6
1997,132,0.53,0.52,0.5,94.92,2.01,141.25,0.0,45.69,6.59,13.3,29.81,6.58,24.58
1997,133,0.53,0.52,0.5,94.74,1.47,168.38,0.0,43.44,6.84,13.83,32.17,7.04,26.46
1997,134,0.53,0.52,0.5,94.68,2.05,138.25,0.01,51.94,7.69,14.17,29.44,9.03,23.26
1997,135,0.52,0.52,0.51,94.76,1.64,183.25,0.14,77.94,9.95,14.15,21.94,13.02,15.7
1997,136,0.52,0.52,0.54,94.93,1.35,43.94,3.95,72.06,9.52,13.55,24.61,12.47,23.98
1997,137,0.53,0.53,0.56,95.15,1.38,161.0,6.34,77.69,9.83,13.22,22.24,13.0,18.2
1997,138,0.53,0.53,0.54,95.11,1.83,78.06,2.02,71.81,9.89,13.9,26.1,13.06,26.42
1997,139,0.53,0.53,0.52,94.99,1.66,193.38,0.0,56.19,8.85,15.11,32.81,11.05,27.86
1997,140,0.53,0.52,0.51,94.91,1.89,202.31,0.01,55.94,9.16,16.05,32.21,11.56,27.97
1997,141,0.53,0.52,0.52,95.06,2.1,271.0,1.33,79.69,10.13,12.83,22.35,13.36,21.0
1997,142,0.52,0.52,0.51,95.13,1.82,181.56,0.01,57.31,7.39,11.31,27.52,8.37,28.1
1997,143,0.52,0.52,0.51,94.94,1.67,192.38,0.87,61.25,9.46,14.26,26.26,12.32,20.47
1997,144,0.52,0.52,0.5,94.8,1.34,133.94,0.08,52.69,9.22,15.36,32.47,11.86,27.64
1997,145,0.52,0.52,0.48,94.75,1.66,187.31,0.0,45.06,8.73,17.5,33.43,10.9,29.75
1997,146,0.52,0.51,0.47,94.96,1.84,198.62,0.0,43.69,8.73,18.91,33.9,10.97,28.95
1997,147,0.52,0.51,0.46,94.98,1.55,194.0,2.93,47.62,9.7,18.31,34.61,12.42,24.56
1997,148,0.52,0.51,0.5,94.99,1.19,197.31,1.1,57.06,10.8,19.01,33.23,14.19,24.4
1997,149,0.52,0.51,0.47,95.07,1.84,90.56,0.22,54.62,10.31,18.04,33.91,13.36,22.7
1997,150,0.52,0.51,0.45,94.96,1.48,188.62,0.42,49.5,9.7,18.21,32.74,12.41,14.05
1997,151,0.51,0.51,0.44,94.61,2.28,260.38,0.97,51.88,10.01,17.9,33.12,12.97,26.98
1997,152,0.51,0.51,0.45,94.65,2.26,255.62,0.82,65.81,10.01,16.33,25.95,13.05,21.15
1997,153,0.51,0.5,0.44,95.07,2.43,270.81,0.0,55.5,8.18,13.94,28.54,9.93,29.55
1997,154,0.51,0.5,0.42,95.19,1.91,161.75,0.0,48.25,7.51,13.85,31.57,8.68,30.0
1997,155,0.51,0.5,0.41,94.63,3.32,191.75,1.15,46.81,8.48,16.73,31.15,10.52,17.28
1997,156,0.51,0.5,0.46,94.84,2.88,252.94,2.27,52.44,7.26,13.94,27.15,7.84,25.62
1997,157,0.51,0.5,0.43,95.11,2.4,246.75,0.0,56.06,9.28,14.3,29.83,12.05,30.64
1997,158,0.51,0.5,0.41,95.02,1.94,206.12,0.02,43.94,8.3,15.55,36.62,10.16,29.98
1997,159,0.5,0.49,0.39,95.29,2.45,215.69,0.01,42.5,9.22,19.99,35.44,11.67,27.82
1997,160,0.5,0.49,0.38,95.4,1.84,214.69,0.0,31.44,7.32,20.74,38.9,8.24,29.15
1997,161,0.5,0.49,0.36,95.1,2.72,213.19,0.0,25.25,6.47,21.68,40.3,6.59,26.46
1997,162,0.5,0.48,0.34,94.95,1.99,223.81,0.0,29.69,7.45,21.98,37.62,8.44,27.53
1997,163,0.49,0.48,0.34,94.74,2.92,209.06,0.0,26.56,6.9,22.78,40.43,7.37,25.1
1997,164,0.49,0.48,0.33,94.59,3.11,211.88,0.0,29.12,8.12,23.51,41.03,9.39,25.19
1997,165,0.49,0.48,0.33,94.83,1.94,220.06,0.0,44.56,10.38,21.8,36.13,13.69,26.72
1997,166,0.49,0.48,0.33,95.08,2.03,84.81,0.52,50.0,10.62,20.22,34.75,14.12,28.56
1997,167,0.49,0.48,0.34,95.07,2.06,273.38,0.14,57.5,11.72,19.21,35.05,15.6,25.5
1997,168,0.49,0.48,0.34,94.99,2.11,147.94,0.71,55.44,11.41,19.87,36.2,15.01,22.23
1997,169,0.49,0.48,0.38,94.72,1.87,235.19,3.47,57.5,11.72,19.12,33.71,15.34,24.29
1997,170,0.49,0.48,0.41,94.89,3.57,313.31,0.19,61.75,10.01,16.97,28.85,12.84,28.74
1997,171,0.49,0.48,0.39,94.82,1.59,164.44,0.0,49.44,8.36,15.36,32.88,10.16,29.62
1997,172,0.48,0.48,0.39,94.58,3.2,221.5,1.02,44.31,9.58,19.69,34.67,12.23,12.55
1997,173,0.48,0.48,0.38,94.66,2.7,299.06,0.02,55.06,10.38,18.61,33.08,13.48,28.29
1997,174,0.48,0.48,0.37,95.06,2.68,186.06,0.37,63.75,10.93,17.13,30.23,14.47,26.57
1997,175,0.48,0.48,0.37,95.12,2.73,67.62,0.32,54.75,9.03,15.19,31.03,11.63,28.61
1997,176,0.48,0.48,0.38,94.79,2.05,72.94,1.61,56.94,9.4,14.8,30.28,12.23,26.66
1997,177,0.48,0.48,0.38,94.16,1.92,237.12,0.03,42.69,8.85,17.06,35.55,11.04,24.61
1997,178,0.48,0.48,0.38,93.98,2.93,299.12,2.68,54.38,10.44,18.57,34.23,13.44,25.1
1997,179,0.49,0.48,0.51,94.29,2.32,251.44,15.99,65.62,10.8,16.51,32.12,14.15,28.06
1997,180,0.51,0.52,0.55,94.73,3.25,326.25,5.89,61.81,8.73,15.67,26.65,10.92,16.0
1997,181,0.51,0.51,0.48,95.04,1.99,228.25,0.0,53.56,7.51,14.57,27.47,8.59,28.13
1997,182,0.5,0.5,0.47,94.87,1.84,191.31,0.0,47.75,8.67,14.08,33.74,10.79,28.74
1997,183,0.5,0.5,0.45,94.7,3.77,251.62,0.0,49.0,9.83,17.94,36.18,12.57,28.62
1997,184,0.5,0.49,0.44,95.1,2.34,232.31,0.0,58.31,9.77,16.65,30.36,12.85,29.25
1997,185,0.49,0.49,0.43,95.31,2.49,216.19,0.0,62.38,10.31,16.54,32.37,13.7,26.42
1997,186,0.49,0.49,0.42,95.69,2.86,148.38,0.03,68.81,10.5,15.65,27.27,14.07,17.1
1997,187,0.49,0.48,0.41,95.81,2.75,58.62,0.02,63.94,9.03,14.62,26.46,11.71,24.5
1997,188,0.49,0.48,0.41,95.41,1.72,155.0,0.02,64.25,10.01,13.94,29.98,13.21,26.93
1997,189,0.49,0.48,0.39,95.13,1.95,161.88,0.0,57.5,9.7,16.36,32.16,12.69,27.48
1997,190,0.49,0.48,0.38,94.84,1.84,163.12,0.0,53.0,9.7,15.4,34.76,12.65,26.41
1997,191,0.48,0.48,0.38,94.86,2.39,292.62,0.25,64.69,11.41,17.54,30.48,15.18,23.72
1997,192,0.48,0.48,0.38,95.16,2.53,319.25,0.14,65.69,10.44,15.63,28.49,13.73,24.87
1997,193,0.48,0.48,0.37,95.24,1.63,154.56,0.0,52.81,8.97,15.81,33.12,11.22,27.34
1997,194,0.48,0.48,0.34,95.11,1.91,236.31,0.0,37.19,9.28,18.9,39.45,11.97,23.8
1997,195,0.48,0.48,0.33,95.22,1.54,185.75,0.13,27.81,8.24,25.12,40.5,10.08,19.29
1997,196,0.48,0.47,0.32,95.29,1.9,192.88,0.01,31.5,9.16,25.11,40.96,11.78,23.28
1997,197,0.48,0.47,0.31,95.09,1.42,182.69,0.28,34.06,9.22,23.85,39.17,11.65,19.82
1997,198,0.48,0.47,0.31,95.0,2.07,213.88,0.0,43.31,9.83,21.21,37.71,12.72,23.63
1997,199,0.48,0.47,0.31,95.17,2.67,163.44,0.15,60.38,11.66,19.13,32.48,15.58,22.76
1997,200,0.48,0.47,0.32,95.32,3.02,51.62,0.04,62.06,11.41,18.65,30.6,15.28,22.47
1997,201,0.48,0.47,0.33,95.28,2.62,48.31,0.84,63.88,11.17,17.62,30.19,14.97,23.45
1997,202,0.48,0.47,0.33,94.99,1.33,127.88,0.14,48.0,9.89,17.46,37.99,12.53,22.65
1997,203,0.48,0.47,0.3,94.91,1.73,191.06,0.0,22.69,5.92,21.05,41.84,4.61,27.03
1997,204,0.48,0.47,0.29,95.08,1.73,195.88,0.0,28.31,7.63,23.66,42.01,8.15,23.92
1997,205,0.48,0.46,0.29,95.34,2.96,314.19,0.21,59.12,11.29,19.33,34.05,14.82,15.4
1997,206,0.48,0.46,0.29,95.51,2.36,229.69,0.0,61.0,10.8,17.21,30.58,14.43,25.32
1997,207,0.47,0.46,0.29,95.48,2.31,326.38,0.0,61.25,10.68,16.95,30.96,14.15,27.2
1997,208,0.47,0.46,0.28,95.47,1.89,272.69,0.0,52.0,9.52,17.71,32.45,12.35,26.89
1997,209,0.47,0.46,0.27,95.41,2.03,247.31,0.0,45.5,8.54,17.62,33.96,10.52,26.62
1997,210,0.47,0.46,0.27,95.3,2.09,188.81,0.0,42.12,8.3,17.76,35.4,10.1,26.27
1997,211,0.47,0.46,0.27,95.16,1.69,162.88,0.64,41.0,8.79,19.69,36.51,11.01,25.84
1997,212,0.48,0.47,0.35,95.11,1.92,235.31,5.29,49.0,10.25,19.37,34.4,13.43,23.81
1997,213,0.48,0.47,0.37,95.05,1.93,151.25,0.0,51.81,9.64,17.86,32.02,12.53,25.51
1997,214,0.48,0.47,0.34,95.09,1.73,112.75,0.0,45.06,8.79,18.87,33.59,11.13,27.48
1997,215,0.47,0.47,0.33,95.2,1.96,233.25,0.0,37.56,7.75,18.8,35.49,9.15,27.21
1997,216,0.47,0.47,0.31,95.24,1.48,215.62,0.0,39.56,9.03,21.36,35.23,11.53,24.24
1997,217,0.47,0.46,0.3,95.2,1.39,196.31,0.1,47.25,10.68,21.55,34.26,14.08,22.73
1997,218,0.47,0.47,0.33,94.94,2.15,195.69,2.88,45.81,10.86,21.65,34.98,14.21,24.64
1997,219,0.47,0.47,0.36,94.79,2.41,179.25,1.36,37.94,9.52,22.26,38.65,12.16,25.18
1997,220,0.48,0.48,0.42,94.99,3.53,200.19,3.58,39.69,9.89,23.58,35.98,12.93,20.77
1997,221,0.48,0.47,0.38,95.18,2.14,235.25,0.01,34.19,9.22,23.76,40.22,11.55,21.73
1997,222,0.47,0.47,0.35,95.2,1.79,229.94,0.0,44.06,11.41,23.87,38.96,14.92,22.58
1997,223,0.47,0.47,0.33,95.32,2.59,249.19,0.0,56.44,12.45,21.81,34.25,16.5,24.17
1997,224,0.47,0.46,0.31,95.58,2.62,278.88,0.0,62.06,11.17,18.77,31.01,14.65,26.01
1997,225,0.47,0.46,0.3,95.65,2.17,187.31,0.01,65.06,11.54,17.8,30.59,15.44,23.25
1997,226,0.47,0.46,0.3,95.61,1.92,68.06,0.0,58.0,10.5,18.0,31.6,13.75,25.57
1997,227,0.47,0.46,0.28,95.41,1.83,165.25,0.0,46.12,8.97,18.08,33.62,11.33,25.52
1997,228,0.47,0.46,0.27,95.17,2.14,235.56,0.0,36.5,8.48,20.18,36.57,10.49,24.68
1997,229,0.47,0.46,0.26,95.27,2.16,180.19,0.0,48.19,10.13,20.12,34.71,13.13,24.42
1997,230,0.47,0.46,0.25,95.18,2.26,69.75,0.0,49.38,9.95,19.8,34.8,12.94,24.17
1997,231,0.47,0.46,0.25,95.17,2.08,105.75,0.45,56.69,10.86,18.58,32.83,14.35,24.82
1997,232,0.47,0.46,0.25,95.24,2.05,165.19,0.0,50.81,9.64,17.92,33.85,12.3,24.81
1997,233,0.47,0.46,0.24,95.27,1.87,173.88,0.11,46.88,9.09,18.05,34.56,11.59,23.79
1997,234,0.47,0.46,0.24,95.27,2.02,140.0,0.16,52.12,10.31,19.3,31.83,13.54,23.58
1997,235,0.47,0.46,0.24,95.17,2.06,49.88,0.08,60.25,10.62,18.44,30.4,13.9,21.02
1997,236,0.47,0.46,0.26,95.08,1.45,206.81,1.63,50.31,10.07,16.95,32.55,13.26,21.88
1997,237,0.47,0.46,0.29,94.92,2.57,252.44,0.39,45.88,10.38,22.66,32.83,13.64,10.98
1997,238,0.47,0.47,0.39,94.98,1.59,223.44,5.8,61.56,12.33,20.77,28.8,16.29,15.16
1997,239,0.48,0.48,0.49,95.01,1.4,222.81,2.82,66.31,12.63,19.9,29.7,16.73,22.12
1997,240,0.48,0.48,0.45,95.08,3.51,271.81,1.1,56.75,10.74,19.05,32.99,14.14,22.92
1997,241,0.48,0.47,0.45,95.69,2.64,229.88,0.09,63.0,10.01,15.91,27.55,13.15,22.06
1997,242,0.47,0.47,0.41,95.58,1.95,178.38,0.0,57.69,9.58,14.19,32.16,12.62,23.49
1997,243,0.47,0.47,0.37,95.24,1.82,196.0,0.16,46.75,9.52,18.25,35.43,12.47,23.7
1997,244,0.47,0.47,0.34,95.11,2.36,220.62,0.0,40.31,9.52,20.88,35.62,12.39,23.47
1997,245,0.47,0.46,0.32,95.13,3.41,272.88,0.8,56.56,11.72,20.6,33.25,15.36,17.09
1997,246,0.47,0.47,0.4,95.29,3.14,281.69,3.16,73.62,12.02,16.9,26.4,16.04,16.42
1997,247,0.47,0.47,0.47,95.3,2.89,341.38,4.25,75.12,10.74,15.95,24.05,14.33,14.05
1997,248,0.48,0.48,0.48,95.36,2.55,65.62,1.51,73.06,11.05,16.23,26.55,14.79,18.24
1997,249,0.48,0.48,0.45,95.37,2.64,88.62,0.53,71.62,11.05,15.27,28.01,14.76,19.16
1997,250,0.48,0.48,0.45,95.44,2.0,138.12,0.92,72.44,11.41,16.94,28.0,15.13,19.79
1997,251,0.48,0.48,0.48,95.59,2.37,326.0,3.21,79.06,12.51,17.33,25.91,16.69,14.04
1997,252,0.48,0.48,0.47,95.58,1.8,300.56,0.85,74.81,11.84,17.08,26.88,15.82,19.29
1997,253,0.48,0.48,0.45,95.29,1.64,213.0,0.2,62.0,10.5,15.72,31.11,13.88,22.81
1997,254,0.47,0.47,0.41,95.16,1.65,224.19,0.02,50.5,9.95,17.94,33.12,13.02,18.01
1997,255,0.47,0.47,0.38,95.1,2.45,208.94,0.02,37.44,8.36,20.75,35.26,10.37,21.73
1997,256,0.47,0.47,0.41,95.21,2.02,220.12,3.79,48.5,10.62,20.6,33.27,13.72,19.79
1997,257,0.48,0.48,0.55,95.48,1.57,214.69,14.23,80.75,14.16,19.44,25.55,18.66,10.14
1997,258,0.5,0.52,0.58,95.37,1.74,190.81,11.4,78.81,12.7,17.19,24.93,16.83,8.81
1997,259,0.5,0.52,0.52,95.35,1.35,194.69,2.76,72.69,11.9,16.96,27.77,15.8,15.7
1997,260,0.5,0.52,0.51,95.37,1.67,193.81,1.68,75.75,12.45,17.96,25.53,16.6,13.42
1997,261,0.51,0.52,0.55,95.45,1.4,182.12,6.89,78.19,12.7,18.12,25.9,16.97,19.91
1997,262,0.51,0.52,0.52,95.47,1.49,174.0,2.46,67.38,11.72,18.05,29.44,15.74,20.02
1997,263,0.52,0.52,0.58,95.36,1.23,167.0,12.66,75.81,12.82,18.55,27.49,17.08,12.67
1997,264,0.52,0.54,0.57,95.38,1.48,216.38,6.84,78.25,11.72,17.18,24.5,15.65,14.77
1997,265,0.53,0.54,0.54,95.31,1.69,317.06,1.55,76.56,10.56,15.77,23.89,13.95,16.63
1997,266,0.53,0.54,0.52,95.25,2.74,312.25,0.88,78.69,10.56,14.77,22.94,14.01,16.82
1997,267,0.52,0.53,0.51,95.29,1.53,56.12,0.18,72.75,10.31,15.54,25.7,13.67,16.59
1997,268,0.52,0.53,0.5,95.37,1.61,84.5,0.01,72.88,10.13,14.49,26.51,13.37,17.93
1997,269,0.52,0.52,0.5,95.26,1.35,172.44,0.36,64.0,9.58,14.22,28.48,12.47,19.29
1997,270,0.52,0.52,0.49,94.93,1.87,214.94,0.11,59.12,9.4,14.67,29.78,12.22,19.24
1997,271,0.52,0.52,0.49,94.96,2.18,210.06,0.55,58.0,10.13,16.4,29.18,13.25,15.81
1997,272,0.52,0.52,0.5,95.21,2.48,182.0,1.71,67.62,11.11,17.21,25.13,14.74,9.35
1997,273,0.52,0.52,0.52,95.41,1.4,185.0,2.97,68.0,11.35,18.3,25.4,15.22,12.17
1997,274,0.52,0.52,0.52,95.34,1.27,188.69,1.5,66.38,11.11,17.28,27.15,14.83,12.23
1997,275,0.52,0.52,0.5,95.08,1.42,229.19,0.64,68.38,10.93,16.73,27.95,14.51,17.27
1997,276,0.52,0.52,0.49,95.03,1.36,196.12,0.02,65.56,10.13,15.67,29.36,13.21,18.49
1997,277,0.52,0.52,0.48,95.28,1.3,205.69,0.0,61.88,9.95,16.11,29.73,13.06,18.24
1997,278,0.52,0.52,0.48,95.1,2.51,195.06,0.01,60.12,9.77,16.53,28.9,12.78,15.44
1997,279,0.52,0.51,0.48,94.8,3.99,196.88,0.42,57.88,9.83,16.73,29.18,12.87,16.55
1997,280,0.52,0.52,0.52,94.88,2.73,227.31,4.95,69.88,11.17,17.0,25.57,14.87,9.14
1997,281,0.52,0.52,0.5,95.36,1.98,293.75,0.11,78.5,11.11,15.25,25.03,14.8,15.85
1997,282,0.52,0.52,0.49,95.58,1.62,199.94,0.0,76.0,10.86,13.37,26.58,14.42,17.14
1997,283,0.52,0.52,0.48,95.47,1.91,296.94,0.02,80.81,11.47,15.5,25.05,15.31,16.51
1997,284,0.51,0.51,0.48,95.12,1.76,288.81,0.0,74.56,10.93,13.51,27.44,14.49,16.8
1997,285,0.51,0.51,0.48,94.82,2.83,282.62,0.14,71.12,11.23,15.53,28.86,14.76,15.94
1997,286,0.52,0.53,0.62,94.7,2.63,302.56,24.68,84.81,11.05,13.44,22.71,14.63,9.07
1997,287,0.54,0.55,0.59,95.08,4.26,333.81,5.53,78.31,7.81,11.14,15.69,9.46,6.54
1997,288,0.54,0.55,0.55,95.43,2.79,316.06,0.47,72.12,7.08,10.78,16.57,8.15,7.33
1997,289,0.54,0.55,0.53,95.2,1.66,218.31,0.0,63.5,6.71,8.4,22.58,7.23,16.78
1997,290,0.54,0.54,0.52,95.19,3.27,205.31,0.0,54.31,6.1,9.6,24.61,5.84,16.83
1997,291,0.54,0.54,0.51,95.45,2.7,218.19,0.0,53.38,6.65,11.36,26.12,7.19,16.65
1997,292,0.53,0.53,0.51,95.37,2.56,219.38,0.0,54.56,7.02,12.02,26.94,7.8,16.51
1997,293,0.53,0.53,0.51,95.14,1.67,241.12,0.08,60.31,8.0,11.8,27.26,9.65,8.55
1997,294,0.53,0.53,0.52,94.81,2.62,255.75,1.16,76.38,10.31,15.12,23.27,13.51,5.36
1997,295,0.53,0.53,0.52,94.75,2.16,285.38,0.9,88.25,12.21,14.66,23.4,16.19,9.05
1997,296,0.53,0.54,0.57,94.75,1.64,251.06,9.27,83.75,10.5,13.55,21.73,13.88,6.72
1997,297,0.54,0.55,0.57,94.83,2.55,293.06,4.82,85.12,9.77,11.73,20.98,12.8,9.04
1997,298,0.55,0.55,0.55,95.34,1.69,257.56,0.78,79.69,8.91,11.64,21.55,11.45,11.52
1997,299,0.55,0.55,0.53,95.36,1.3,204.19,0.13,74.62,8.85,10.72,23.3,11.31,15.29
1997,300,0.55,0.55,0.56,95.16,1.58,209.31,4.09,79.12,9.46,11.73,21.65,12.33,12.98
1997,301,0.55,0.55,0.59,94.85,1.88,261.69,8.85,84.12,9.95,13.15,20.44,13.0,8.61
1997,302,0.56,0.57,0.62,94.66,4.28,283.12,9.26,86.0,8.61,9.72,18.23,10.83,6.31
1997,303,0.57,0.59,0.63,95.08,4.49,312.38,7.92,85.31,6.96,9.15,11.64,7.78,6.8
1997,304,0.59,0.62,0.74,95.33,5.02,321.56,29.77,87.69,7.51,9.26,12.83,8.92,2.57
1997,305,0.61,0.63,0.68,95.38,1.21,205.0,1.68,81.88,7.81,8.64,18.15,9.45,12.46
1997,306,0.6,0.62,0.64,95.04,1.38,228.81,0.0,67.56,6.59,6.67,22.06,6.79,14.81
1997,307,0.6,0.62,0.64,94.71,2.02,249.0,1.65,74.5,9.03,11.09,21.87,11.35,10.06
1997,308,0.6,0.62,0.66,94.72,2.63,260.06,4.29,80.75,9.46,11.89,20.85,12.25,9.37
1997,309,0.61,0.62,0.64,94.9,2.46,221.56,0.11,83.0,9.28,10.52,20.95,12.06,8.18
1997,310,0.61,0.62,0.69,94.12,4.66,208.0,18.39,73.81,8.79,12.45,20.88,11.08,1.67
1997,311,0.62,0.65,0.73,94.28,2.36,258.81,7.15,77.31,7.45,8.9,18.12,8.62,5.46
1997,312,0.62,0.64,0.67,95.01,3.24,255.75,0.01,77.69,7.63,8.8,18.85,9.11,7.41
1997,313,0.62,0.63,0.66,95.2,2.62,236.12,0.0,78.19,8.06,9.37,20.55,9.87,11.59
1997,314,0.62,0.63,0.66,95.01,2.38,244.0,0.04,81.5,8.85,10.5,19.95,11.3,8.52
1997,315,0.62,0.63,0.66,94.75,2.18,228.69,0.33,76.0,8.18,10.74,20.9,10.05,10.65
1997,316,0.62,0.63,0.69,94.42,3.45,254.88,6.47,76.75,7.02,8.51,18.33,7.8,5.55
1997,317,0.62,0.63,0.67,94.74,3.38,279.31,0.66,73.69,6.16,8.48,14.37,5.91,11.14
1997,318,0.63,0.64,0.71,94.7,2.9,285.44,9.23,89.69,8.54,10.3,15.8,10.72,2.13
1997,319,0.63,0.65,0.69,95.41,1.3,200.19,0.99,84.69,7.51,9.29,15.9,8.98,7.7
1997,320,0.63,0.64,0.68,95.42,1.51,229.38,0.17,81.62,7.08,7.52,17.81,8.02,12.6
1997,321,0.63,0.64,0.67,95.04,2.02,278.19,0.06,86.12,7.2,5.99,16.72,8.12,11.63
1997,322,0.63,0.64,0.67,94.62,1.41,239.94,0.66,85.56,8.0,8.35,18.01,9.69,9.79
1997,323,0.63,0.64,0.67,94.35,3.43,260.19,0.59,80.75,7.39,8.47,17.7,8.45,6.47
1997,324,0.63,0.63,0.67,94.71,2.73,277.69,0.71,76.44,6.9,8.76,16.92,7.51,7.07
1997,325,0.62,0.63,0.66,94.74,2.9,217.25,0.0,66.31,5.92,6.3,19.23,5.3,11.96
1997,326,0.63,0.64,0.73,93.95,4.94,240.81,22.66,79.38,6.77,8.15,13.48,7.2,5.99
1997,327,0.66,0.69,0.78,94.99,6.5,315.25,15.5,82.81,6.65,8.55,11.81,7.14,5.5
1997,328,0.66,0.68,0.72,94.98,1.48,233.81,0.09,75.69,5.86,5.83,15.37,5.23,10.89
1997,329,0.66,0.67,0.71,94.62,2.09,230.75,0.0,74.38,5.86,4.79,16.94,5.13,11.24
1997,330,0.66,0.67,0.7,94.07,4.05,202.75,0.26,65.31,5.62,7.33,16.59,4.41,8.92
1997,331,0.66,0.67,0.73,94.6,3.05,270.19,7.92,88.25,7.39,6.33,14.31,8.39,4.29
1997,332,0.67,0.69,0.75,95.23,2.29,311.19,6.74,92.06,8.36,10.01,15.13,10.55,5.56
1997,333,0.67,0.69,0.73,95.11,2.95,261.19,2.66,86.75,7.32,7.82,15.73,8.53,4.02
1997,334,0.68,0.7,0.76,94.82,5.13,295.25,12.25,83.25,6.9,7.69,12.62,7.54,3.02
1997,335,0.69,0.7,0.76,94.94,4.51,303.75,5.74,82.5,6.71,7.06,13.17,7.19,5.73
1997,336,0.69,0.7,0.73,94.73,3.14,261.12,0.08,76.69,6.23,5.49,17.65,6.03,11.66
1997,337,0.69,0.7,0.73,94.54,3.02,289.44,0.96,84.69,6.77,7.75,12.63,7.19,5.37
1997,338,0.69,0.7,0.73,94.11,1.34,172.19,0.05,85.19,6.84,6.98,15.94,7.33,4.76
1997,339,0.68,0.7,0.73,93.81,2.5,189.31,0.58,74.5,6.59,7.86,17.71,6.54,10.02
1997,340,0.69,0.7,0.79,94.69,4.16,343.5,16.58,94.19,7.26,7.87,10.8,8.36,1.14
1997,341,0.7,0.72,0.75,95.44,2.79,315.88,0.69,85.81,5.98,6.3,10.51,5.61,6.0
1997,342,0.7,0.71,0.74,95.26,1.6,271.06,0.05,82.94,6.16,6.38,13.72,5.95,10.6
1997,343,0.7,0.71,0.75,95.31,2.33,284.56,3.24,88.44,6.84,6.12,14.25,7.34,6.86
1997,344,0.7,0.71,0.75,95.68,1.97,314.88,0.95,88.56,6.47,6.23,12.73,6.83,8.62
1997,345,0.7,0.71,0.74,95.82,1.66,263.81,0.16,90.0,6.96,5.5,15.35,7.87,9.5
1997,346,0.7,0.7,0.74,95.4,2.39,262.75,4.44,85.5,7.45,6.28,18.7,8.8,8.54
1997,347,0.71,0.73,0.79,95.45,4.32,284.5,11.15,87.31,6.41,6.93,10.24,6.62,4.5
1997,348,0.71,0.73,0.78,95.55,3.11,316.31,6.01,87.0,5.92,5.58,9.63,5.54,4.97
1997,349,0.71,0.73,0.76,94.81,2.29,225.69,0.05,75.69,4.39,0.45,13.76,1.19,10.12
1997,350,0.71,0.73,0.75,94.4,2.97,206.94,0.0,71.31,5.25,3.48,16.32,3.52,5.94
1997,351,0.71,0.72,0.75,94.81,2.8,210.62,0.0,67.5,5.8,6.33,18.69,4.95,9.84
1997,352,0.71,0.72,0.74,94.64,4.35,204.56,0.0,69.06,6.35,8.6,19.54,6.31,8.27
1997,353,0.71,0.72,0.76,94.4,2.2,228.31,3.99,83.81,7.81,8.19,17.62,9.31,5.37
1997,354,0.71,0.72,0.75,94.76,3.29,252.25,0.14,80.0,6.04,4.75,15.33,5.58,9.7
1997,355,0.71,0.72,0.74,95.27,2.8,267.25,0.07,82.81,5.68,4.95,12.71,4.83,9.05
1997,356,0.71,0.72,0.74,95.2,2.07,245.75,0.07,84.88,6.77,4.56,16.3,7.31,10.2
1997,357,0.71,0.72,0.78,95.38,1.8,293.88,14.51,92.94,7.87,9.28,13.77,9.61,0.46
1997,358,0.73,0.75,0.81,96.28,2.93,325.44,10.66,91.12,6.96,8.05,10.52,8.0,3.4
1997,359,0.73,0.75,0.77,96.24,1.09,243.19,0.31,80.44,5.74,4.37,12.8,5.06,10.01
1997,360,0.73,0.74,0.77,95.49,2.87,233.06,6.68,73.44,5.25,3.15,16.44,3.46,7.84
1997,361,0.74,0.76,0.8,95.3,5.07,306.19,8.64,81.06,6.1,7.53,12.01,5.87,6.64
1997,362,0.74,0.76,0.78,95.34,2.48,285.12,1.5,84.31,5.8,4.11,11.85,5.19,6.54
1997,363,0.74,0.75,0.77,94.98,1.73,233.94,0.0,74.06,4.82,2.3,14.62,2.43,10.56
1997,364,0.74,0.75,0.77,94.9,2.75,202.06,0.0,69.56,4.7,2.58,15.3,1.98,8.64
1997,365,0.73,0.75,0.77,94.79,2.11,214.5,0.0,64.69,4.64,3.26,15.06,1.87,8.12
1998,1,0.73,0.74,0.77,94.95,1.75,220.25,0.06,67.12,4.58,2.75,13.77,1.5,5.55
1998,2,0.73,0.74,0.77,95.27,2.18,278.75,0.08,84.0,5.43,3.28,12.7,4.11,6.68
1998,3,0.73,0.75,0.78,95.59,3.96,299.31,3.86,91.44,7.39,6.36,14.16,8.61,5.86
1998,4,0.73,0.75,0.77,95.7,1.79,234.06,0.0,78.25,6.23,5.18,17.62,6.16,10.54
1998,5,0.73,0.74,0.77,95.62,1.49,262.88,0.04,82.88,6.96,6.51,16.15,7.78,8.8
1998,6,0.73,0.74,0.77,95.83,1.2,222.69,0.0,91.12,7.51,7.89,15.05,8.95,7.09
1998,7,0.73,0.74,0.77,96.0,1.52,203.0,0.0,80.81,6.04,4.95,16.24,5.89,11.33
1998,8,0.73,0.74,0.77,96.31,1.41,215.81,0.0,81.19,6.04,3.62,16.26,5.83,11.38
1998,9,0.73,0.74,0.77,96.35,1.44,198.25,0.0,82.0,6.41,3.68,17.7,6.73,11.18
1998,10,0.73,0.73,0.77,96.21,1.65,213.94,0.0,77.06,5.92,3.95,18.63,5.54,11.42
1998,11,0.73,0.73,0.76,95.94,3.21,211.12,0.01,77.88,5.37,4.13,16.58,4.24,10.97
1998,12,0.73,0.73,0.76,95.71,3.3,209.0,0.0,75.25,4.82,3.55,14.58,2.62,5.89
1998,13,0.73,0.73,0.76,95.37,2.55,229.56,0.21,69.44,5.31,4.07,17.76,3.74,9.74
1998,14,0.73,0.74,0.78,95.48,2.84,273.56,8.54,82.5,5.62,3.89,11.65,4.63,7.16
1998,15,0.73,0.75,0.79,95.96,2.34,323.62,4.77,86.44,5.49,4.37,10.12,4.56,7.25
1998,16,0.73,0.75,0.77,95.81,1.59,305.44,0.75,86.44,5.8,4.79,12.02,5.21,11.14
1998,17,0.73,0.75,0.78,95.72,4.34,315.38,2.99,82.75,5.98,5.82,11.6,5.64,6.01
1998,18,0.73,0.74,0.77,95.76,1.48,275.62,0.04,73.62,4.58,2.8,11.97,1.9,10.31
1998,19,0.73,0.74,0.77,95.31,3.25,253.81,0.0,71.75,5.0,1.57,15.49,2.63,12.06
1998,20,0.73,0.74,0.78,95.11,5.54,306.25,5.16,84.75,6.9,5.16,14.9,7.3,4.06
1998,21,0.73,0.75,0.78,95.34,5.52,318.81,2.9,82.94,4.88,4.3,7.64,2.7,6.12
1998,22,0.73,0.75,0.77,95.33,3.05,312.94,1.13,83.81,4.88,3.07,9.17,2.77,7.97
1998,23,0.73,0.74,0.77,95.08,1.21,181.12,0.0,70.0,3.78,-1.28,12.84,-1.22,13.11
1998,24,0.73,0.74,0.77,94.7,1.7,251.25,0.72,76.44,4.88,0.38,14.05,2.37,10.67
1998,25,0.73,0.74,0.77,94.53,2.0,271.44,2.6,89.44,5.68,3.95,9.98,4.69,4.67
1998,26,0.73,0.74,0.77,95.01,1.05,160.31,0.1,87.88,5.49,2.92,11.66,4.36,10.26
1998,27,0.73,0.74,0.77,94.94,2.37,210.62,0.0,72.5,4.58,1.83,15.0,1.76,10.9
1998,28,0.73,0.74,0.77,94.65,2.02,207.0,0.0,73.5,5.07,2.28,16.09,3.14,11.87
1998,29,0.73,0.73,0.77,94.64,1.53,174.75,0.01,78.94,5.86,3.88,15.45,5.03,11.05
1998,30,0.73,0.73,0.77,94.89,1.82,209.25,0.0,78.44,5.92,5.87,16.84,5.33,13.52
1998,31,0.73,0.74,0.78,94.3,4.2,207.75,6.64,81.12,5.98,4.93,13.83,5.49,4.68
1998,32,0.73,0.74,0.77,94.45,2.54,262.5,2.22,84.31,6.59,5.33,15.19,6.81,7.73
1998,33,0.73,0.74,0.77,94.36,2.59,198.94,0.01,79.25,6.77,6.05,18.54,7.23,10.57
1998,34,0.73,0.74,0.77,93.89,3.02,226.69,3.01,81.19,7.57,7.37,17.41,8.8,6.41
1998,35,0.73,0.74,0.77,94.18,2.41,267.31,1.92,83.12,6.59,4.75,15.62,6.68,12.7
1998,36,0.73,0.75,0.79,94.91,1.58,238.69,4.5,87.75,7.02,7.98,13.37,7.9,8.82
1998,37,0.73,0.74,0.77,95.36,1.43,215.38,0.59,88.25,6.65,6.38,13.23,7.23,10.44
1998,38,0.73,0.74,0.77,95.85,1.2,92.0,0.03,84.12,6.29,5.79,13.19,6.5,12.0
1998,39,0.73,0.74,0.77,95.99,1.52,192.19,0.03,84.81,5.49,3.96,14.09,4.44,15.08
1998,40,0.73,0.74,0.77,95.97,1.66,121.31,0.0,76.44,5.25,2.63,16.86,3.64,12.69
1998,41,0.73,0.73,0.77,96.17,1.16,192.94,0.0,75.38,5.55,3.26,18.33,4.67,15.63
1998,42,0.73,0.73,0.76,96.34,1.55,212.06,0.0,78.62,6.04,3.56,18.17,5.85,15.27
1998,43,0.73,0.73,0.76,96.4,1.15,173.62,0.0,73.56,6.16,6.17,19.23,6.17,15.95
1998,44,0.73,0.73,0.76,96.53,1.27,138.06,0.0,76.56,5.92,5.3,18.44,5.55,16.45
1998,45,0.72,0.73,0.76,96.64,1.26,122.75,0.0,77.62,5.8,4.61,18.5,5.23,16.36
1998,46,0.72,0.73,0.75,96.47,1.55,208.06,0.0,68.62,5.49,5.29,19.46,4.3,16.23
1998,47,0.72,0.72,0.75,96.14,1.52,277.0,0.0,75.81,5.86,5.76,17.81,5.22,16.14
1998,48,0.71,0.72,0.75,96.13,1.98,303.44,0.0,87.62,6.65,6.3,14.98,7.18,15.78
1998,49,0.71,0.72,0.75,96.46,1.92,151.12,0.0,87.19,6.47,6.23,13.54,6.99,8.95
1998,50,0.71,0.72,0.74,96.56,1.46,128.69,0.0,70.94,4.94,2.16,16.74,2.98,16.63
1998,51,0.71,0.71,0.74,96.17,1.45,194.44,0.0,57.25,4.33,2.74,19.76,1.06,17.16
1998,52,0.7,0.71,0.73,96.09,1.89,234.69,0.0,52.62,4.21,3.24,20.3,0.66,17.33
1998,53,0.7,0.71,0.75,96.04,2.55,276.31,6.39,69.44,5.86,4.01,19.3,4.81,13.52
1998,54,0.71,0.72,0.77,96.04,4.06,306.69,3.57,76.56,4.94,4.28,9.98,2.97,8.55
1998,55,0.72,0.73,0.8,95.8,3.8,288.31,17.42,88.62,5.37,3.68,8.23,4.14,9.93
1998,56,0.73,0.76,0.83,95.78,3.17,299.56,18.14,89.94,5.86,5.71,8.84,5.38,4.94
1998,57,0.75,0.77,0.82,96.17,2.48,285.38,10.17,91.12,5.98,5.1,10.26,5.76,8.88
1998,58,0.75,0.77,0.8,96.21,1.43,317.25,1.61,84.31,5.8,5.34,13.05,5.38,15.42
1998,59,0.75,0.77,0.78,95.8,1.65,228.69,0.0,69.81,4.82,2.47,17.2,2.48,18.62
1998,60,0.75,0.76,0.77,95.6,2.1,269.56,0.12,71.12,5.49,3.42,18.42,4.12,18.82
1998,61,0.74,0.75,0.77,95.96,1.65,229.0,0.0,81.75,6.23,5.96,15.8,6.2,16.92
1998,62,0.74,0.75,0.77,96.15,1.45,206.31,0.0,72.94,5.43,3.8,17.17,4.34,18.82
1998,63,0.73,0.74,0.77,96.02,2.43,217.19,0.0,58.25,4.94,4.02,21.25,2.8,19.44
1998,64,0.73,0.74,0.76,95.94,2.41,262.75,0.0,59.94,5.74,6.8,22.21,4.83,19.25
1998,65,0.73,0.73,0.76,96.27,1.42,132.31,0.0,69.5,6.41,7.73,20.68,6.64,19.05
1998,66,0.73,0.73,0.76,95.97,1.79,256.25,0.0,59.12,6.1,7.07,23.38,5.79,19.33
1998,67,0.73,0.73,0.75,95.6,2.25,275.56,0.0,65.19,6.53,8.87,22.29,6.78,19.08
1998,68,0.72,0.73,0.76,94.97,4.26,301.25,3.62,76.56,7.02,8.44,17.19,7.87,10.93
1998,69,0.73,0.73,0.77,95.6,4.97,310.0,3.53,74.5,5.19,4.53,11.81,3.56,14.31
1998,70,0.72,0.73,0.76,95.26,1.93,187.88,0.01,56.81,3.85,2.64,15.01,-0.91,18.53
1998,71,0.73,0.73,0.77,94.7,2.84,308.19,5.86,84.69,5.68,5.12,9.8,4.63,10.21
1998,72,0.73,0.73,0.77,95.24,2.29,318.44,2.66,85.69,5.55,5.27,9.51,4.56,12.17
1998,73,0.73,0.74,0.79,95.46,3.28,282.56,6.15,91.81,5.98,5.19,8.83,5.58,6.14
1998,74,0.73,0.74,0.78,95.51,4.4,326.31,4.2,84.62,5.92,5.58,10.94,5.49,7.49
1998,75,0.73,0.74,0.77,95.67,3.02,315.25,1.41,84.38,6.35,6.16,12.85,6.54,14.26
1998,76,0.73,0.74,0.77,95.97,1.62,242.75,0.0,74.56,5.62,4.88,16.9,4.69,21.56
1998,77,0.73,0.73,0.76,95.92,2.13,228.06,0.0,70.31,5.55,4.43,17.67,4.27,21.79
1998,78,0.73,0.73,0.76,96.2,1.54,139.69,0.0,70.25,5.98,5.4,20.62,5.62,21.64
1998,79,0.72,0.73,0.75,95.91,2.15,295.44,0.0,70.0,5.74,6.23,18.08,4.93,22.39
1998,80,0.72,0.72,0.75,95.52,2.1,305.19,0.0,73.94,5.86,5.76,17.29,5.21,22.4
1998,81,0.71,0.72,0.74,95.54,1.91,226.56,0.0,74.38,5.92,5.14,18.27,5.45,22.71
1998,82,0.71,0.72,0.74,95.45,1.49,228.5,0.0,70.88,6.35,5.3,18.58,6.35,21.03
1998,83,0.71,0.72,0.76,95.15,2.98,318.81,6.33,80.75,6.9,6.42,15.43,7.58,16.59
1998,84,0.71,0.72,0.75,95.54,4.91,338.62,0.71,71.56,4.76,4.78,11.81,2.43,15.06
1998,85,0.71,0.72,0.74,95.58,2.88,345.88,0.01,73.56,4.82,4.09,11.73,2.6,13.5
1998,86,0.71,0.71,0.74,95.57,1.48,169.19,0.07,66.56,4.46,2.43,15.77,1.4,23.07
1998,87,0.7,0.71,0.73,95.25,1.48,212.31,0.0,56.75,4.7,2.99,21.65,1.89,22.96
1998,88,0.7,0.7,0.73,94.76,4.16,210.5,0.4,60.5,6.23,7.57,20.09,5.52,15.26
1998,89,0.7,0.71,0.77,95.0,2.54,284.0,10.13,84.75,8.36,10.23,19.49,10.51,16.08
1998,90,0.71,0.72,0.75,95.26,1.91,287.06,2.11,85.81,8.0,8.58,18.04,9.88,15.98
1998,91,0.7,0.71,0.74,95.35,1.83,280.81,0.16,81.94,7.69,7.11,19.1,9.25,20.95
1998,92,0.7,0.7,0.73,95.28,1.91,219.62,0.0,75.88,7.45,8.08,20.87,8.8,23.07
1998,93,0.7,0.7,0.73,95.0,1.92,217.56,0.0,59.0,6.71,8.11,25.51,7.16,23.99
1998,94,0.7,0.7,0.71,94.94,2.49,199.12,0.0,54.75,7.08,11.88,27.15,7.76,23.81
1998,95,0.69,0.69,0.71,95.02,2.01,247.12,0.1,64.06,7.45,10.98,25.03,8.46,23.54
1998,96,0.68,0.68,0.71,95.25,1.35,252.69,0.08,79.19,8.3,10.02,21.37,10.42,19.49
1998,97,0.68,0.68,0.7,94.76,1.94,188.5,0.0,69.06,8.06,10.44,24.7,9.77,19.73
1998,98,0.68,0.67,0.7,94.31,2.19,268.5,0.7,72.56,8.12,11.1,24.83,9.84,23.39
1998,99,0.68,0.68,0.72,94.23,1.86,219.38,3.94,81.88,6.65,7.0,15.77,6.98,10.38
1998,100,0.68,0.68,0.7,94.07,2.82,265.0,1.09,70.38,6.47,6.9,18.11,6.5,19.81
1998,101,0.67,0.67,0.7,94.45,2.98,269.88,0.14,66.69,5.31,4.39,16.41,3.69,20.11
1998,102,0.67,0.67,0.69,95.0,3.46,289.12,0.1,63.75,4.64,4.31,15.16,1.88,23.48
1998,103,0.66,0.66,0.68,94.85,2.4,223.12,0.02,57.12,4.39,2.65,19.65,0.71,24.61
1998,104,0.66,0.66,0.68,94.52,1.17,167.31,0.0,60.56,5.74,6.23,20.96,4.8,26.05
1998,105,0.66,0.66,0.67,94.09,3.49,256.38,1.31,65.38,7.32,9.58,25.26,8.35,25.72
1998,106,0.66,0.66,0.67,94.54,2.84,286.75,0.25,70.81,6.77,7.06,19.37,7.23,24.93
1998,107,0.66,0.65,0.66,94.24,3.79,274.69,0.53,69.31,6.84,7.48,20.29,7.26,21.69
1998,108,0.65,0.65,0.66,94.73,3.1,298.06,0.16,68.5,5.43,6.69,15.05,4.05,18.6
1998,109,0.65,0.65,0.66,95.03,1.54,210.19,0.0,59.56,4.88,3.4,20.53,2.55,25.61
1998,110,0.64,0.64,0.65,95.07,2.3,183.75,0.25,56.75,6.41,8.57,24.44,6.36,19.22
1998,111,0.64,0.64,0.65,94.92,2.07,109.44,2.43,59.5,8.06,11.6,26.93,9.71,16.8
1998,112,0.66,0.67,0.77,94.17,3.44,181.62,26.51,82.81,10.01,12.0,21.19,13.04,15.43
1998,113,0.68,0.7,0.8,94.3,5.3,293.69,37.34,87.62,8.3,10.37,14.69,10.2,6.26
1998,114,0.71,0.74,0.8,95.49,3.38,328.94,9.78,86.81,8.18,9.08,17.15,10.23,21.75
1998,115,0.71,0.73,0.75,95.6,1.53,166.38,0.03,74.5,7.2,8.15,20.29,8.32,24.89
1998,116,0.7,0.71,0.73,94.7,2.87,208.31,0.0,61.31,7.63,9.29,25.97,8.87,26.78
1998,117,0.7,0.7,0.74,94.54,2.46,298.81,3.28,76.81,7.51,8.05,16.47,8.84,8.79
1998,118,0.7,0.7,0.73,94.79,2.6,282.94,0.42,71.69,6.04,6.33,15.9,5.54,22.57
1998,119,0.7,0.7,0.72,94.47,2.38,225.44,0.07,63.06,6.59,5.89,22.94,6.75,26.41
1998,120,0.69,0.69,0.71,94.34,2.72,208.5,0.18,69.0,7.2,9.65,20.39,8.06,24.11
1998,121,0.69,0.7,0.73,94.45,1.72,161.81,5.43,77.88,7.57,10.23,19.74,8.9,10.84
1998,122,0.7,0.7,0.75,94.1,2.95,50.69,9.22,94.44,8.85,10.13,13.98,11.21,18.74
1998,123,0.71,0.72,0.8,93.51,5.61,224.12,18.85,88.62,7.51,8.74,12.97,8.65,4.46
1998,124,0.72,0.73,0.76,94.37,3.27,279.44,2.66,73.06,6.77,7.23,18.76,7.19,25.53
1998,125,0.71,0.72,0.75,94.68,2.52,259.12,1.87,74.5,6.71,5.94,18.44,7.04,16.03
1998,126,0.71,0.72,0.74,95.13,1.93,191.69,0.08,77.81,6.9,7.81,16.6,7.72,25.51
1998,127,0.7,0.71,0.73,95.54,1.98,110.31,0.0,68.19,6.16,5.97,21.04,5.99,27.86
1998,128,0.7,0.7,0.72,95.7,1.67,211.12,0.0,60.06,7.26,7.25,26.16,8.28,29.0
1998,129,0.7,0.7,0.71,95.54,2.27,185.12,0.0,60.5,8.24,12.95,27.23,10.3,27.39
1998,130,0.69,0.69,0.7,95.13,1.34,91.0,0.0,59.0,8.0,11.71,27.99,9.57,27.92
1998,131,0.69,0.68,0.7,94.94,1.12,192.94,0.07,58.56,9.22,15.26,28.05,11.89,27.05
1998,132,0.68,0.68,0.69,95.01,1.47,217.88,0.1,64.5,10.44,16.65,29.06,13.71,23.25
1998,133,0.67,0.67,0.69,94.96,1.97,125.69,1.46,68.5,10.93,14.94,29.17,14.47,28.0
1998,134,0.68,0.69,0.75,94.52,2.34,196.81,15.78,80.81,10.13,10.95,24.84,13.21,25.12
1998,135,0.69,0.7,0.72,94.56,3.14,264.94,4.21,77.81,8.48,9.19,20.4,10.65,23.19
1998,136,0.69,0.69,0.71,94.96,2.84,306.81,1.31,80.69,9.22,11.75,19.56,11.91,26.13
1998,137,0.68,0.69,0.7,95.13,1.83,232.0,0.02,68.75,8.67,10.9,24.34,11.02,28.94
1998,138,0.68,0.68,0.69,95.3,1.9,89.56,0.22,65.19,8.54,12.86,24.7,10.84,26.32
1998,139,0.67,0.67,0.69,95.15,1.7,72.75,1.14,71.38,9.09,12.65,24.45,11.83,27.51
1998,140,0.67,0.67,0.7,95.03,1.29,102.31,4.05,78.44,9.77,13.2,20.89,12.84,22.37
1998,141,0.68,0.69,0.74,95.1,1.29,184.25,13.3,83.25,9.89,12.97,19.44,13.01,20.94
1998,142,0.68,0.69,0.7,95.19,1.49,173.5,0.02,73.12,8.91,12.04,22.75,11.48,27.4
1998,143,0.68,0.68,0.7,94.97,1.16,142.5,0.52,69.5,9.58,12.6,24.94,12.5,24.49
1998,144,0.68,0.68,0.7,94.46,2.1,81.5,1.7,77.19,10.07,13.43,25.03,13.23,16.52
1998,145,0.68,0.68,0.7,94.69,2.41,307.0,4.0,81.19,9.03,11.48,19.48,11.58,26.27
1998,146,0.67,0.67,0.68,94.86,1.85,226.94,0.06,67.88,8.06,9.06,24.8,9.83,27.8
1998,147,0.67,0.67,0.67,94.42,2.54,175.38,0.6,56.81,8.85,12.98,29.41,11.15,28.81
1998,148,0.66,0.66,0.68,94.5,2.97,302.38,2.13,78.06,9.58,12.59,19.92,12.4,23.38
1998,149,0.66,0.66,0.66,95.01,1.96,222.62,0.01,66.38,7.75,10.3,24.1,9.32,28.94
1998,150,0.66,0.66,0.66,94.98,2.06,186.88,0.16,62.69,8.79,11.57,28.08,11.13,22.75
1998,151,0.66,0.65,0.65,95.14,1.48,193.56,0.3,65.56,9.95,15.55,30.31,13.07,25.7
1998,152,0.65,0.65,0.64,95.18,2.13,202.19,0.0,52.12,9.64,15.55,33.59,12.42,28.45
1998,153,0.65,0.64,0.63,94.98,1.96,200.81,0.0,48.88,10.07,17.96,34.12,13.18,27.68
1998,154,0.64,0.63,0.62,94.74,2.52,177.12,0.03,51.31,10.25,17.49,34.08,13.37,13.49
1998,155,0.63,0.62,0.62,94.74,2.57,179.12,0.52,50.25,10.68,18.69,34.8,14.01,19.67
1998,156,0.63,0.62,0.62,94.83,3.19,216.25,4.99,49.0,9.09,18.19,34.4,11.27,25.56
1998,157,0.63,0.62,0.65,95.15,1.81,192.06,3.8,75.75,11.29,15.07,26.1,15.03,15.66
1998,158,0.63,0.62,0.62,95.28,1.8,318.44,0.01,67.81,9.7,14.17,26.18,12.79,28.58
1998,159,0.62,0.62,0.62,95.54,2.03,105.25,0.16,72.94,10.25,13.59,25.9,13.69,28.82
1998,160,0.62,0.62,0.62,95.39,1.32,183.88,0.0,61.56,8.79,14.29,26.14,11.18,29.36
1998,161,0.62,0.62,0.61,94.85,2.29,266.88,0.0,53.88,9.09,15.0,30.19,11.69,30.19
1998,162,0.62,0.61,0.6,94.82,3.12,291.69,0.04,65.88,10.56,15.51,28.87,13.95,27.79
1998,163,0.61,0.6,0.6,95.48,3.1,326.5,0.06,69.94,8.73,13.03,22.21,11.18,24.71
1998,164,0.61,0.6,0.6,95.55,1.87,252.31,0.0,62.62,7.63,12.28,24.38,9.19,28.59
1998,165,0.61,0.6,0.59,95.13,1.41,225.94,0.14,56.12,8.85,12.08,30.91,11.19,28.88
1998,166,0.6,0.59,0.6,95.07,1.68,224.69,1.26,59.88,10.99,17.89,30.68,14.55,27.31
1998,167,0.6,0.59,0.61,95.54,2.24,115.88,1.01,78.25,11.11,13.9,22.98,14.82,12.7
1998,168,0.6,0.59,0.59,95.97,2.56,38.31,0.0,67.0,8.54,12.65,25.08,10.94,30.19
1998,169,0.59,0.59,0.59,95.99,1.92,66.88,0.0,58.38,7.26,11.83,26.12,8.51,31.44
1998,170,0.59,0.59,0.59,95.78,1.93,136.25,0.0,54.5,7.39,11.32,28.61,8.69,31.19
1998,171,0.59,0.58,0.58,95.69,1.66,107.38,0.0,49.25,7.75,13.19,32.26,9.31,31.35
1998,172,0.59,0.58,0.57,95.77,1.52,197.56,0.0,45.12,8.3,16.26,33.77,10.35,31.5
1998,173,0.58,0.57,0.56,95.7,1.45,103.12,0.0,42.31,8.24,18.08,34.49,10.05,31.99
1998,174,0.58,0.56,0.55,95.4,1.85,190.75,0.0,47.12,9.22,18.18,35.51,11.79,29.26
1998,175,0.57,0.56,0.55,95.04,2.11,233.88,0.46,48.56,10.19,20.33,34.37,13.26,19.28
1998,176,0.57,0.55,0.54,94.96,2.1,204.5,0.04,47.75,9.58,18.35,34.36,12.3,28.51
1998,177,0.56,0.55,0.53,95.0,1.84,221.94,0.07,43.0,9.46,18.8,37.28,12.02,26.47
1998,178,0.56,0.55,0.52,95.13,1.73,240.88,0.01,38.81,9.58,22.21,38.4,12.22,24.46
1998,179,0.55,0.55,0.5,95.24,1.94,174.5,0.0,35.0,9.03,23.0,39.69,11.37,24.43
1998,180,0.55,0.54,0.48,95.28,2.07,193.69,1.27,34.81,8.97,22.02,39.68,11.25,24.79
1998,181,0.55,0.54,0.46,95.13,2.41,202.56,0.0,29.44,7.75,22.69,40.25,9.0,27.28
1998,182,0.55,0.53,0.44,94.9,3.13,196.38,0.0,31.81,8.12,22.76,39.8,9.55,27.22
1998,183,0.55,0.53,0.43,94.92,1.88,224.62,0.0,36.88,8.67,20.92,39.96,10.46,28.92
1998,184,0.54,0.53,0.43,95.23,1.92,207.75,0.0,44.38,9.4,20.19,37.13,11.87,31.63
1998,185,0.54,0.52,0.43,95.52,2.16,117.5,0.0,56.06,10.68,18.56,33.87,14.3,29.78
1998,186,0.54,0.52,0.42,95.43,2.04,46.75,0.0,57.06,10.25,17.26,32.26,13.57,29.84
1998,187,0.54,0.52,0.41,95.07,1.75,192.62,0.0,41.44,8.79,17.37,37.13,11.0,28.56
1998,188,0.53,0.52,0.4,94.73,3.92,260.62,0.0,42.62,9.4,19.3,37.5,11.86,27.56
1998,189,0.53,0.52,0.41,95.06,2.62,270.56,0.0,64.0,10.44,16.19,28.25,13.78,26.79
1998,190,0.53,0.52,0.41,95.24,2.02,132.06,0.0,64.62,9.77,15.22,27.07,12.81,27.21
1998,191,0.53,0.52,0.4,95.21,1.53,175.0,0.0,52.75,8.97,14.85,32.62,11.44,28.89
1998,192,0.52,0.52,0.39,95.23,1.83,157.5,0.0,49.38,9.7,18.67,33.76,12.77,26.39
1998,193,0.52,0.52,0.39,95.21,1.5,138.0,0.02,50.12,10.5,18.29,34.88,13.8,26.6
1998,194,0.52,0.51,0.38,94.82,2.3,229.06,0.02,42.44,10.13,21.6,37.63,13.24,28.0
1998,195,0.52,0.51,0.37,94.68,2.41,163.25,0.0,47.25,10.01,20.07,35.37,12.85,27.86
1998,196,0.52,0.51,0.38,95.2,3.27,115.94,0.0,62.56,10.5,16.62,27.68,13.83,27.81
1998,197,0.52,0.51,0.38,95.45,1.52,63.88,0.0,49.44,7.87,15.62,30.51,9.38,28.53
1998,198,0.52,0.51,0.37,95.33,1.63,153.19,0.0,37.56,6.96,17.19,34.62,7.48,29.0
1998,199,0.52,0.5,0.36,95.22,1.79,97.56,0.0,34.12,6.9,18.08,36.39,7.32,28.76
1998,200,0.52,0.5,0.35,95.1,1.62,194.31,0.0,35.31,8.18,19.98,37.98,10.05,26.17
1998,201,0.51,0.5,0.34,94.96,1.64,217.44,0.0,32.94,7.93,20.86,38.09,9.58,27.08
1998,202,0.51,0.5,0.34,95.0,2.52,216.06,0.0,38.38,8.61,20.43,37.18,10.56,25.44
1998,203,0.51,0.49,0.34,95.26,2.0,237.75,0.0,57.62,11.78,19.89,34.45,15.73,25.82
1998,204,0.51,0.49,0.34,95.32,1.98,195.88,0.0,54.81,10.01,18.39,32.06,13.02,26.46
1998,205,0.51,0.49,0.34,95.3,1.88,77.19,0.0,44.62,8.06,17.61,33.27,9.65,26.84
1998,206,0.5,0.49,0.33,95.15,1.9,92.81,0.0,41.44,7.81,17.04,35.39,9.06,27.41
1998,207,0.5,0.49,0.33,94.97,1.29,195.12,0.0,35.81,8.54,18.66,38.8,10.65,27.69
1998,208,0.5,0.49,0.32,94.9,2.5,247.69,0.0,34.31,9.09,22.19,39.77,11.53,26.67
1998,209,0.5,0.48,0.32,95.09,2.48,247.69,0.14,58.81,12.39,19.4,32.53,16.42,25.72
1998,210,0.5,0.48,0.32,95.17,2.04,76.25,0.0,61.5,11.17,18.19,31.23,14.86,26.56
1998,211,0.5,0.48,0.32,94.99,2.05,181.5,0.0,51.56,9.95,17.18,34.89,13.01,26.12
1998,212,0.49,0.48,0.31,94.9,1.91,186.56,0.0,39.0,8.42,19.26,37.4,10.3,26.87
1998,213,0.49,0.48,0.3,94.85,2.59,227.0,0.0,40.5,9.4,20.96,37.12,12.1,25.44
1998,214,0.49,0.48,0.3,95.02,2.3,179.44,0.09,42.56,10.25,21.05,35.32,13.5,22.52
1998,215,0.49,0.48,0.32,95.38,3.45,222.12,1.67,66.56,12.76,18.01,31.43,16.9,15.85
1998,216,0.49,0.48,0.35,95.72,2.78,154.88,1.03,69.75,10.25,16.06,24.76,13.73,10.42
1998,217,0.49,0.48,0.4,95.5,4.55,308.44,4.95,74.12,11.17,15.3,24.71,14.92,8.62
1998,218,0.5,0.5,0.5,95.3,3.84,325.56,4.11,78.81,12.76,17.37,25.71,16.98,15.69
1998,219,0.5,0.5,0.49,95.41,2.62,322.12,1.15,72.62,12.82,18.17,28.9,17.04,26.4
1998,220,0.5,0.5,0.45,95.32,1.56,116.06,0.0,56.56,10.74,17.1,33.11,14.25,27.35
1998,221,0.5,0.49,0.42,95.22,1.74,127.88,0.0,45.94,9.58,19.12,36.07,12.4,27.29
1998,222,0.49,0.49,0.39,95.25,2.11,100.81,0.0,43.5,9.58,19.69,36.82,12.44,26.84
1998,223,0.49,0.48,0.38,95.38,2.12,91.38,0.0,45.75,9.83,20.9,35.39,12.84,26.78
1998,224,0.49,0.48,0.36,95.21,1.85,91.81,0.06,43.38,9.34,20.23,35.64,12.09,26.28
1998,225,0.49,0.48,0.34,94.93,1.73,170.06,0.09,43.0,9.89,21.05,36.7,12.83,26.25
1998,226,0.49,0.48,0.39,94.9,1.56,218.25,2.65,59.44,12.88,20.73,34.81,16.92,25.51
1998,227,0.49,0.48,0.38,95.14,1.76,217.06,0.06,50.94,11.72,21.3,37.33,15.37,26.58
1998,228,0.49,0.48,0.36,95.4,1.59,191.31,0.0,43.19,10.8,22.8,38.73,14.15,26.1
1998,229,0.48,0.48,0.34,95.3,1.91,188.06,0.01,40.88,10.56,24.02,38.16,13.8,25.19
1998,230,0.48,0.48,0.36,95.25,1.76,192.31,1.28,52.12,12.51,23.08,34.48,16.59,16.48
1998,231,0.48,0.48,0.37,95.21,1.54,236.62,0.82,55.25,12.57,21.81,34.7,16.56,24.87
1998,232,0.48,0.48,0.38,95.17,2.41,154.06,1.4,53.69,12.27,21.94,35.06,16.29,23.3
1998,233,0.48,0.48,0.39,95.34,2.4,45.62,1.0,60.56,11.84,19.93,31.9,15.76,25.54
1998,234,0.48,0.48,0.38,95.36,1.79,114.25,0.0,55.06,10.07,18.1,32.01,13.15,25.95
1998,235,0.48,0.48,0.36,95.3,1.93,117.12,0.0,52.5,9.7,18.3,33.17,12.55,26.18
1998,236,0.48,0.48,0.34,95.22,2.07,152.69,0.0,53.0,10.44,18.86,35.76,13.66,25.35
1998,237,0.48,0.48,0.34,95.43,1.64,47.88,0.0,55.5,10.25,17.63,33.16,13.35,25.44
1998,238,0.48,0.48,0.33,95.18,1.8,175.38,0.0,39.19,8.61,19.74,36.44,10.76,25.14
1998,239,0.48,0.47,0.32,94.86,2.94,268.69,0.05,45.75,10.38,21.53,37.04,13.2,23.31
1998,240,0.48,0.47,0.32,94.87,2.95,214.56,0.18,68.56,12.39,18.88,29.05,16.43,22.14
1998,241,0.48,0.47,0.32,95.13,2.05,43.31,0.0,61.38,10.56,17.89,30.05,14.05,21.97
1998,242,0.48,0.47,0.32,95.17,2.21,179.94,0.0,53.19,10.13,16.21,33.45,13.36,23.96
1998,243,0.48,0.47,0.31,95.08,1.52,241.5,0.0,44.56,10.5,21.54,35.45,13.88,14.55
1998,244,0.48,0.47,0.3,95.0,2.23,201.88,0.06,30.88,8.06,22.51,39.12,9.75,17.98
1998,245,0.48,0.47,0.3,95.03,3.52,253.06,0.0,36.31,8.79,22.9,38.38,10.33,20.91
1998,246,0.48,0.47,0.35,95.23,1.28,240.88,2.86,65.81,13.24,21.06,31.53,17.52,22.21
1998,247,0.48,0.47,0.36,94.99,1.72,218.88,0.01,55.5,11.96,20.18,34.85,15.73,21.48
1998,248,0.48,0.47,0.34,95.01,3.01,290.75,0.12,60.88,12.21,20.7,33.08,15.94,22.85
1998,249,0.48,0.47,0.34,95.02,1.56,173.19,0.12,58.69,10.93,19.14,33.26,14.33,23.11
1998,250,0.48,0.47,0.33,94.57,2.7,279.06,0.02,41.31,8.36,18.75,35.41,9.77,22.19
1998,251,0.48,0.47,0.34,94.95,3.03,300.75,0.6,68.69,12.08,17.89,27.82,16.05,15.84
1998,252,0.48,0.47,0.34,95.13,1.39,74.62,0.0,57.5,9.16,16.2,31.03,11.71,22.77
1998,253,0.48,0.47,0.32,94.8,1.99,240.38,0.0,39.38,8.18,16.86,35.71,9.96,22.43
1998,254,0.47,0.47,0.31,94.67,2.21,227.0,0.35,48.94,10.19,20.63,32.58,13.3,13.26
1998,255,0.47,0.47,0.32,94.49,3.96,289.94,0.51,67.81,10.99,17.27,27.48,14.47,11.96
1998,256,0.47,0.47,0.32,94.5,3.04,286.94,0.13,64.44,10.13,15.48,29.09,13.15,20.44
1998,257,0.47,0.47,0.32,94.82,3.5,299.38,0.38,67.5,10.56,16.8,26.07,13.94,15.92
1998,258,0.47,0.47,0.32,95.35,2.8,233.12,0.05,71.69,9.89,13.92,24.48,13.07,19.98
1998,259,0.47,0.47,0.31,95.21,1.69,154.38,0.0,62.0,9.09,14.4,29.96,11.62,21.0
1998,260,0.47,0.46,0.3,94.97,2.15,192.69,0.0,61.19,9.4,15.24,29.05,12.05,14.9
1998,261,0.47,0.46,0.3,95.21,1.98,71.5,0.17,66.25,9.95,16.09,28.65,12.86,20.54
1998,262,0.47,0.47,0.32,95.38,1.95,78.19,1.47,63.62,10.07,14.69,30.12,13.37,20.11
1998,263,0.48,0.47,0.42,95.4,1.98,100.25,5.2,68.31,10.62,16.84,27.46,14.21,15.42
1998,264,0.48,0.48,0.54,95.29,1.96,78.0,13.22,76.81,10.8,15.75,23.69,14.47,14.42
1998,265,0.49,0.51,0.57,95.15,1.38,179.38,9.88,78.31,11.72,16.14,25.32,15.65,17.06
1998,266,0.5,0.52,0.54,95.03,1.23,154.62,4.35,72.88,12.08,16.4,28.12,16.06,18.72
1998,267,0.51,0.53,0.6,95.01,2.21,244.44,17.58,79.81,12.7,17.87,25.62,16.85,5.46
1998,268,0.52,0.54,0.55,95.03,3.25,205.81,2.42,67.75,11.66,16.49,29.27,15.54,20.69
1998,269,0.52,0.53,0.54,94.89,4.12,190.94,14.18,59.69,11.47,19.69,33.05,15.13,17.02
1998,270,0.55,0.57,0.64,95.12,2.26,246.75,11.95,77.44,11.6,16.99,25.74,15.41,14.6
1998,271,0.55,0.57,0.59,95.01,2.34,278.5,7.58,77.94,11.35,16.22,25.1,15.08,12.78
1998,272,0.55,0.57,0.59,94.9,1.91,285.62,2.25,81.12,12.08,15.8,25.9,16.12,9.07
1998,273,0.55,0.56,0.55,94.82,1.77,258.56,0.23,75.62,11.72,16.24,28.73,15.55,19.54
1998,274,0.55,0.56,0.55,94.84,1.73,213.19,2.23,74.81,10.5,15.64,23.0,13.76,9.63
1998,275,0.55,0.56,0.57,94.77,2.5,309.31,2.27,70.81,8.97,14.12,22.65,11.32,18.73
1998,276,0.55,0.55,0.54,94.94,2.2,297.75,0.29,73.56,8.97,12.25,22.16,11.46,18.71
1998,277,0.55,0.55,0.53,94.56,2.67,208.25,0.0,65.0,8.3,12.14,25.64,10.21,13.1
1998,278,0.55,0.55,0.52,94.38,2.67,208.31,0.37,56.25,8.18,14.02,28.18,9.62,12.37
1998,279,0.55,0.55,0.57,94.7,1.95,313.44,5.73,78.75,9.46,13.22,20.01,12.22,2.53
1998,280,0.55,0.55,0.55,95.07,3.2,286.81,0.89,73.69,7.63,11.05,19.15,9.06,14.9
1998,281,0.55,0.55,0.54,95.22,1.94,251.38,0.68,70.62,7.2,10.76,19.46,8.09,14.87
1998,282,0.55,0.55,0.53,95.39,1.89,237.56,0.01,69.19,7.2,10.68,22.49,8.31,15.3
1998,283,0.55,0.55,0.53,95.65,1.91,247.0,0.58,75.44,7.93,9.25,21.96,9.78,9.58
1998,284,0.55,0.55,0.54,95.58,2.2,314.5,1.17,81.0,8.42,11.45,19.03,10.71,6.38
1998,285,0.55,0.55,0.55,95.35,2.65,300.69,2.16,81.81,9.03,11.87,20.84,11.68,11.11
1998,286,0.55,0.55,0.53,95.53,2.59,316.94,0.11,82.75,9.03,11.95,19.88,11.7,10.77
1998,287,0.55,0.55,0.53,95.96,0.89,182.44,0.01,72.12,7.87,10.53,19.86,9.66,13.72
1998,288,0.55,0.55,0.52,95.86,1.1,204.75,0.0,55.44,6.04,9.23,25.89,5.48,17.42
1998,289,0.55,0.55,0.52,95.62,2.04,225.38,0.0,54.06,6.47,10.24,26.65,6.74,16.7
1998,290,0.54,0.54,0.52,95.45,2.98,223.25,0.0,53.88,6.96,11.88,26.86,7.67,12.63
1998,291,0.54,0.54,0.51,95.32,1.95,224.81,0.0,52.69,7.81,14.7,28.15,9.4,16.68
1998,292,0.54,0.54,0.55,94.85,3.23,233.81,5.32,67.06,8.42,14.03,22.35,10.33,5.37
1998,293,0.55,0.55,0.57,95.32,3.82,340.31,4.18,82.88,8.12,10.3,15.18,10.0,5.14
1998,294,0.55,0.55,0.55,95.97,1.77,124.69,1.43,82.06,8.06,9.95,18.12,10.12,6.07
1998,295,0.55,0.55,0.54,96.17,1.71,117.31,0.3,78.56,9.16,11.57,24.03,12.05,14.14
1998,296,0.55,0.55,0.53,96.12,1.32,218.19,0.0,72.19,8.97,12.58,24.42,11.77,15.58
1998,297,0.55,0.55,0.52,95.8,1.9,274.94,0.0,77.75,8.79,11.41,22.27,11.23,13.42
1998,298,0.54,0.55,0.52,95.21,2.02,252.31,0.0,56.94,6.41,10.5,24.58,6.35,10.43
1998,299,0.54,0.55,0.54,95.36,2.59,229.38,2.46,73.56,8.18,10.98,21.01,9.96,7.66
1998,300,0.54,0.55,0.53,96.23,1.61,230.81,0.15,82.94,7.81,9.69,19.26,9.7,14.09
1998,301,0.54,0.54,0.52,96.29,2.12,222.44,0.0,65.0,6.35,7.17,23.13,6.44,15.19
1998,302,0.54,0.54,0.52,95.91,2.78,232.38,0.0,60.06,6.35,8.4,25.06,6.55,15.04
1998,303,0.54,0.54,0.52,95.88,1.5,197.88,0.0,71.62,7.14,9.76,20.59,8.14,14.57
1998,304,0.54,0.54,0.52,95.62,1.26,198.19,0.0,74.69,6.77,7.07,19.06,7.41,14.01
1998,305,0.54,0.54,0.52,95.18,2.11,258.62,0.0,61.56,6.53,7.87,23.62,6.62,14.69
1998,306,0.54,0.53,0.52,95.05,1.62,248.06,0.01,70.19,7.57,9.08,21.39,8.82,14.37
1998,307,0.53,0.53,0.51,94.86,2.31,220.88,0.0,58.88,6.35,9.19,23.45,6.36,14.18
1998,308,0.53,0.53,0.51,94.75,2.77,212.38,0.0,45.38,5.25,10.16,26.44,3.38,10.98
1998,309,0.53,0.53,0.51,95.05,1.66,142.06,0.0,50.5,6.1,13.01,23.2,5.08,8.29
1998,310,0.53,0.53,0.51,95.63,2.0,91.81,0.22,84.94,8.91,11.21,18.94,11.48,10.89
1998,311,0.53,0.53,0.51,95.95,1.51,46.94,0.07,81.81,7.57,8.7,16.58,9.19,6.53
1998,312,0.53,0.53,0.51,96.11,1.48,161.81,0.0,72.81,6.41,7.51,20.77,6.72,13.73
1998,313,0.53,0.52,0.51,96.1,1.6,216.0,0.0,66.69,6.65,7.87,22.89,7.18,13.45
1998,314,0.52,0.52,0.51,95.78,1.84,282.25,0.09,80.31,8.36,8.9,22.45,10.48,13.44
1998,315,0.53,0.53,0.55,95.46,2.27,295.31,5.39,89.12,8.36,9.5,15.23,10.53,2.3
1998,316,0.53,0.53,0.53,95.22,2.61,297.0,2.14,79.62,7.45,9.12,18.37,8.72,8.67
1998,317,0.53,0.54,0.52,95.07,2.27,279.81,0.19,85.56,7.93,9.55,16.42,9.62,6.89
1998,318,0.53,0.53,0.52,94.91,2.47,276.25,0.63,82.0,7.93,8.02,19.76,9.52,8.17
1998,319,0.53,0.54,0.52,95.22,1.59,218.56,0.93,90.44,8.42,9.11,16.33,10.58,6.89
1998,320,0.53,0.54,0.53,95.6,1.09,126.19,1.55,88.69,8.24,10.02,17.49,10.42,9.02
1998,321,0.54,0.54,0.55,95.5,1.02,61.69,3.39,87.19,7.93,9.23,16.99,9.76,5.32
1998,322,0.54,0.55,0.58,94.86,1.78,235.56,6.89,86.62,7.87,8.77,17.18,9.56,8.26
1998,323,0.55,0.57,0.67,94.77,4.41,316.12,22.81,91.12,7.45,7.91,11.73,8.69,1.56
1998,324,0.57,0.59,0.62,95.26,3.27,328.31,1.21,79.38,5.43,5.43,11.23,4.32,6.43
1998,325,0.58,0.59,0.66,95.17,3.02,245.81,10.36,90.31,5.25,2.83,7.3,3.67,4.28
1998,326,0.58,0.6,0.64,95.11,2.7,316.94,4.88,86.0,4.76,2.58,7.58,2.4,5.69
1998,327,0.59,0.6,0.62,95.09,1.31,258.0,0.92,81.75,5.25,3.77,10.84,3.65,10.89
1998,328,0.59,0.59,0.62,95.08,2.34,211.06,3.55,75.62,5.0,1.65,14.85,2.83,11.93
1998,329,0.59,0.59,0.62,95.37,2.46,309.62,1.93,78.88,5.13,4.42,10.87,3.47,5.35
1998,330,0.62,0.64,0.78,94.98,4.45,294.06,38.38,88.44,6.16,5.9,10.04,6.03,1.26
1998,331,0.64,0.68,0.8,95.11,5.32,322.81,27.32,91.69,6.59,7.16,9.3,7.03,1.78
1998,332,0.67,0.72,0.82,94.98,4.88,317.0,23.35,87.62,6.71,7.61,11.0,7.14,4.15
1998,333,0.68,0.71,0.76,94.86,2.41,274.69,7.09,83.56,6.16,5.54,14.14,5.94,9.9
1998,334,0.69,0.71,0.76,94.63,2.51,291.75,3.69,88.25,5.74,4.88,9.26,4.94,9.02
1998,335,0.69,0.71,0.76,94.88,2.22,269.38,4.45,87.25,5.43,3.46,9.69,4.13,8.17
1998,336,0.69,0.7,0.73,94.74,2.2,153.62,0.0,76.69,4.94,0.66,16.11,2.77,11.28
1998,337,0.69,0.7,0.73,93.96,3.49,207.88,0.43,83.5,5.55,3.33,13.82,4.29,7.3
1998,338,0.69,0.7,0.73,94.29,4.02,250.0,1.91,84.56,5.31,2.5,11.1,3.65,6.8
1998,339,0.69,0.7,0.74,95.09,2.6,271.38,2.48,87.44,5.49,1.63,11.08,4.23,7.38
1998,340,0.7,0.7,0.76,95.62,1.77,318.5,5.38,92.44,6.04,4.49,9.39,5.83,4.76
1998,341,0.7,0.72,0.77,95.91,2.51,321.19,8.12,89.62,6.04,5.99,9.82,5.8,2.51
1998,342,0.7,0.72,0.76,96.17,3.49,331.0,2.65,82.31,4.82,3.04,8.33,2.69,5.57
1998,343,0.7,0.72,0.75,96.4,1.16,288.25,0.08,73.75,4.52,2.47,12.09,1.72,10.84
1998,344,0.7,0.71,0.74,96.17,2.74,240.88,0.0,74.38,4.46,1.54,14.83,1.51,10.98
1998,345,0.7,0.71,0.74,95.88,2.47,266.06,2.58,80.38,5.86,1.51,14.4,4.76,9.23
1998,346,0.7,0.72,0.75,96.03,3.69,323.56,1.47,89.31,7.2,9.01,11.95,8.37,6.86
1998,347,0.7,0.71,0.75,96.55,2.72,336.69,1.87,94.62,7.93,8.66,14.06,9.97,2.66
1998,348,0.7,0.72,0.75,96.61,1.71,299.94,0.43,88.94,7.02,6.8,15.71,8.12,10.27
1998,349,0.7,0.71,0.74,96.31,1.63,280.56,0.0,65.19,5.0,5.15,16.84,2.98,10.82
1998,350,0.7,0.71,0.74,96.16,1.31,241.88,0.0,58.69,4.7,6.04,16.73,1.8,10.94
1998,351,0.7,0.71,0.73,96.02,1.4,189.12,0.0,60.75,4.52,4.78,17.28,1.49,10.97
1998,352,0.7,0.71,0.74,95.88,1.0,238.31,0.05,79.5,5.37,4.24,12.98,3.93,10.39
1998,353,0.7,0.71,0.74,95.75,1.81,293.56,0.74,92.69,6.16,5.39,10.72,6.12,2.7
1998,354,0.7,0.7,0.73,94.79,2.67,243.44,0.98,77.12,5.31,4.44,14.16,3.62,10.19
1998,355,0.7,0.72,0.78,94.28,6.49,302.25,11.04,81.75,5.25,4.65,8.0,3.51,1.1
1998,356,0.71,0.72,0.76,95.49,3.44,314.81,2.62,88.81,5.25,3.48,8.27,3.77,3.34
1998,357,0.71,0.72,0.75,95.61,1.24,184.12,0.07,77.62,4.46,0.46,13.05,1.44,10.58
1998,358,0.71,0.72,0.75,95.52,2.22,237.31,0.49,79.69,4.88,2.29,12.0,2.64,8.99
1998,359,0.72,0.73,0.8,95.52,3.45,295.0,16.64,94.38,5.8,4.86,7.92,5.15,0.5
1998,360,0.73,0.74,0.78,96.05,1.77,129.62,1.96,91.75,6.1,5.37,10.23,6.0,4.75
1998,361,0.73,0.74,0.77,95.93,1.05,199.19,0.25,79.81,5.07,2.32,12.65,3.15,10.7
1998,362,0.73,0.73,0.76,95.36,2.88,217.06,0.01,82.38,4.88,1.82,13.15,2.73,10.69
1998,363,0.72,0.73,0.76,95.07,2.07,231.06,0.01,81.12,4.94,2.58,12.4,2.91,10.29
1998,364,0.72,0.73,0.76,94.98,3.03,208.62,0.0,80.19,5.07,1.51,15.23,3.23,10.97
1998,365,0.72,0.73,0.76,94.76,3.35,191.62,0.0,77.12,4.94,1.8,12.87,2.75,5.68
1999,1,0.72,0.73,0.77,94.3,2.1,208.06,3.62,85.81,4.82,0.66,11.23,2.33,6.57
1999,2,0.73,0.74,0.79,94.93,3.93,283.56,9.3,95.19,5.98,1.83,9.16,5.3,3.55
1999,3,0.73,0.75,0.78,95.72,3.73,301.62,2.33,90.81,6.35,4.99,11.22,6.51,7.98
1999,4,0.73,0.74,0.77,95.85,1.89,285.12,0.1,86.75,6.04,5.1,14.5,5.68,11.19
1999,5,0.73,0.74,0.77,95.68,1.27,186.19,0.0,75.69,5.49,3.78,17.85,4.26,11.63
1999,6,0.73,0.73,0.77,95.71,1.45,189.31,0.0,67.06,5.19,3.8,19.66,3.56,11.57
1999,7,0.73,0.73,0.76,95.7,1.74,245.88,0.0,60.94,4.88,4.18,19.65,2.63,11.35
1999,8,0.73,0.73,0.76,95.23,1.75,266.56,0.0,61.75,4.46,3.71,17.32,1.23,11.61
1999,9,0.73,0.73,0.76,94.62,1.66,236.31,0.0,61.44,4.39,2.31,15.26,0.87,10.33
1999,10,0.72,0.73,0.76,93.92,3.79,218.62,0.46,65.38,4.46,2.56,15.66,1.21,4.91
1999,11,0.72,0.73,0.76,94.75,2.95,234.69,0.05,75.31,4.09,0.79,10.58,0.09,11.15
1999,12,0.72,0.73,0.76,95.31,2.35,205.81,0.01,73.5,4.46,0.01,13.76,1.2,10.19
1999,13,0.72,0.73,0.75,95.3,2.49,258.56,0.14,76.81,5.62,3.88,15.97,4.43,11.99
1999,14,0.72,0.73,0.77,95.17,0.77,176.38,5.61,82.94,6.29,4.02,15.24,6.31,4.01
1999,15,0.73,0.75,0.83,95.01,1.4,106.19,19.01,93.5,6.59,5.63,11.13,7.01,3.92
1999,16,0.74,0.76,0.78,95.35,1.34,130.12,0.25,87.69,6.16,3.2,13.8,5.94,7.65
1999,17,0.74,0.75,0.78,95.18,1.41,175.31,0.64,89.31,6.16,4.35,13.83,6.05,12.09
1999,18,0.74,0.76,0.79,94.81,1.71,134.62,5.27,90.0,6.16,3.3,13.33,5.98,6.32
1999,19,0.76,0.78,0.86,95.0,2.85,65.5,26.96,97.0,6.9,7.19,8.92,7.62,4.36
1999,20,0.77,0.8,0.84,95.6,2.52,137.12,9.45,91.81,6.35,6.78,10.2,6.58,7.1
1999,21,0.77,0.8,0.81,95.6,0.96,148.75,0.18,83.81,5.86,3.79,14.15,5.33,11.28
1999,22,0.77,0.79,0.8,95.5,2.02,218.81,0.02,83.62,5.43,2.72,13.87,4.33,11.66
1999,23,0.77,0.79,0.8,95.43,1.16,140.56,0.04,77.94,5.49,2.4,13.77,4.37,10.88
1999,24,0.77,0.79,0.8,95.58,1.32,274.94,1.44,86.81,6.04,6.11,10.94,5.73,8.29
1999,25,0.77,0.79,0.8,96.13,1.49,220.06,1.63,88.62,6.1,5.51,12.17,6.08,8.56
1999,26,0.77,0.78,0.8,95.95,1.57,269.81,0.21,82.25,5.37,2.9,12.72,4.1,12.51
1999,27,0.77,0.78,0.8,95.31,3.82,281.44,1.96,81.69,5.8,1.98,13.18,4.76,4.82
1999,28,0.77,0.78,0.8,95.38,3.42,313.44,1.31,86.94,6.29,6.0,12.26,6.3,11.21
1999,29,0.77,0.79,0.81,95.1,4.94,302.75,5.45,88.31,6.47,5.42,13.08,6.62,4.12
1999,30,0.78,0.8,0.84,95.07,5.67,319.5,14.68,83.94,5.0,3.53,8.07,3.0,8.85
1999,31,0.79,0.8,0.83,95.06,2.66,124.31,4.03,85.62,3.66,-0.51,3.24,-1.3,2.21
1999,32,0.79,0.8,0.82,95.3,1.56,282.06,2.29,85.12,3.6,-1.0,3.52,-1.52,4.74
1999,33,0.79,0.8,0.82,95.71,1.19,128.25,0.71,79.56,3.6,-0.85,7.86,-1.53,6.94
1999,34,0.79,0.8,0.83,96.07,1.92,164.75,3.52,92.5,4.52,0.79,6.23,1.68,4.57
1999,35,0.79,0.8,0.82,96.13,1.22,288.12,0.7,88.12,5.0,2.3,8.39,3.12,8.52
1999,36,0.79,0.8,0.82,95.56,3.12,323.5,1.23,90.62,5.98,5.43,9.29,5.67,4.57
1999,37,0.8,0.8,0.82,95.06,5.24,323.62,2.11,90.44,5.86,6.08,7.8,5.24,7.06
1999,38,0.79,0.8,0.81,94.87,2.04,278.25,0.21,82.5,5.55,4.88,11.93,4.4,14.69
1999,39,0.79,0.8,0.81,94.94,2.49,305.44,0.88,86.94,6.1,5.88,12.23,5.85,13.27
1999,40,0.79,0.8,0.81,94.65,3.45,230.5,0.03,78.31,5.19,3.3,13.21,3.45,15.35
1999,41,0.8,0.81,0.84,94.16,4.21,268.75,12.84,88.5,5.07,2.49,7.61,3.06,7.54
1999,42,0.8,0.82,0.84,94.64,5.62,301.88,7.22,82.19,3.97,1.05,4.96,-0.25,4.83
1999,43,0.8,0.82,0.84,95.01,3.51,319.12,3.78,86.25,4.09,-0.72,5.15,0.19,4.03
1999,44,0.8,0.82,0.83,95.29,1.5,224.44,0.77,85.25,4.03,-1.23,6.11,-0.0,6.31
1999,45,0.8,0.82,0.83,95.43,1.62,63.44,2.55,93.56,4.39,0.95,4.26,1.37,9.06
1999,46,0.8,0.82,0.83,95.59,1.94,87.19,0.85,85.44,4.39,0.98,7.97,1.35,10.96
1999,47,0.8,0.82,0.83,95.31,2.0,327.5,1.57,88.0,4.64,1.99,7.24,2.07,7.46
1999,48,0.8,0.82,0.83,95.36,2.15,308.0,2.51,87.12,5.07,0.17,9.51,3.18,6.56
1999,49,0.81,0.83,0.84,95.57,3.86,334.12,4.03,88.25,5.55,5.03,8.75,4.69,7.28
1999,50,0.81,0.83,0.84,96.04,2.44,304.38,1.53,92.69,5.98,4.11,10.44,5.72,8.01
1999,51,0.81,0.82,0.83,96.09,1.52,286.5,0.02,82.62,5.92,4.94,15.94,5.52,16.91
1999,52,0.8,0.82,0.82,95.71,1.86,283.5,0.0,76.25,5.55,4.79,15.07,4.56,17.0
1999,53,0.8,0.81,0.82,95.28,3.39,270.88,0.0,74.44,5.68,2.54,17.05,4.76,17.55
1999,54,0.8,0.81,0.82,95.35,2.23,282.81,0.27,89.62,6.41,5.51,11.55,6.59,7.97
1999,55,0.8,0.81,0.82,95.15,1.76,226.25,0.01,75.06,5.68,5.37,17.36,4.82,18.08
1999,56,0.8,0.8,0.81,94.91,2.35,226.69,0.0,70.75,5.92,4.83,18.48,5.23,16.45
1999,57,0.8,0.8,0.81,95.1,1.25,180.31,0.0,69.38,6.35,5.42,21.28,6.2,17.88
1999,58,0.8,0.8,0.8,94.69,2.48,173.56,0.0,64.44,5.86,6.63,21.05,5.05,18.2
1999,59,0.79,0.8,0.8,94.56,2.07,171.94,0.0,62.44,5.55,5.0,21.4,4.18,18.54
1999,60,0.79,0.8,0.83,94.99,1.52,285.62,11.12,80.88,6.77,7.44,15.99,7.13,11.1
1999,61,0.8,0.82,0.84,95.54,1.34,122.12,6.71,90.94,7.14,7.33,12.88,8.26,7.88
1999,62,0.8,0.81,0.83,94.92,1.57,209.25,1.29,78.75,6.16,5.56,14.49,6.02,13.72
1999,63,0.8,0.81,0.82,94.17,3.63,245.19,1.7,80.12,6.04,4.55,14.65,5.47,12.43
1999,64,0.8,0.81,0.82,94.39,3.34,269.06,0.69,77.62,5.19,3.32,13.27,3.39,10.84
1999,65,0.8,0.8,0.81,94.63,2.36,269.81,0.2,74.94,4.7,1.55,12.58,2.01,15.7
1999,66,0.8,0.8,0.81,94.93,1.78,228.5,0.0,74.56,4.82,2.69,13.46,2.37,16.8
1999,67,0.79,0.8,0.8,94.95,2.31,215.56,0.0,66.31,5.0,1.55,18.62,2.83,19.59
1999,68,0.79,0.8,0.8,94.84,3.68,210.56,0.0,62.06,5.74,7.36,20.75,4.83,19.41
1999,69,0.78,0.79,0.8,94.87,2.22,229.12,0.0,57.19,5.49,6.37,22.13,4.21,19.08
1999,70,0.78,0.78,0.8,94.68,1.73,227.31,0.0,58.12,5.92,6.83,22.07,5.2,19.39
1999,71,0.77,0.78,0.8,94.6,1.7,181.5,0.0,65.0,6.41,6.87,22.08,6.26,18.89
1999,72,0.77,0.78,0.79,94.7,1.47,210.0,0.0,63.25,6.71,8.25,22.83,7.02,18.37
1999,73,0.77,0.77,0.79,94.75,1.87,198.0,0.0,57.0,6.47,9.02,24.92,6.55,19.76
1999,74,0.77,0.77,0.79,94.84,1.55,189.94,0.43,62.88,6.77,10.0,23.82,7.04,17.47
1999,75,0.77,0.77,0.79,94.71,1.42,151.56,1.28,83.25,8.3,8.73,19.08,10.26,16.39
1999,76,0.76,0.77,0.79,94.53,2.32,168.38,1.48,91.56,8.06,8.71,13.54,9.89,12.06
1999,77,0.76,0.77,0.79,95.01,3.47,272.88,0.57,79.31,5.68,5.67,12.03,4.76,15.05
1999,78,0.76,0.77,0.78,95.08,4.21,311.88,0.51,78.56,5.74,5.85,13.23,4.93,13.63
1999,79,0.76,0.76,0.78,95.27,3.56,311.81,0.09,80.12,5.8,4.76,13.73,5.18,16.37
1999,80,0.75,0.76,0.78,95.34,2.12,242.81,0.04,74.62,5.49,4.34,15.71,4.33,18.64
1999,81,0.75,0.76,0.77,94.84,3.12,270.25,1.66,71.19,6.16,4.04,18.9,5.51,19.77
1999,82,0.75,0.75,0.77,95.17,2.39,254.25,0.27,79.0,5.8,3.73,13.65,5.07,19.29
1999,83,0.74,0.75,0.77,94.73,2.62,205.12,0.98,71.0,6.59,3.5,20.82,6.58,9.55
1999,84,0.74,0.75,0.77,94.61,2.04,164.81,2.86,79.31,8.3,10.08,21.18,10.32,22.6
1999,85,0.74,0.75,0.79,94.44,1.98,258.88,6.08,81.56,7.45,5.68,19.01,8.65,18.22
1999,86,0.74,0.75,0.77,94.56,3.27,277.75,0.7,73.06,5.43,4.19,15.83,4.12,16.58
1999,87,0.75,0.76,0.8,94.56,2.97,289.81,10.52,88.44,5.68,4.82,8.3,4.78,11.38
1999,88,0.76,0.77,0.8,95.1,3.85,313.0,3.52,83.69,5.68,4.59,10.47,4.87,9.69
1999,89,0.75,0.77,0.78,95.32,2.09,254.25,0.06,79.69,5.74,4.44,14.5,5.07,17.69
1999,90,0.75,0.76,0.77,95.18,1.66,172.0,0.0,64.12,4.76,2.21,18.83,2.15,24.86
1999,91,0.74,0.75,0.77,94.91,1.98,173.62,0.0,59.81,5.55,4.24,22.38,4.15,23.59
1999,92,0.74,0.75,0.77,95.25,2.12,292.56,0.0,78.06,7.26,7.59,19.15,8.3,20.04
1999,93,0.74,0.74,0.77,95.61,3.06,303.62,0.0,81.06,7.08,6.94,17.38,8.03,23.22
1999,94,0.73,0.74,0.76,95.89,3.05,310.12,0.0,85.56,7.39,5.98,16.24,8.73,16.44
1999,95,0.73,0.73,0.76,96.11,1.27,128.12,0.0,71.56,6.47,8.13,20.32,6.66,25.31
1999,96,0.73,0.73,0.75,96.04,1.79,192.44,0.0,64.31,5.92,6.61,21.17,5.56,24.79
1999,97,0.73,0.73,0.74,95.52,1.97,278.94,0.01,66.19,6.35,5.83,23.54,6.36,24.63
1999,98,0.72,0.73,0.76,95.04,2.4,194.88,4.03,85.75,7.02,5.01,16.42,7.9,11.99
1999,99,0.73,0.73,0.77,95.29,3.65,310.31,4.78,84.56,6.1,4.38,12.6,5.87,11.31
1999,100,0.73,0.73,0.76,95.64,1.66,242.06,0.51,75.94,6.1,6.55,15.34,5.98,22.94
1999,101,0.72,0.73,0.75,95.59,1.7,202.12,0.0,67.06,5.43,4.87,18.46,4.22,26.4
1999,102,0.72,0.72,0.74,95.18,1.92,261.75,0.0,65.56,5.8,5.06,20.4,5.08,26.2
1999,103,0.71,0.71,0.73,94.81,3.12,216.62,0.12,73.12,6.71,6.72,18.09,7.12,24.2
1999,104,0.71,0.71,0.73,94.4,1.93,215.31,0.0,69.06,7.08,5.6,22.62,7.83,22.37
1999,105,0.7,0.7,0.74,93.95,3.01,197.0,12.68,69.31,8.36,10.87,25.2,10.23,24.34
1999,106,0.72,0.73,0.77,94.47,2.99,294.69,3.98,86.62,7.32,5.61,14.13,8.31,8.54
1999,107,0.71,0.72,0.74,94.85,3.78,261.06,0.37,74.06,6.29,3.27,19.17,6.06,21.44
1999,108,0.71,0.71,0.73,95.58,2.44,293.06,0.0,69.44,5.43,4.69,16.92,4.19,25.57
1999,109,0.7,0.71,0.73,95.58,1.41,173.94,0.0,64.0,5.19,4.01,19.97,3.58,27.59
1999,110,0.7,0.7,0.72,95.34,2.17,227.12,0.0,58.69,6.35,6.01,23.87,6.37,27.22
1999,111,0.7,0.7,0.7,95.21,3.01,222.75,0.0,58.12,7.69,10.78,26.29,9.12,22.76
1999,112,0.7,0.69,0.7,95.36,2.3,273.44,0.95,71.75,8.73,12.35,23.49,11.21,16.19
1999,113,0.69,0.69,0.7,95.3,1.48,293.38,0.01,68.0,6.96,9.54,22.68,7.57,21.7
1999,114,0.69,0.69,0.7,95.26,2.22,252.06,0.17,72.56,6.59,7.88,17.65,6.97,23.39
1999,115,0.68,0.68,0.69,95.14,1.64,229.0,0.0,62.31,5.62,5.86,21.72,4.44,28.0
1999,116,0.68,0.67,0.68,94.65,3.02,207.12,0.0,55.88,6.77,9.37,24.94,7.13,27.56
1999,117,0.67,0.67,0.67,94.39,1.51,185.94,0.02,59.0,7.45,11.06,26.98,8.5,24.27
1999,118,0.66,0.66,0.66,94.0,4.21,202.5,0.0,51.81,8.06,13.49,30.34,9.62,21.36
1999,119,0.66,0.66,0.66,94.75,2.16,103.06,0.0,69.81,7.69,10.15,24.19,9.22,26.75
1999,120,0.66,0.66,0.66,94.95,2.02,78.75,0.0,64.88,7.39,9.19,27.33,8.58,28.84
1999,121,0.66,0.65,0.65,94.71,2.71,191.19,0.42,52.88,8.48,13.32,31.78,10.3,12.18
1999,122,0.65,0.65,0.65,94.6,2.37,187.44,1.35,70.62,10.44,15.39,25.05,13.8,16.44
1999,123,0.66,0.66,0.7,94.44,2.17,243.44,11.33,78.94,9.46,10.38,22.51,12.19,9.61
1999,124,0.66,0.66,0.66,94.78,3.09,260.5,0.13,67.81,7.57,8.8,22.33,8.93,25.13
1999,125,0.66,0.66,0.66,95.09,1.98,271.81,0.0,62.19,7.45,10.4,24.51,8.67,27.45
1999,126,0.65,0.65,0.65,95.25,1.7,223.62,0.0,64.25,8.18,11.05,25.3,10.19,26.64
1999,127,0.65,0.64,0.64,95.01,1.48,228.88,0.0,57.56,8.97,12.28,29.51,11.47,25.05
1999,128,0.64,0.64,0.65,95.11,1.98,209.62,3.42,68.25,9.95,15.84,26.39,13.05,15.13
1999,129,0.64,0.64,0.65,95.26,1.59,189.88,1.1,64.5,10.31,13.9,30.09,13.65,28.05
1999,130,0.64,0.63,0.63,95.37,1.98,204.56,0.0,51.06,9.03,16.94,32.71,11.48,25.32
1999,131,0.63,0.62,0.62,95.4,2.0,210.06,0.0,50.12,9.34,16.6,33.08,12.06,26.33
1999,132,0.62,0.62,0.61,95.22,1.65,208.0,0.0,51.38,10.56,18.19,34.61,13.92,26.01
1999,133,0.62,0.62,0.6,94.97,1.73,230.75,0.01,47.25,9.95,19.35,36.98,12.98,26.23
1999,134,0.62,0.61,0.6,94.94,1.93,248.81,0.0,57.62,10.56,18.45,30.87,13.94,25.34
1999,135,0.61,0.6,0.6,94.71,1.73,279.06,0.01,55.31,9.52,17.38,32.2,12.01,26.12
1999,136,0.61,0.6,0.6,94.53,2.25,182.38,0.01,59.44,9.89,16.15,29.3,12.8,25.81
1999,137,0.61,0.59,0.59,94.41,2.28,252.0,0.0,53.62,8.18,13.18,28.87,9.96,19.98
1999,138,0.6,0.59,0.59,94.83,1.87,202.94,0.0,54.31,6.59,11.44,26.05,6.65,26.28
1999,139,0.6,0.59,0.59,95.16,2.16,204.38,0.02,64.19,7.87,12.12,24.87,9.54,21.75
1999,140,0.59,0.59,0.59,95.44,2.93,314.19,0.02,65.88,7.02,10.06,21.34,7.73,28.5
1999,141,0.59,0.59,0.59,95.47,2.62,295.44,0.0,67.88,7.14,7.58,22.61,7.99,28.43
1999,142,0.59,0.59,0.59,95.56,2.48,312.81,0.21,72.75,7.75,10.58,20.91,9.39,24.5
1999,143,0.59,0.59,0.59,95.57,2.07,264.69,0.12,73.56,8.18,9.78,22.12,10.28,24.17
1999,144,0.59,0.58,0.58,95.4,1.78,182.25,0.0,60.0,7.57,9.96,28.12,8.98,30.08
1999,145,0.59,0.58,0.57,95.19,2.1,181.94,0.0,52.69,7.87,13.22,30.19,9.41,29.64
1999,146,0.58,0.57,0.57,95.22,1.79,97.38,0.0,54.0,8.24,14.32,30.17,10.18,29.96
1999,147,0.58,0.57,0.56,95.24,1.38,183.81,0.0,51.0,8.61,14.16,31.74,10.81,27.23
1999,148,0.57,0.56,0.56,95.41,1.74,227.38,0.0,48.5,9.22,18.44,33.11,11.91,25.58
1999,149,0.57,0.56,0.55,95.41,2.45,221.69,0.0,51.06,10.5,19.1,33.73,13.93,23.35
1999,150,0.57,0.55,0.55,95.28,2.57,212.12,0.0,51.38,10.93,19.72,35.69,14.47,22.02
1999,151,0.56,0.55,0.55,95.43,1.99,195.81,0.0,46.5,10.38,20.9,35.25,13.67,23.6
1999,152,0.56,0.55,0.53,95.36,3.06,231.12,0.0,37.5,9.4,22.83,36.76,12.11,22.57
1999,153,0.55,0.55,0.52,95.48,2.41,243.31,0.03,44.19,9.64,20.83,37.16,12.41,24.25
1999,154,0.55,0.54,0.51,95.42,2.3,190.62,0.0,51.62,11.23,19.87,37.69,14.84,22.79
1999,155,0.55,0.54,0.49,95.24,2.27,185.0,0.01,49.94,10.25,19.97,33.23,13.55,23.82
1999,156,0.55,0.54,0.49,94.89,1.45,211.0,0.17,61.81,11.23,19.39,34.83,14.87,18.24
1999,157,0.55,0.53,0.48,94.77,2.88,176.5,0.43,54.75,10.62,19.01,32.2,14.0,19.21
1999,158,0.55,0.53,0.48,94.84,2.16,234.94,0.21,62.56,10.68,16.97,29.87,14.09,23.86
1999,159,0.54,0.53,0.49,95.4,2.13,85.56,1.63,76.62,11.54,16.94,25.85,15.41,22.02
1999,160,0.54,0.53,0.5,95.18,2.31,106.0,0.36,62.56,11.29,16.9,34.76,14.96,14.2
1999,161,0.54,0.53,0.49,95.37,3.09,306.5,0.45,71.44,10.86,14.74,25.87,14.51,20.35
1999,162,0.54,0.53,0.49,95.56,2.03,106.5,1.84,63.5,9.22,13.11,28.25,11.94,25.71
1999,163,0.54,0.53,0.48,95.4,2.65,82.25,0.3,55.62,9.46,15.38,31.81,12.38,26.44
1999,164,0.54,0.53,0.47,95.07,2.55,92.81,0.02,55.06,9.64,17.0,32.39,12.58,26.49
1999,165,0.53,0.52,0.46,95.21,2.12,97.12,0.36,64.44,10.01,16.81,27.84,13.14,26.65
1999,166,0.53,0.52,0.46,95.54,2.5,30.69,0.49,64.38,9.4,14.33,26.68,12.32,28.4
1999,167,0.53,0.52,0.45,95.6,1.8,157.19,0.0,54.75,7.87,13.02,29.75,9.59,29.84
1999,168,0.53,0.52,0.43,95.26,1.77,169.56,0.0,43.69,7.14,14.11,32.4,7.87,29.83
1999,169,0.53,0.52,0.42,94.97,2.0,140.19,0.34,47.38,8.79,18.0,33.56,11.2,28.31
1999,170,0.52,0.52,0.43,95.21,2.42,134.31,1.53,63.12,9.95,16.27,28.3,13.13,26.82
1999,171,0.52,0.52,0.43,95.4,2.41,313.88,0.05,59.12,8.67,14.92,26.76,11.04,30.18
1999,172,0.52,0.52,0.41,95.15,1.73,218.25,0.0,50.44,7.75,13.35,30.02,9.31,31.14
1999,173,0.52,0.52,0.41,95.22,2.35,139.75,0.0,60.31,9.4,14.58,28.64,12.3,29.72
1999,174,0.52,0.52,0.4,95.11,1.59,216.88,0.03,49.31,9.52,15.56,35.15,12.37,29.01
1999,175,0.52,0.51,0.39,95.13,2.24,191.69,0.24,47.12,10.38,19.78,36.01,13.63,25.64
1999,176,0.52,0.51,0.38,95.11,1.82,148.12,0.34,55.31,10.99,17.61,35.86,14.57,27.98
1999,177,0.52,0.51,0.38,94.9,1.96,256.44,0.0,51.25,11.35,18.9,36.01,14.95,28.69
1999,178,0.52,0.51,0.38,94.84,1.97,252.56,0.06,49.44,10.93,20.23,33.96,14.46,25.62
1999,179,0.52,0.5,0.38,95.23,1.72,149.88,0.13,52.81,10.62,19.06,34.79,14.05,28.81
1999,180,0.51,0.5,0.37,95.41,1.91,173.06,0.01,52.06,10.93,19.26,36.48,14.41,21.88
1999,181,0.51,0.5,0.36,95.6,2.19,106.5,0.0,48.56,9.22,18.03,32.19,11.87,29.71
1999,182,0.51,0.5,0.36,95.47,1.91,148.94,0.0,43.38,8.18,16.4,34.28,10.08,31.11
1999,183,0.51,0.5,0.35,95.19,1.74,124.75,0.0,35.0,7.39,17.96,37.3,8.38,30.08
1999,184,0.51,0.49,0.34,94.96,2.12,193.25,0.0,29.81,7.69,21.3,38.57,9.07,27.93
1999,185,0.5,0.49,0.34,94.76,2.71,222.69,0.0,30.06,7.87,22.44,38.76,9.4,26.08
1999,186,0.5,0.49,0.33,94.82,2.09,249.81,0.0,35.56,8.85,22.65,38.26,11.07,25.14
1999,187,0.5,0.49,0.34,95.12,1.62,183.44,0.0,52.5,11.17,19.84,34.58,14.71,26.65
1999,188,0.5,0.49,0.34,95.51,3.01,39.56,0.0,64.12,11.35,16.71,30.19,15.04,27.0
1999,189,0.5,0.49,0.34,95.47,2.84,321.81,0.0,65.88,9.95,15.16,27.07,13.15,26.46
1999,190,0.5,0.48,0.34,95.17,2.68,233.88,0.0,64.69,10.19,14.59,28.3,13.48,25.87
1999,191,0.5,0.48,0.33,94.92,1.53,153.88,0.0,47.75,8.48,16.84,32.97,10.54,28.75
1999,192,0.49,0.48,0.32,94.77,1.98,211.25,0.0,36.0,8.3,18.31,38.38,10.23,26.66
1999,193,0.49,0.48,0.31,94.76,3.01,227.81,0.28,38.44,9.46,22.42,36.15,11.95,21.92
1999,194,0.49,0.48,0.32,94.78,2.28,273.25,0.07,54.81,11.6,20.44,36.64,15.17,25.36
1999,195,0.49,0.48,0.31,95.12,2.33,224.06,0.01,61.0,11.17,18.56,31.59,14.79,25.86
1999,196,0.49,0.48,0.31,95.1,2.28,55.62,0.0,55.75,10.74,17.55,34.83,14.23,27.51
1999,197,0.49,0.48,0.3,95.23,2.22,51.56,0.0,53.62,9.95,17.29,32.74,13.08,28.11
1999,198,0.49,0.48,0.3,95.21,2.05,234.56,0.0,43.75,8.67,18.65,34.62,10.94,27.22
1999,199,0.48,0.48,0.3,94.88,1.98,194.31,0.79,37.75,8.79,20.51,36.33,11.07,26.76
1999,200,0.49,0.48,0.34,94.86,2.48,266.56,3.29,49.0,11.11,21.88,36.86,14.57,22.61
1999,201,0.49,0.48,0.42,95.21,2.1,291.38,1.99,67.19,13.37,20.3,32.94,17.58,25.06
1999,202,0.49,0.48,0.41,95.34,2.02,56.44,0.03,64.0,12.7,19.11,32.62,16.93,26.72
1999,203,0.49,0.48,0.38,95.12,1.65,130.12,0.0,52.0,10.62,19.23,35.22,13.86,27.56
1999,204,0.48,0.48,0.37,95.06,2.8,211.75,0.11,62.25,11.05,17.3,30.66,14.69,23.4
1999,205,0.48,0.48,0.37,95.11,2.98,329.94,0.0,63.12,9.64,15.07,26.85,12.7,24.68
1999,206,0.48,0.48,0.36,95.05,1.95,209.75,0.0,53.69,8.24,14.44,30.13,10.04,27.62
1999,207,0.48,0.48,0.34,94.97,1.98,83.25,0.0,43.62,7.57,16.34,33.51,8.73,28.47
1999,208,0.48,0.48,0.33,94.75,2.81,237.31,0.0,42.94,9.28,18.76,38.82,11.48,24.37
1999,209,0.48,0.48,0.32,95.05,3.14,311.44,0.0,59.19,10.74,18.57,30.24,14.05,26.98
1999,210,0.48,0.48,0.32,95.16,1.88,245.5,0.0,59.38,10.74,17.6,31.65,14.17,26.65
1999,211,0.48,0.48,0.31,94.97,2.27,225.5,0.0,49.44,9.4,18.15,32.71,12.15,26.9
1999,212,0.48,0.47,0.3,94.62,1.91,132.5,0.03,46.44,10.13,19.37,36.67,13.28,25.78
1999,213,0.48,0.47,0.3,94.93,2.23,220.12,0.13,61.75,11.78,19.02,32.08,15.6,24.84
1999,214,0.48,0.47,0.3,94.97,2.02,89.12,0.0,49.94,9.7,17.4,35.28,12.41,28.05
1999,215,0.48,0.47,0.31,94.85,1.37,203.81,0.75,42.31,9.83,20.31,37.34,12.79,25.98
1999,216,0.48,0.47,0.33,94.83,2.84,207.25,1.12,46.38,11.84,23.26,37.58,15.63,25.4
1999,217,0.48,0.47,0.37,94.87,1.38,204.56,2.05,47.62,12.57,23.53,39.49,16.54,24.61
1999,218,0.48,0.47,0.34,94.8,1.71,239.06,0.05,34.56,10.01,25.47,41.33,12.92,21.12
1999,219,0.48,0.47,0.32,94.58,2.84,209.06,0.03,28.44,8.67,25.13,40.92,10.73,22.64
1999,220,0.48,0.47,0.3,94.52,2.49,207.25,0.01,30.5,9.28,24.51,41.0,11.73,21.72
1999,221,0.48,0.46,0.28,94.69,3.81,203.19,0.0,21.12,6.65,26.74,42.43,6.87,22.9
1999,222,0.47,0.46,0.27,94.98,2.62,221.88,0.01,39.25,9.7,22.35,40.53,11.7,25.54
1999,223,0.47,0.46,0.27,95.32,2.73,88.88,0.52,62.94,13.06,20.96,33.49,17.3,23.72
1999,224,0.47,0.47,0.31,95.01,1.69,164.88,1.29,57.56,12.51,20.23,33.71,16.66,12.67
1999,225,0.48,0.47,0.38,94.94,1.16,113.12,2.65,72.31,14.34,21.71,28.67,18.76,10.7
1999,226,0.48,0.47,0.41,94.93,1.54,106.44,2.18,63.69,13.43,20.37,31.59,17.74,26.02
1999,227,0.48,0.47,0.39,94.91,1.44,168.44,0.0,52.94,11.78,18.94,36.76,15.66,26.9
1999,228,0.48,0.47,0.35,94.65,2.98,232.75,0.0,37.88,10.56,23.5,41.26,13.78,19.33
1999,229,0.47,0.47,0.33,94.7,1.9,222.38,0.18,41.69,10.99,23.44,39.6,14.3,25.82
1999,230,0.47,0.47,0.3,94.72,1.37,179.94,0.03,38.62,9.95,22.3,42.09,12.65,22.32
1999,231,0.47,0.46,0.28,94.84,2.74,189.75,0.0,23.81,7.26,25.32,42.9,8.23,19.84
1999,232,0.47,0.46,0.26,95.14,2.38,211.75,0.0,37.38,9.89,23.75,38.33,12.57,19.98
1999,233,0.47,0.46,0.25,95.07,1.3,193.75,0.0,40.44,10.19,24.08,39.9,12.65,22.33
1999,234,0.47,0.46,0.24,95.08,2.22,203.0,0.0,42.88,10.31,22.85,37.63,12.77,25.68
1999,235,0.47,0.46,0.23,95.17,1.96,126.69,0.0,40.69,9.22,21.74,36.71,11.65,25.7
1999,236,0.47,0.46,0.23,95.25,1.97,145.0,0.0,27.81,6.59,21.39,39.93,6.69,25.56
1999,237,0.47,0.46,0.22,95.22,1.76,153.19,0.0,22.88,6.23,22.82,41.3,6.12,23.79
1999,238,0.47,0.46,0.21,95.31,3.66,268.81,0.0,40.19,9.77,23.05,37.11,12.3,23.36
1999,239,0.47,0.46,0.21,95.36,1.05,196.0,0.03,40.56,10.01,22.59,38.6,12.91,15.07
1999,240,0.47,0.46,0.2,95.34,2.14,234.88,0.01,35.12,9.46,24.23,36.79,12.21,23.89
1999,241,0.47,0.46,0.24,95.12,1.54,230.0,2.45,43.44,10.5,22.7,34.01,13.71,16.85
1999,242,0.47,0.46,0.31,95.08,2.34,230.12,0.7,61.88,11.96,20.52,31.3,15.62,21.91
1999,243,0.47,0.46,0.3,95.05,2.17,160.88,0.0,49.94,9.22,17.9,32.2,11.68,24.19
1999,244,0.47,0.46,0.28,95.17,1.72,197.06,0.0,45.81,9.7,18.73,34.38,12.62,21.3
1999,245,0.47,0.46,0.27,94.96,2.14,183.19,0.01,43.31,9.95,21.39,36.1,12.98,23.25
1999,246,0.47,0.46,0.32,94.76,2.25,229.19,3.73,58.44,12.51,20.98,32.85,16.38,21.37
1999,247,0.47,0.47,0.45,95.03,2.0,242.19,3.13,60.62,11.72,19.18,31.62,15.32,22.66
1999,248,0.48,0.48,0.49,95.05,2.23,223.88,9.16,56.38,11.96,18.93,34.22,15.85,19.69
1999,249,0.48,0.48,0.52,95.19,2.73,230.19,2.7,60.62,12.02,19.91,30.26,15.98,16.62
1999,250,0.48,0.49,0.52,95.19,2.5,136.56,6.87,74.62,14.16,19.3,29.4,18.55,21.78
1999,251,0.49,0.5,0.52,95.19,2.27,53.12,3.5,79.56,13.92,18.96,27.28,18.33,19.98
1999,252,0.49,0.5,0.52,95.37,1.84,35.12,3.55,76.75,12.7,18.16,27.15,16.91,15.99
1999,253,0.49,0.5,0.48,95.57,2.01,88.88,0.18,71.25,11.54,18.09,27.6,15.31,19.59
1999,254,0.49,0.49,0.47,95.38,1.95,167.12,0.0,66.56,10.38,16.9,28.65,13.59,22.53
1999,255,0.49,0.49,0.46,95.07,1.74,130.81,0.02,65.62,9.52,15.31,27.23,12.13,20.38
1999,256,0.48,0.48,0.47,94.56,2.08,190.88,0.47,60.44,10.25,13.82,30.86,13.35,21.76
1999,257,0.48,0.48,0.46,94.69,2.78,209.19,0.33,52.56,10.56,19.18,31.75,13.91,18.81
1999,258,0.48,0.48,0.47,94.84,2.91,270.5,1.42,59.38,10.8,18.13,30.94,14.09,16.77
1999,259,0.48,0.48,0.46,95.05,2.34,305.0,0.07,70.69,10.68,15.67,27.0,14.02,18.76
1999,260,0.48,0.48,0.45,94.87,1.96,231.94,0.0,56.31,7.93,13.05,28.2,9.12,21.43
1999,261,0.48,0.48,0.45,94.77,1.84,225.31,0.03,57.19,9.4,17.0,30.26,11.86,21.0
1999,262,0.48,0.48,0.43,94.28,3.02,198.69,0.0,48.31,8.97,17.02,32.78,11.18,17.93
1999,263,0.48,0.48,0.43,94.41,2.44,215.44,0.27,67.0,11.35,17.23,27.83,14.94,14.03
1999,264,0.48,0.47,0.42,95.04,1.4,235.81,0.0,64.12,9.03,14.96,27.04,11.5,18.8
1999,265,0.48,0.47,0.41,94.99,2.12,220.5,0.0,53.12,9.4,13.79,34.23,12.07,19.76
1999,266,0.48,0.47,0.38,95.24,1.99,167.44,0.0,48.31,10.01,20.08,35.13,13.1,19.28
1999,267,0.47,0.47,0.35,95.45,1.79,194.88,0.0,50.38,10.07,19.37,35.27,13.05,19.43
1999,268,0.47,0.47,0.34,95.29,2.0,269.25,0.11,51.44,10.56,19.23,35.17,13.8,19.29
1999,269,0.47,0.47,0.34,95.13,1.95,201.94,0.62,68.06,11.54,18.28,28.21,15.26,17.71
1999,270,0.47,0.47,0.34,94.95,0.84,133.31,0.04,55.75,10.07,16.83,33.32,12.86,18.35
1999,271,0.47,0.47,0.33,95.14,2.51,254.25,0.43,64.81,11.29,17.51,27.79,15.01,11.4
1999,272,0.47,0.47,0.33,95.26,1.52,202.5,0.01,60.75,9.46,15.64,31.26,12.01,18.28
1999,273,0.47,0.46,0.32,94.78,3.0,274.25,0.08,61.5,10.38,16.94,31.12,13.56,18.18
1999,274,0.47,0.46,0.32,95.12,2.51,101.31,0.37,70.62,10.56,15.49,25.84,13.92,14.86
1999,275,0.47,0.46,0.31,95.04,2.2,209.25,0.06,58.81,9.4,14.31,30.32,12.26,18.92
1999,276,0.47,0.46,0.3,94.85,2.51,243.19,0.01,47.25,8.36,16.22,32.98,10.24,18.54
1999,277,0.47,0.47,0.41,95.06,2.46,210.25,7.83,75.81,11.78,16.6,26.43,15.64,14.3
1999,278,0.48,0.48,0.48,95.23,2.5,59.56,0.58,74.38,9.77,14.34,24.19,12.87,12.74
1999,279,0.48,0.48,0.51,95.37,2.13,64.94,4.84,82.81,10.44,14.15,22.09,13.92,5.51
1999,280,0.48,0.48,0.48,95.58,1.6,86.31,0.16,76.44,9.95,14.11,24.26,13.18,9.98
1999,281,0.48,0.48,0.52,95.64,1.01,99.69,6.75,87.31,11.23,14.73,20.62,15.05,2.64
1999,282,0.49,0.49,0.52,95.72,1.94,96.88,3.48,83.0,11.05,14.87,23.58,14.84,6.72
1999,283,0.49,0.49,0.48,95.93,1.55,215.25,0.05,72.38,8.73,12.74,23.96,11.08,15.97
1999,284,0.48,0.49,0.47,95.89,1.41,192.5,0.0,61.38,8.0,10.95,28.52,9.9,17.82
1999,285,0.48,0.48,0.46,95.71,1.87,265.75,0.12,59.38,9.89,15.9,30.28,13.02,16.08
1999,286,0.48,0.49,0.52,95.77,1.02,171.75,5.86,74.38,11.72,17.21,25.8,15.55,12.92
1999,287,0.49,0.49,0.49,95.64,1.66,265.12,1.5,68.81,10.99,16.27,29.34,14.64,16.84
1999,288,0.49,0.5,0.54,95.46,1.78,273.44,8.34,77.94,11.05,15.62,24.59,14.65,13.18
1999,289,0.5,0.51,0.55,95.27,1.24,224.75,6.73,82.69,11.23,15.69,22.76,15.01,8.49
1999,290,0.51,0.52,0.53,95.0,2.27,215.5,3.45,71.38,10.5,16.2,25.01,13.94,13.92
1999,291,0.51,0.52,0.49,94.87,2.59,265.25,0.13,67.75,9.64,15.37,26.57,12.63,12.8
1999,292,0.51,0.51,0.49,95.0,1.55,245.0,0.0,67.44,8.12,12.82,22.23,9.8,15.09
1999,293,0.51,0.51,0.48,94.44,3.59,194.44,0.0,53.94,7.69,12.98,27.54,8.98,15.58
1999,294,0.5,0.5,0.48,94.5,3.18,270.56,0.03,65.75,8.48,12.76,23.08,10.53,14.65
1999,295,0.5,0.5,0.48,95.01,2.85,224.75,0.0,56.56,7.63,10.78,28.2,9.01,15.72
1999,296,0.5,0.5,0.48,95.01,2.32,241.88,0.0,57.31,8.3,15.39,25.24,10.12,11.64
1999,297,0.5,0.5,0.47,94.59,4.52,203.5,0.0,51.0,7.63,14.87,29.13,8.83,15.51
1999,298,0.5,0.49,0.46,94.43,3.64,192.75,0.0,41.56,6.53,15.9,31.39,6.53,14.93
1999,299,0.49,0.49,0.46,95.12,4.41,181.06,0.0,34.69,5.8,16.54,32.73,5.05,14.19
1999,300,0.49,0.48,0.45,95.92,2.1,173.81,0.0,33.75,6.04,16.91,34.19,5.5,14.77
1999,301,0.49,0.48,0.45,96.05,1.33,194.12,0.0,34.88,5.92,15.5,32.92,5.19,13.41
1999,302,0.49,0.48,0.46,95.92,1.7,217.69,0.0,37.5,5.92,15.25,29.99,5.33,14.44
1999,303,0.48,0.48,0.45,95.65,2.22,246.5,0.0,43.75,6.41,15.83,29.08,5.98,10.1
1999,304,0.48,0.48,0.46,95.86,1.7,209.5,0.0,74.56,9.22,12.88,23.4,11.92,13.12
1999,305,0.48,0.48,0.45,95.93,1.48,177.56,0.0,71.5,9.03,12.62,25.86,11.73,14.04
1999,306,0.48,0.48,0.45,95.83,2.35,238.44,0.17,68.81,8.61,12.26,26.19,10.94,14.34
1999,307,0.48,0.48,0.48,95.73,1.08,263.75,2.54,79.06,9.4,13.26,21.86,12.26,7.35
1999,308,0.48,0.48,0.49,95.44,1.86,216.12,1.79,75.31,8.36,11.32,21.26,10.48,5.62
1999,309,0.48,0.48,0.48,95.31,1.89,225.62,0.0,69.12,7.26,10.29,22.7,8.3,14.02
1999,310,0.48,0.48,0.48,95.14,3.62,282.5,0.75,78.06,8.36,8.88,21.85,10.34,10.12
1999,311,0.49,0.49,0.53,94.99,6.44,320.38,7.06,72.62,6.65,10.38,13.48,6.81,4.16
1999,312,0.5,0.5,0.55,95.31,5.12,323.31,7.05,84.94,7.51,10.15,12.68,9.01,2.51
1999,313,0.5,0.52,0.54,95.43,2.44,319.25,5.2,84.56,7.51,9.75,14.6,8.93,6.13
1999,314,0.51,0.52,0.57,95.39,2.41,321.62,7.91,83.12,7.39,8.87,14.63,8.6,2.48
1999,315,0.52,0.52,0.52,95.15,2.81,173.31,0.27,68.81,6.1,6.45,19.69,5.94,9.39
1999,316,0.52,0.52,0.49,95.03,3.77,186.69,0.07,56.44,6.35,11.23,22.11,6.37,6.32
1999,317,0.52,0.52,0.51,94.9,2.47,233.19,1.89,63.0,6.23,8.55,19.01,5.95,12.16
1999,318,0.52,0.52,0.5,94.68,1.52,200.44,1.75,62.38,5.31,6.37,17.58,3.73,10.16
1999,319,0.52,0.52,0.52,94.35,1.41,301.81,0.8,76.0,6.65,7.87,16.44,6.88,10.09
1999,320,0.52,0.52,0.5,94.89,1.32,241.94,0.12,73.94,6.59,8.14,18.73,6.78,12.1
1999,321,0.52,0.52,0.51,95.35,2.23,290.19,1.6,80.94,6.59,6.25,15.95,6.75,10.37
1999,322,0.52,0.52,0.51,95.46,2.25,294.75,0.27,78.19,5.98,6.18,14.15,5.64,5.89
1999,323,0.52,0.52,0.51,94.5,2.79,255.69,2.71,72.06,5.19,3.74,15.84,3.1,11.72
1999,324,0.52,0.52,0.52,93.8,3.24,230.06,1.34,76.62,6.16,7.04,14.59,5.67,4.42
1999,325,0.52,0.52,0.55,94.12,2.76,272.62,5.41,82.38,5.25,2.22,7.9,3.52,2.07
1999,326,0.53,0.54,0.58,94.68,5.06,278.25,10.29,81.06,4.39,1.46,5.6,1.07,6.17
1999,327,0.53,0.55,0.55,95.79,2.53,313.12,1.11,78.75,4.88,3.88,11.09,2.76,4.96
1999,328,0.53,0.54,0.52,95.98,1.4,254.38,0.03,65.12,4.15,2.87,13.69,0.55,12.64
1999,329,0.53,0.54,0.52,96.16,1.09,135.19,0.11,70.0,4.58,3.89,13.88,1.73,11.36
1999,330,0.53,0.54,0.52,96.06,1.56,117.81,0.19,77.19,5.07,3.11,16.18,3.08,12.11
1999,331,0.54,0.54,0.57,95.91,1.46,80.06,9.07,88.31,6.29,5.34,12.29,6.38,2.84
1999,332,0.55,0.57,0.65,95.46,2.02,79.06,15.36,92.44,7.93,8.3,15.14,9.73,4.29
1999,333,0.56,0.58,0.6,95.13,2.15,56.69,2.58,96.81,8.61,9.55,13.93,10.93,4.82
1999,334,0.56,0.58,0.59,95.39,1.37,238.19,1.57,92.56,8.3,9.32,15.4,10.49,3.61
1999,335,0.56,0.58,0.59,95.73,0.95,132.06,1.96,89.88,7.93,8.73,16.15,9.81,7.37
1999,336,0.56,0.57,0.58,96.06,1.06,113.75,0.82,89.94,7.87,8.62,15.83,9.77,6.07
1999,337,0.56,0.57,0.56,96.12,1.27,202.19,0.06,75.5,6.35,6.79,19.51,6.46,9.96
1999,338,0.56,0.57,0.56,95.77,3.21,221.62,0.0,76.0,6.1,6.98,18.3,6.01,11.21
1999,339,0.57,0.58,0.65,95.47,2.54,298.25,15.09,91.81,6.96,7.44,10.62,7.77,1.97
1999,340,0.58,0.59,0.62,95.78,4.62,273.06,2.03,75.94,5.13,5.55,10.01,3.48,7.08
1999,341,0.58,0.59,0.59,95.99,1.55,201.62,0.0,75.62,4.88,3.22,11.92,2.8,8.0
1999,342,0.58,0.59,0.59,95.69,2.81,209.12,0.0,69.81,4.09,0.88,15.38,0.19,11.52
1999,343,0.58,0.59,0.59,95.13,4.74,217.44,0.05,72.19,4.82,3.76,14.12,2.57,5.69
1999,344,0.58,0.59,0.61,94.96,4.23,264.69,5.97,80.19,5.31,5.07,10.21,3.85,3.66
1999,345,0.59,0.59,0.61,95.49,3.88,289.62,1.04,81.38,5.8,4.96,13.04,5.1,6.0
1999,346,0.59,0.59,0.59,95.51,2.59,264.62,0.11,80.06,5.37,2.64,15.23,3.93,10.39
1999,347,0.59,0.59,0.59,95.67,2.1,282.69,0.77,90.5,6.84,5.13,14.43,7.49,5.1
1999,348,0.58,0.59,0.59,95.15,3.42,227.06,0.03,80.25,6.71,4.19,18.41,7.12,8.15
1999,349,0.58,0.59,0.59,94.14,3.58,230.06,1.38,80.75,7.02,6.6,16.8,7.76,8.54
1999,350,0.59,0.61,0.72,94.29,2.8,319.56,24.35,92.94,5.98,3.86,10.29,5.28,0.86
1999,351,0.61,0.63,0.7,95.29,1.94,97.75,8.13,90.06,5.19,3.73,7.24,3.55,2.48
1999,352,0.62,0.64,0.74,95.11,4.66,47.38,17.59,94.75,7.26,5.55,10.83,8.42,1.6
1999,353,0.66,0.7,0.88,94.28,4.54,115.0,53.83,91.38,7.69,9.44,12.95,9.1,4.64
1999,354,0.7,0.74,0.81,94.64,4.47,314.06,12.1,85.81,6.23,5.06,10.91,5.97,4.19
1999,355,0.7,0.73,0.76,95.74,3.41,323.31,0.06,84.19,4.94,2.96,8.4,2.87,8.19
1999,356,0.7,0.72,0.75,96.2,1.38,218.88,0.0,81.88,4.94,2.73,10.15,3.04,7.75
1999,357,0.7,0.71,0.74,96.07,1.2,190.62,0.0,79.75,4.27,-0.83,11.96,0.87,11.01
1999,358,0.7,0.7,0.73,96.07,1.6,255.62,0.0,82.06,5.0,1.04,13.93,2.98,10.76
1999,359,0.7,0.7,0.73,96.01,2.52,241.38,0.0,77.75,4.76,1.21,14.68,2.32,8.88
1999,360,0.7,0.7,0.73,95.65,2.59,253.75,0.0,74.88,5.25,2.55,17.03,3.63,10.46
1999,361,0.69,0.7,0.73,95.04,3.34,259.06,0.0,79.81,6.1,4.55,15.83,5.77,8.4
1999,362,0.69,0.7,0.74,94.71,3.95,278.56,3.11,87.19,6.41,4.77,12.83,6.43,2.32
1999,363,0.69,0.7,0.73,94.83,2.0,216.62,3.13,87.38,6.04,5.03,12.51,5.74,8.96
1999,364,0.7,0.71,0.77,95.48,3.34,208.56,7.57,85.56,5.13,3.72,7.33,3.33,4.01
1999,365,0.7,0.71,0.75,95.84,1.62,246.62,1.52,89.5,4.64,1.9,5.87,2.12,3.8
2000,1,0.7,0.72,0.79,95.88,2.58,299.5,13.84,96.44,5.49,1.65,7.26,4.34,3.02
2000,2,0.72,0.73,0.78,96.03,1.71,330.31,4.52,92.88,6.04,5.01,9.94,5.83,4.98
2000,3,0.72,0.73,0.77,96.14,1.08,101.19,1.02,87.0,5.37,1.48,11.29,4.2,10.14
2000,4,0.72,0.73,0.76,96.13,1.54,159.56,0.02,72.62,4.09,0.94,12.59,0.28,10.68
2000,5,0.72,0.73,0.76,95.86,1.25,211.69,0.0,70.81,4.21,0.96,13.48,0.53,11.6
2000,6,0.71,0.73,0.75,95.68,1.52,193.12,0.0,72.5,4.21,0.01,13.87,0.56,11.4
2000,7,0.71,0.72,0.75,95.77,1.31,167.5,0.0,84.88,4.88,1.53,12.48,2.7,9.63
2000,8,0.71,0.72,0.75,95.67,1.54,259.62,0.0,81.5,4.64,0.15,11.98,2.02,11.11
2000,9,0.71,0.72,0.75,95.57,1.39,273.5,0.01,82.5,4.58,0.85,10.49,1.65,10.82
2000,10,0.71,0.72,0.75,95.75,0.85,175.5,0.01,83.69,4.88,2.62,10.41,2.73,10.68
2000,11,0.71,0.72,0.75,96.03,1.34,134.94,0.0,73.19,4.09,0.57,13.54,0.16,11.09
2000,12,0.71,0.72,0.75,95.85,1.12,256.5,1.06,78.94,4.52,1.77,11.06,1.57,9.95
2000,13,0.71,0.72,0.76,95.3,1.73,287.12,2.77,93.38,5.07,2.83,6.36,3.3,7.66
2000,14,0.71,0.72,0.75,94.88,1.41,224.38,0.31,78.44,4.09,0.07,9.73,0.13,12.01
2000,15,0.71,0.72,0.75,95.16,2.29,219.25,0.0,70.88,3.97,-0.3,13.66,-0.31,11.98
2000,16,0.71,0.72,0.74,95.53,1.62,204.12,0.0,66.38,3.91,-0.27,13.78,-0.56,12.35
2000,17,0.71,0.72,0.76,95.68,2.85,304.25,3.23,87.94,5.25,1.98,8.93,3.61,8.29
2000,18,0.71,0.72,0.76,95.3,2.62,301.5,1.14,90.25,5.49,2.77,9.89,4.49,8.99
2000,19,0.71,0.72,0.76,94.97,2.59,252.62,2.2,91.81,5.62,2.05,9.05,4.6,5.99
2000,20,0.71,0.72,0.76,95.76,1.86,105.12,0.64,80.94,4.7,0.08,11.3,2.01,12.55
2000,21,0.71,0.72,0.75,95.74,1.36,271.0,0.0,70.12,3.66,-0.06,11.04,-1.29,10.99
2000,22,0.71,0.72,0.75,95.33,1.82,267.44,0.0,79.38,4.27,-0.99,11.94,0.57,13.22
2000,23,0.71,0.72,0.77,94.85,2.52,298.0,6.98,91.75,4.94,0.05,8.83,2.69,3.95
2000,24,0.71,0.73,0.76,95.02,1.51,275.5,0.99,86.62,4.7,1.06,8.12,2.11,7.08
2000,25,0.71,0.73,0.75,95.09,1.55,213.25,0.17,79.81,4.64,0.49,12.24,1.98,10.32
2000,26,0.71,0.72,0.75,95.59,1.35,185.38,0.0,80.38,5.13,2.75,13.83,3.31,11.35
2000,27,0.71,0.72,0.75,96.15,1.59,221.38,0.0,66.44,4.33,1.57,16.25,1.07,13.83
2000,28,0.71,0.72,0.74,95.91,2.71,221.88,0.0,63.88,4.39,3.59,17.25,1.25,9.92
2000,29,0.71,0.72,0.75,95.93,1.8,281.06,0.06,87.06,5.68,3.23,10.73,4.88,11.03
2000,30,0.71,0.71,0.74,96.42,1.76,295.69,0.04,84.19,5.55,4.26,14.17,4.62,13.76
2000,31,0.7,0.71,0.74,96.51,1.35,227.38,0.0,66.06,4.7,2.69,16.3,2.22,14.21
2000,32,0.7,0.71,0.74,96.31,1.55,251.56,0.0,55.06,4.58,4.38,20.4,1.78,14.1
2000,33,0.7,0.71,0.73,96.08,1.47,270.19,0.0,67.38,5.55,6.58,19.98,4.4,13.82
2000,34,0.7,0.71,0.74,96.11,3.32,310.94,2.4,88.81,6.84,6.78,13.4,7.7,5.75
2000,35,0.7,0.71,0.74,96.62,1.88,198.5,0.88,85.25,6.23,6.75,11.7,6.35,10.77
2000,36,0.7,0.71,0.74,96.76,1.4,121.88,0.05,76.81,4.76,2.74,13.45,2.42,14.35
2000,37,0.7,0.7,0.73,96.38,1.5,215.06,0.0,60.81,3.97,1.87,15.58,-0.25,14.91
2000,38,0.7,0.7,0.73,96.17,2.31,287.19,0.14,80.31,5.49,0.95,13.98,3.98,11.14
2000,39,0.7,0.7,0.73,96.2,1.55,294.94,0.02,85.5,5.98,4.84,13.7,5.71,13.36
2000,40,0.7,0.7,0.73,96.03,2.48,304.44,0.1,88.0,6.41,4.01,15.26,6.65,8.56
2000,41,0.7,0.7,0.74,95.96,4.61,323.12,2.72,83.31,5.86,6.74,11.12,5.37,11.69
2000,42,0.7,0.7,0.73,95.77,1.82,308.0,0.46,83.75,5.49,3.68,13.42,4.4,13.21
2000,43,0.7,0.7,0.73,95.79,1.76,286.0,2.11,74.94,4.88,0.95,15.5,2.33,14.94
2000,44,0.7,0.7,0.74,96.1,2.41,320.5,1.71,86.75,5.55,4.43,10.44,4.68,10.62
2000,45,0.7,0.7,0.73,95.88,1.8,301.0,1.58,84.56,5.74,3.43,12.58,5.02,8.88
2000,46,0.7,0.7,0.74,95.98,1.32,271.62,1.61,81.06,5.98,4.65,14.7,5.65,12.73
2000,47,0.7,0.7,0.73,95.51,2.38,261.62,0.16,72.31,5.62,3.37,18.15,4.41,16.01
2000,48,0.7,0.7,0.73,95.18,4.3,298.75,2.74,80.94,5.92,5.68,12.67,5.48,11.91
2000,49,0.7,0.7,0.73,95.72,3.43,302.31,1.01,76.25,5.31,4.37,12.4,3.86,14.75
2000,50,0.69,0.7,0.73,95.44,2.34,252.94,0.0,65.0,4.94,3.5,19.14,2.85,17.24
2000,51,0.69,0.7,0.73,95.45,2.54,314.12,0.5,82.38,6.04,5.27,14.13,5.65,10.55
2000,52,0.69,0.7,0.73,95.8,2.23,324.19,0.01,77.12,4.64,2.96,11.55,1.99,15.43
2000,53,0.69,0.7,0.72,95.63,1.27,177.94,0.0,76.75,4.76,0.8,15.55,2.33,17.63
2000,54,0.69,0.7,0.73,95.61,2.62,308.88,4.25,88.25,5.74,3.67,11.07,5.01,6.51
2000,55,0.69,0.7,0.73,96.26,2.68,343.69,1.58,83.75,5.31,4.51,10.33,4.01,11.33
2000,56,0.69,0.7,0.73,96.51,1.13,163.44,0.09,66.56,4.27,1.92,16.01,0.84,18.16
2000,57,0.69,0.69,0.72,96.3,1.63,240.81,0.0,58.62,4.33,1.46,19.54,0.93,18.18
2000,58,0.68,0.69,0.72,96.03,1.39,179.88,0.0,59.19,4.88,4.92,20.64,2.54,17.66
2000,59,0.68,0.69,0.71,95.87,1.34,211.38,0.0,61.06,5.19,4.12,20.83,3.41,17.69
2000,60,0.68,0.68,0.71,95.88,1.88,241.19,0.0,60.31,5.07,5.77,20.34,3.18,18.21
2000,61,0.67,0.67,0.7,95.5,3.27,247.25,0.1,63.0,5.37,4.74,20.6,3.58,18.03
2000,62,0.67,0.67,0.7,95.83,3.3,319.81,0.16,80.44,5.25,3.37,11.99,3.75,14.55
2000,63,0.67,0.67,0.7,95.93,1.44,225.38,0.01,63.88,4.09,1.57,18.15,0.12,18.71
2000,64,0.66,0.66,0.7,95.56,2.67,274.75,0.0,67.06,5.49,4.29,19.9,4.08,19.2
2000,65,0.66,0.66,0.7,96.01,1.66,189.5,0.01,82.12,6.23,5.99,15.8,6.33,18.47
2000,66,0.66,0.66,0.69,96.22,1.7,215.25,0.0,70.94,5.31,3.1,18.81,4.04,18.91
2000,67,0.66,0.66,0.69,96.1,2.03,261.81,0.0,68.69,5.92,4.9,20.27,5.5,18.63
2000,68,0.66,0.66,0.68,96.24,1.77,202.44,0.0,80.25,6.29,6.73,15.76,6.41,16.26
2000,69,0.66,0.66,0.68,96.32,1.2,259.0,0.0,68.94,5.25,5.24,16.66,3.77,18.56
2000,70,0.65,0.66,0.67,95.99,1.76,283.19,0.0,61.81,5.07,3.94,19.15,3.13,20.23
2000,71,0.65,0.65,0.67,95.72,1.42,195.56,0.0,52.31,4.94,6.51,22.48,2.87,20.6
2000,72,0.65,0.65,0.66,95.37,1.85,213.31,0.0,51.94,5.62,7.45,24.76,4.59,19.22
2000,73,0.64,0.65,0.67,95.48,1.39,202.81,2.14,70.06,7.08,9.56,21.22,7.91,16.15
2000,74,0.66,0.66,0.73,95.47,0.97,175.56,11.97,88.88,7.57,8.88,13.21,9.12,7.06
2000,75,0.66,0.66,0.7,95.43,1.7,321.25,2.44,88.0,7.08,7.24,14.15,8.16,14.08
2000,76,0.66,0.67,0.73,95.46,3.54,341.25,9.33,88.75,6.65,6.75,12.16,7.18,7.02
2000,77,0.66,0.67,0.7,95.62,1.65,313.25,0.09,78.94,5.86,5.68,15.84,5.35,19.28
2000,78,0.66,0.66,0.7,95.27,1.88,270.75,0.0,73.62,5.37,3.29,17.75,3.83,22.08
2000,79,0.66,0.66,0.69,95.19,1.59,298.0,0.13,79.88,6.29,6.23,16.44,6.21,12.86
2000,80,0.66,0.66,0.68,95.05,1.57,246.5,0.07,71.5,6.04,5.58,17.51,5.61,18.1
2000,81,0.66,0.66,0.67,95.05,2.4,202.75,0.13,61.5,5.68,5.48,21.18,4.75,21.82
2000,82,0.65,0.65,0.66,95.12,2.49,216.12,0.01,53.88,5.8,8.48,22.83,4.98,21.21
2000,83,0.65,0.65,0.66,95.04,2.67,205.31,0.01,51.88,5.62,8.95,23.12,4.53,21.94
2000,84,0.64,0.64,0.66,94.98,1.74,241.5,0.37,65.56,6.53,8.9,21.15,6.68,12.13
2000,85,0.64,0.64,0.68,95.15,1.35,247.12,2.96,87.69,7.63,7.45,15.36,9.13,9.04
2000,86,0.64,0.64,0.66,95.19,1.91,297.25,0.32,77.06,6.29,5.92,16.87,6.28,22.4
2000,87,0.64,0.64,0.66,94.92,1.84,243.38,0.0,64.44,5.55,4.65,20.23,4.38,23.97
2000,88,0.63,0.63,0.64,94.16,3.71,246.0,0.06,57.88,5.98,7.4,23.71,5.13,17.38
2000,89,0.63,0.63,0.65,94.73,2.09,236.5,0.06,74.94,6.59,8.13,18.55,6.9,22.53
2000,90,0.63,0.63,0.64,94.79,1.94,200.0,0.0,63.88,6.59,6.81,22.83,6.76,15.35
2000,91,0.62,0.62,0.64,94.66,2.2,265.44,0.28,75.25,7.32,8.07,17.08,8.51,18.99
2000,92,0.62,0.62,0.63,94.52,1.88,211.5,0.13,65.19,6.35,7.48,22.05,6.19,23.0
2000,93,0.62,0.62,0.62,93.49,4.88,189.69,0.0,49.38,6.47,11.83,25.19,6.39,16.41
2000,94,0.62,0.62,0.63,93.51,1.8,208.44,2.76,67.62,7.39,9.91,20.68,8.31,20.87
2000,95,0.62,0.62,0.66,93.7,3.01,193.5,4.86,77.19,6.65,6.87,16.6,6.83,12.13
2000,96,0.62,0.62,0.64,94.84,3.88,266.44,0.57,69.81,5.37,4.79,16.59,4.01,18.53
2000,97,0.62,0.62,0.63,95.36,2.34,206.56,0.0,67.31,5.13,3.88,19.69,3.26,24.49
2000,98,0.62,0.62,0.62,95.25,1.58,152.88,0.0,66.12,5.98,6.3,22.6,5.48,23.31
2000,99,0.62,0.62,0.63,94.9,2.84,189.0,2.57,56.62,6.16,7.82,25.2,5.69,5.38
2000,100,0.62,0.62,0.63,94.3,2.22,277.06,1.01,74.75,8.18,10.23,24.29,9.98,20.75
2000,101,0.62,0.61,0.62,94.2,1.67,264.38,0.18,75.25,7.63,8.58,19.12,9.0,19.47
2000,102,0.61,0.61,0.63,94.07,3.11,263.06,2.04,75.56,6.41,6.26,16.13,6.41,13.82
2000,103,0.61,0.61,0.62,94.43,2.19,271.12,0.0,68.38,6.23,5.2,20.8,5.9,24.6
2000,104,0.61,0.61,0.61,94.4,2.46,211.0,0.0,50.12,5.43,6.63,24.93,4.02,22.24
2000,105,0.6,0.6,0.6,94.33,2.05,275.06,0.0,61.12,6.23,8.22,26.37,5.73,25.2
2000,106,0.6,0.6,0.6,94.49,2.26,232.0,0.0,69.44,7.32,7.72,21.32,8.37,25.78
2000,107,0.6,0.59,0.59,93.9,5.85,215.56,3.24,48.25,6.16,10.75,27.44,5.61,24.79
2000,108,0.6,0.6,0.62,94.66,5.87,293.06,3.97,70.69,6.04,6.94,15.51,5.6,16.68
2000,109,0.6,0.6,0.6,95.05,4.11,289.56,0.02,70.38,5.92,5.05,17.2,5.4,23.13
2000,110,0.6,0.59,0.61,95.02,4.23,290.25,1.56,77.69,7.26,7.64,16.14,8.33,3.48
2000,111,0.59,0.59,0.6,95.12,2.92,296.25,0.17,73.38,7.75,9.81,20.85,9.34,20.87
2000,112,0.59,0.59,0.59,95.35,1.82,240.06,0.0,58.69,6.77,9.49,24.89,7.37,27.87
2000,113,0.59,0.59,0.58,95.11,2.52,203.94,0.0,45.0,6.41,11.58,30.98,6.51,27.65
2000,114,0.59,0.58,0.58,95.42,3.1,296.69,0.0,65.94,6.9,8.16,20.29,7.61,22.81
2000,115,0.59,0.58,0.58,95.35,1.7,228.06,0.0,57.19,5.07,5.44,22.92,2.89,27.73
2000,116,0.58,0.58,0.56,94.74,2.38,209.5,0.0,46.94,6.41,9.11,29.3,6.4,26.7
2000,117,0.58,0.57,0.56,94.48,2.72,198.31,0.0,38.81,6.16,14.36,32.08,5.74,25.05
2000,118,0.58,0.57,0.56,94.23,2.98,244.12,0.4,55.44,6.96,9.21,25.25,7.5,19.04
2000,119,0.57,0.56,0.56,94.65,3.24,291.5,0.21,67.94,5.8,6.58,18.12,4.99,18.14
2000,120,0.57,0.56,0.56,95.15,1.96,203.5,0.0,68.0,6.04,5.9,19.56,5.58,25.9
2000,121,0.57,0.56,0.55,94.91,2.02,140.12,0.0,56.25,5.8,7.12,26.29,4.64,28.37
2000,122,0.56,0.56,0.55,94.57,1.92,92.94,1.09,61.12,6.71,9.88,24.85,7.04,24.37
2000,123,0.56,0.56,0.56,94.91,1.87,76.88,0.69,65.12,7.02,9.0,24.91,7.72,24.81
2000,124,0.56,0.55,0.55,95.02,1.7,139.06,0.0,51.31,6.35,9.8,28.7,6.3,25.33
2000,125,0.55,0.55,0.54,94.93,2.15,206.56,0.0,42.31,6.41,12.58,31.34,6.4,24.56
2000,126,0.55,0.55,0.53,94.52,3.85,230.12,0.65,45.0,7.26,15.15,31.2,8.04,19.81
2000,127,0.55,0.55,0.54,94.46,1.49,129.25,1.3,58.81,8.61,12.69,30.64,10.62,24.31
2000,128,0.55,0.55,0.54,94.6,2.05,200.88,0.8,62.81,8.91,14.22,27.73,11.32,21.81
2000,129,0.55,0.54,0.52,94.77,2.28,157.06,0.0,59.06,9.7,14.05,32.69,12.58,24.68
2000,130,0.55,0.54,0.52,94.64,2.15,173.88,0.0,54.69,9.34,17.03,31.4,12.02,21.35
2000,131,0.55,0.54,0.53,94.83,2.8,183.88,1.91,66.12,10.19,13.92,27.93,13.42,21.41
2000,132,0.55,0.54,0.55,95.17,1.91,77.44,2.8,75.56,9.7,13.21,25.74,12.76,21.24
2000,133,0.54,0.54,0.52,95.06,1.71,115.31,0.04,60.44,9.09,12.12,32.37,11.55,20.3
2000,134,0.54,0.53,0.52,95.14,1.8,124.75,0.34,59.69,9.77,16.29,28.8,12.8,22.55
2000,135,0.54,0.53,0.52,95.33,1.57,87.0,1.03,61.5,9.28,14.89,28.85,12.03,23.04
2000,136,0.54,0.53,0.52,95.29,1.91,169.81,0.0,63.25,8.91,13.53,28.43,11.31,26.28
2000,137,0.53,0.52,0.51,95.09,1.44,235.12,0.23,54.06,8.73,12.65,30.93,11.11,26.19
2000,138,0.53,0.52,0.51,94.97,1.77,202.56,0.12,61.31,9.95,16.87,29.08,13.11,14.34
2000,139,0.53,0.52,0.52,94.95,1.66,239.69,2.31,67.88,10.25,15.47,26.83,13.54,25.51
2000,140,0.53,0.52,0.51,94.94,1.87,110.25,0.06,58.12,8.18,13.11,28.38,10.0,27.14
2000,141,0.52,0.52,0.49,94.76,1.8,222.12,0.33,55.0,9.4,13.61,31.1,12.06,25.91
2000,142,0.52,0.52,0.48,94.71,2.21,182.75,0.48,56.06,9.89,17.82,29.42,12.83,9.98
2000,143,0.52,0.52,0.52,95.13,1.95,227.62,3.03,71.81,10.86,15.65,25.95,14.51,18.72
2000,144,0.53,0.52,0.55,95.31,2.12,78.81,6.64,76.94,11.23,15.49,26.04,15.03,14.32
2000,145,0.54,0.54,0.62,94.95,1.94,88.0,12.64,72.38,11.35,14.98,29.15,15.14,18.37
2000,146,0.56,0.58,0.73,94.92,2.63,208.94,52.93,90.62,11.9,15.4,20.61,15.84,5.2
2000,147,0.62,0.66,0.77,95.05,3.9,335.62,24.25,88.88,10.74,14.3,19.4,14.28,4.31
2000,148,0.62,0.66,0.68,95.2,2.38,315.75,1.54,78.56,9.83,13.13,21.47,12.99,17.59
2000,149,0.62,0.63,0.65,95.36,1.92,285.75,0.0,64.25,9.03,12.46,25.3,11.64,28.78
2000,150,0.62,0.62,0.62,95.46,2.05,294.62,0.0,61.06,9.16,12.97,27.97,11.89,29.58
2000,151,0.61,0.61,0.61,95.57,1.92,95.0,0.0,62.0,10.25,16.37,29.47,13.65,29.77
2000,152,0.6,0.6,0.6,95.47,1.83,112.56,0.0,62.88,10.62,16.08,31.19,14.21,29.7
2000,153,0.6,0.59,0.59,95.58,2.07,86.19,0.0,60.81,9.7,14.85,30.39,12.76,29.1
2000,154,0.59,0.59,0.58,95.38,1.93,80.12,0.0,59.31,9.64,15.82,30.76,12.72,28.75
2000,155,0.59,0.59,0.57,95.17,1.67,215.12,0.0,57.19,9.77,15.0,30.76,12.83,28.9
2000,156,0.59,0.58,0.56,95.06,2.15,197.38,0.0,53.62,10.07,16.62,32.7,13.19,29.22
2000,157,0.58,0.57,0.55,95.07,1.77,221.0,0.0,50.75,10.25,17.89,33.96,13.4,25.57
2000,158,0.58,0.57,0.58,95.18,2.94,265.69,3.46,71.56,11.47,15.15,27.08,15.26,19.5
2000,159,0.58,0.57,0.57,95.44,3.11,237.56,0.16,71.38,8.42,12.69,21.69,10.64,22.38
2000,160,0.58,0.57,0.56,95.19,1.91,210.75,0.0,65.88,8.79,12.05,26.22,11.19,28.55
2000,161,0.57,0.56,0.55,94.89,2.59,220.38,0.01,51.06,8.73,13.38,32.73,10.97,27.66
2000,162,0.57,0.56,0.55,94.96,3.27,307.75,0.69,62.25,8.91,11.97,23.98,11.29,12.6
2000,163,0.57,0.56,0.55,95.27,3.85,292.69,0.63,67.31,7.57,11.05,20.61,8.97,19.38
2000,164,0.57,0.56,0.58,95.61,3.15,308.06,4.31,78.75,8.97,12.4,20.28,11.61,14.4
2000,165,0.57,0.57,0.59,95.68,1.96,289.75,4.39,74.75,9.46,12.48,23.12,12.4,16.94
2000,166,0.58,0.58,0.64,95.72,1.38,266.94,12.85,84.81,10.68,13.8,21.3,14.31,9.95
2000,167,0.58,0.59,0.6,95.63,2.16,316.56,2.14,77.38,10.01,13.61,23.44,13.3,23.96
2000,168,0.58,0.59,0.58,95.52,2.26,306.38,0.12,72.0,9.89,13.14,25.67,13.08,29.46
2000,169,0.58,0.58,0.56,95.57,1.66,111.38,0.0,57.5,8.67,13.63,29.34,10.94,30.97
2000,170,0.57,0.57,0.55,95.5,1.22,205.06,0.0,51.19,9.09,14.82,33.2,11.74,30.21
2000,171,0.57,0.56,0.55,95.33,1.6,173.75,0.01,52.81,9.64,17.35,33.35,12.53,28.77
2000,172,0.56,0.55,0.54,95.2,1.53,186.69,0.12,57.81,10.93,16.33,33.69,14.48,28.23
2000,173,0.56,0.55,0.54,95.28,2.05,247.88,1.19,60.69,11.47,18.01,32.55,15.29,24.97
2000,174,0.56,0.56,0.63,95.47,1.28,148.62,16.22,70.88,12.94,17.82,31.64,17.21,19.62
2000,175,0.57,0.58,0.58,95.47,1.64,211.44,1.05,63.31,12.02,18.69,31.61,16.01,29.49
2000,176,0.57,0.57,0.57,95.38,1.74,131.19,2.35,65.88,11.72,17.59,31.88,15.64,29.5
2000,177,0.57,0.57,0.55,95.28,1.57,136.25,0.04,64.62,11.05,16.45,32.69,14.67,28.52
2000,178,0.56,0.56,0.54,95.32,1.56,96.44,0.0,55.0,10.25,16.98,35.14,13.36,29.06
2000,179,0.56,0.55,0.53,95.38,1.59,230.75,0.0,45.19,9.89,20.05,38.0,12.8,26.79
2000,180,0.55,0.55,0.52,95.31,2.12,288.12,0.0,52.81,11.47,20.37,34.61,15.31,26.87
2000,181,0.55,0.54,0.52,95.26,1.66,183.69,0.0,53.75,10.19,18.77,33.15,13.28,27.75
2000,182,0.55,0.54,0.52,95.14,1.71,84.5,0.0,49.69,9.64,18.21,34.36,12.45,29.51
2000,183,0.55,0.53,0.51,95.0,2.02,212.69,0.0,38.31,9.28,18.74,38.81,11.83,30.97
2000,184,0.54,0.52,0.49,95.05,3.25,216.19,0.0,35.62,9.52,23.04,39.68,12.27,27.3
2000,185,0.53,0.52,0.48,94.93,3.23,220.5,0.0,32.75,9.16,24.78,39.62,11.6,25.5
2000,186,0.53,0.52,0.46,94.96,2.36,197.94,0.0,37.31,8.91,22.15,37.94,11.04,27.84
2000,187,0.52,0.52,0.45,95.16,1.49,149.94,0.0,45.06,10.19,20.49,39.03,13.12,27.22
2000,188,0.52,0.51,0.43,95.22,2.34,155.75,0.0,31.94,8.18,22.71,41.47,9.65,28.75
2000,189,0.52,0.51,0.41,95.09,2.48,239.5,0.0,26.06,6.47,21.35,40.56,6.01,29.27
2000,190,0.52,0.5,0.41,95.05,2.68,185.0,0.0,46.81,9.77,19.23,34.62,12.4,25.23
2000,191,0.52,0.5,0.41,95.17,2.59,57.5,0.0,58.31,10.44,18.1,30.51,13.85,26.45
2000,192,0.52,0.5,0.41,94.38,2.6,205.56,0.0,46.94,10.13,19.58,35.4,13.12,23.19
2000,193,0.52,0.5,0.41,94.55,3.14,227.12,0.0,61.81,11.11,18.31,29.9,14.69,24.0
2000,194,0.51,0.5,0.41,95.26,3.02,201.06,0.0,63.75,10.01,16.3,26.94,13.27,26.24
2000,195,0.51,0.5,0.4,95.45,2.12,61.38,0.0,54.62,8.24,14.62,31.15,10.28,27.78
2000,196,0.51,0.5,0.4,95.2,2.33,227.19,0.0,61.0,9.46,14.24,30.05,12.42,27.57
2000,197,0.51,0.5,0.39,94.87,3.05,236.88,0.01,63.31,10.38,15.37,28.57,13.67,25.81
2000,198,0.51,0.49,0.39,94.86,2.39,148.31,0.0,62.69,10.5,16.0,31.3,13.86,27.8
2000,199,0.5,0.49,0.38,94.84,1.94,172.44,0.13,49.5,10.25,16.44,37.66,13.4,19.74
2000,200,0.5,0.49,0.38,95.03,2.5,180.62,0.12,58.81,12.27,18.96,32.85,16.3,20.77
2000,201,0.5,0.49,0.37,95.14,1.93,58.31,0.0,55.5,10.01,17.58,33.69,12.98,27.42
2000,202,0.5,0.49,0.36,95.05,1.84,104.94,0.0,44.31,9.22,18.69,35.86,11.86,27.7
2000,203,0.5,0.48,0.35,95.08,2.08,77.62,0.0,44.38,9.28,19.83,35.52,11.97,26.34
2000,204,0.5,0.48,0.34,95.14,1.98,98.81,0.0,38.69,8.42,19.24,37.44,10.45,26.72
2000,205,0.49,0.48,0.33,94.97,2.98,195.56,0.0,29.94,7.81,22.58,40.52,9.23,25.55
2000,206,0.49,0.48,0.32,94.91,2.61,214.88,0.0,41.0,9.52,21.68,37.24,12.12,25.51
2000,207,0.49,0.48,0.31,94.73,1.88,230.62,0.0,40.69,9.46,20.62,38.76,11.8,24.87
2000,208,0.49,0.48,0.3,94.94,2.23,216.88,0.0,37.62,8.85,21.47,39.48,11.01,26.51
2000,209,0.49,0.48,0.3,95.13,1.59,184.56,0.02,41.31,10.07,21.63,40.98,12.87,26.47
2000,210,0.49,0.48,0.3,95.18,2.4,309.0,0.0,46.56,10.8,20.03,36.8,14.22,26.09
2000,211,0.48,0.48,0.3,95.46,2.59,107.12,0.21,61.19,11.11,18.3,31.08,14.73,25.94
2000,212,0.48,0.48,0.3,95.6,2.03,99.88,0.0,54.5,9.28,17.01,31.72,11.93,26.11
2000,213,0.48,0.48,0.3,95.71,1.96,158.75,0.0,50.19,8.73,17.44,32.28,10.94,25.93
2000,214,0.48,0.48,0.3,95.63,1.84,139.94,0.04,36.19,7.14,16.97,35.73,7.94,26.52
2000,215,0.48,0.48,0.29,95.54,1.55,100.5,0.0,29.19,6.71,20.69,37.11,7.09,25.13
2000,216,0.48,0.48,0.29,95.23,1.7,233.12,0.01,30.19,7.51,20.26,38.48,8.75,25.34
2000,217,0.48,0.48,0.37,95.14,3.54,304.19,7.05,54.81,10.99,19.05,33.37,14.28,22.53
2000,218,0.49,0.48,0.45,95.51,2.95,48.56,0.58,61.56,9.83,17.49,26.05,12.93,8.48
2000,219,0.49,0.48,0.45,95.6,1.79,61.44,2.66,72.06,10.44,16.54,21.4,13.96,16.64
2000,220,0.49,0.48,0.43,95.58,2.09,69.94,0.1,64.31,10.01,16.05,27.89,13.28,26.2
2000,221,0.49,0.48,0.43,95.4,1.89,148.81,2.19,62.06,10.99,16.08,31.44,14.72,26.71
2000,222,0.49,0.48,0.41,95.38,2.0,176.81,0.0,58.56,11.17,18.62,33.03,14.9,25.23
2000,223,0.48,0.48,0.4,95.46,1.98,138.88,0.0,62.31,10.44,17.25,30.98,13.69,26.84
2000,224,0.48,0.48,0.38,95.21,1.72,139.06,0.0,43.62,7.87,16.19,35.15,9.21,27.21
2000,225,0.48,0.48,0.36,94.99,2.91,218.75,0.1,43.94,9.46,19.9,34.87,12.26,23.6
2000,226,0.48,0.48,0.35,95.41,2.33,287.19,0.0,55.12,10.56,19.42,31.71,13.91,26.53
2000,227,0.48,0.48,0.34,95.67,1.94,78.31,0.0,56.12,10.01,17.73,31.93,13.12,26.54
2000,228,0.48,0.48,0.34,95.61,2.02,159.56,0.0,53.19,9.34,16.54,32.53,12.08,26.13
2000,229,0.48,0.48,0.33,95.37,1.91,86.0,0.0,50.56,9.58,17.75,32.76,12.39,26.21
2000,230,0.48,0.47,0.32,95.1,1.69,195.75,0.0,39.56,8.3,18.12,36.71,10.24,26.01
2000,231,0.48,0.47,0.31,94.97,2.98,225.81,0.0,29.94,7.63,21.36,38.91,8.96,25.57
2000,232,0.48,0.47,0.3,95.21,3.08,216.69,0.0,28.81,8.12,24.07,40.1,10.0,23.31
2000,233,0.48,0.47,0.29,95.29,2.23,239.56,0.0,26.56,7.63,23.86,41.55,8.97,23.41
2000,234,0.48,0.47,0.28,95.19,1.94,155.75,0.0,25.25,6.96,24.28,41.96,7.35,23.14
2000,235,0.48,0.47,0.27,95.21,1.73,201.31,0.0,35.25,9.03,23.75,39.37,10.92,22.17
2000,236,0.48,0.46,0.27,95.41,2.3,189.69,0.0,40.06,10.07,22.55,40.18,12.9,23.54
2000,237,0.47,0.46,0.26,95.54,2.12,193.69,0.0,30.75,8.12,22.83,40.69,9.62,23.89
2000,238,0.47,0.46,0.25,95.3,1.5,239.88,0.0,21.69,5.98,24.12,40.73,5.37,24.88
2000,239,0.47,0.46,0.24,95.04,2.12,204.19,0.0,25.56,6.77,22.83,39.89,6.48,23.58
2000,240,0.47,0.46,0.23,95.2,2.17,202.12,0.05,43.31,9.77,21.58,38.96,11.25,23.09
2000,241,0.47,0.46,0.23,95.34,2.11,132.06,0.08,50.44,10.93,21.6,38.33,13.74,21.11
2000,242,0.47,0.46,0.23,95.28,1.27,204.12,0.0,35.19,8.06,21.08,37.24,8.75,21.9
2000,243,0.47,0.46,0.22,94.91,4.07,207.81,0.0,17.62,4.7,22.9,39.74,2.05,22.86
2000,244,0.47,0.46,0.21,94.7,3.9,250.12,0.0,28.44,6.77,22.72,39.81,5.04,20.85
2000,245,0.47,0.46,0.21,94.82,2.1,103.62,0.03,56.12,12.02,20.62,37.58,15.48,23.89
2000,246,0.47,0.46,0.21,94.88,1.78,210.19,0.39,49.56,10.8,20.91,36.75,13.95,13.43
2000,247,0.49,0.5,0.58,95.03,1.89,65.19,23.4,78.44,13.61,18.55,25.77,17.99,21.45
2000,248,0.5,0.51,0.55,95.08,2.28,116.88,9.85,74.31,12.51,17.48,30.14,16.63,16.1
2000,249,0.5,0.51,0.5,95.53,2.5,80.5,0.3,66.31,9.64,16.06,26.05,12.57,21.57
2000,250,0.5,0.51,0.48,95.5,1.97,235.81,0.0,65.5,9.28,14.8,26.96,11.94,22.98
2000,251,0.5,0.5,0.47,95.14,1.84,291.69,0.0,55.25,7.51,13.38,28.2,7.95,18.93
2000,252,0.49,0.5,0.48,95.07,3.66,198.31,1.09,72.31,10.31,14.83,24.46,13.62,16.09
2000,253,0.49,0.49,0.48,95.45,2.45,19.56,0.33,71.06,9.95,15.51,24.86,13.16,18.4
2000,254,0.49,0.49,0.46,95.46,1.56,92.88,0.0,67.0,9.64,14.05,28.55,12.69,22.52
2000,255,0.49,0.49,0.44,95.09,1.77,192.44,0.0,55.06,8.36,13.74,31.48,10.16,22.85
2000,256,0.49,0.48,0.43,94.98,1.8,182.44,0.0,52.12,9.03,15.95,32.77,11.26,21.24
2000,257,0.49,0.48,0.43,95.04,1.78,185.19,0.93,63.25,11.11,18.34,31.95,14.46,19.22
2000,258,0.48,0.48,0.43,95.23,1.84,85.44,0.01,61.75,10.44,16.78,31.19,13.69,21.08
2000,259,0.48,0.48,0.41,95.29,1.85,116.56,0.0,45.31,7.39,14.83,33.22,8.47,21.18
2000,260,0.48,0.48,0.39,95.22,2.26,235.38,0.0,45.56,8.97,18.34,34.69,11.44,21.69
2000,261,0.48,0.48,0.38,94.91,2.63,244.5,0.0,37.88,7.81,18.44,35.5,9.12,18.64
2000,262,0.48,0.48,0.38,94.74,1.8,226.0,0.0,51.25,10.07,20.05,33.01,13.01,17.29
2000,263,0.48,0.48,0.36,94.38,3.65,179.94,0.0,38.44,7.26,18.87,35.37,7.27,17.95
2000,264,0.48,0.47,0.36,94.68,3.26,289.12,0.0,62.38,10.13,16.64,30.31,12.98,18.47
2000,265,0.48,0.47,0.36,95.43,2.0,225.81,0.0,60.0,8.61,14.58,26.54,10.87,16.62
2000,266,0.48,0.47,0.36,95.38,1.49,89.31,0.0,57.75,8.48,13.05,30.51,10.75,19.66
2000,267,0.48,0.47,0.35,95.1,2.07,247.06,0.15,46.94,8.61,17.27,32.57,10.73,17.44
2000,268,0.48,0.47,0.35,95.26,1.76,225.75,1.54,47.0,9.4,20.67,32.08,12.18,11.53
2000,269,0.48,0.48,0.51,95.54,1.55,192.12,8.48,72.81,11.96,17.54,26.15,15.98,19.43
2000,270,0.48,0.48,0.48,95.42,1.31,188.56,1.14,58.69,10.5,17.33,31.29,13.95,13.87
2000,271,0.49,0.49,0.52,95.3,1.4,191.88,7.96,68.0,11.6,18.48,26.85,15.43,15.19
2000,272,0.49,0.5,0.51,94.96,2.2,220.88,2.2,68.75,10.8,16.72,26.83,14.29,15.05
2000,273,0.49,0.5,0.5,94.31,2.66,239.62,1.73,73.56,10.31,15.44,24.15,13.58,7.39
2000,274,0.49,0.5,0.48,94.34,2.03,302.38,0.33,71.25,8.97,13.34,22.43,11.36,11.72
2000,275,0.49,0.49,0.48,94.71,3.09,286.25,1.25,68.75,8.06,12.79,21.11,9.73,13.01
2000,276,0.49,0.5,0.51,95.06,4.28,294.06,3.91,75.44,8.67,11.72,20.0,10.94,8.18
2000,277,0.5,0.5,0.52,95.19,4.18,319.31,2.8,76.88,8.48,12.93,18.83,10.7,8.95
2000,278,0.5,0.5,0.51,95.19,3.41,324.75,2.47,78.5,9.03,12.8,20.29,11.69,11.33
2000,279,0.5,0.51,0.51,95.28,2.65,317.31,1.78,83.0,9.77,12.55,21.15,12.86,8.49
2000,280,0.5,0.51,0.51,95.39,1.85,228.56,2.34,82.0,10.13,13.9,22.42,13.48,14.71
2000,281,0.5,0.51,0.49,95.56,2.11,223.69,0.22,78.88,8.85,11.19,19.65,11.36,10.36
2000,282,0.5,0.5,0.48,95.49,1.88,327.81,0.0,71.19,7.75,10.63,21.81,9.37,16.75
2000,283,0.5,0.5,0.48,95.16,0.93,215.69,0.01,68.0,8.12,11.8,24.65,9.81,16.94
2000,284,0.5,0.5,0.48,94.47,3.12,257.88,0.1,57.62,7.45,12.16,26.42,7.85,15.16
2000,285,0.5,0.5,0.48,94.33,2.28,230.56,0.01,60.19,7.63,11.69,27.56,8.72,17.69
2000,286,0.49,0.49,0.47,94.09,2.8,201.38,0.0,52.19,7.2,11.94,29.8,7.76,16.9
2000,287,0.49,0.49,0.48,94.27,3.24,198.0,1.78,78.06,9.28,10.23,24.34,11.68,8.71
2000,288,0.5,0.5,0.52,94.61,2.3,302.88,5.81,82.38,7.57,9.48,15.89,8.87,0.96
2000,289,0.5,0.5,0.49,94.79,2.36,244.94,0.1,65.31,6.23,7.28,18.91,6.03,14.42
2000,290,0.5,0.5,0.48,95.31,2.61,259.25,0.0,62.12,6.53,9.19,21.95,6.79,12.69
2000,291,0.5,0.5,0.48,95.92,1.19,81.62,0.44,72.88,8.06,11.37,21.08,10.02,14.36
2000,292,0.5,0.5,0.48,95.97,1.6,83.12,0.37,75.56,8.3,10.45,22.26,10.4,12.53
2000,293,0.5,0.5,0.48,95.68,1.46,169.94,0.0,66.44,6.96,9.01,23.72,7.8,16.43
2000,294,0.5,0.49,0.48,95.37,1.63,200.31,0.0,60.38,7.14,9.89,24.74,8.17,16.23
2000,295,0.5,0.49,0.49,95.22,1.75,152.25,1.78,67.81,8.79,11.38,24.3,11.23,12.12
2000,296,0.5,0.49,0.48,95.41,2.68,144.38,0.5,66.12,8.91,12.69,26.01,11.51,10.44
2000,297,0.49,0.49,0.48,95.37,3.18,136.62,0.21,73.62,9.64,14.08,23.95,12.7,6.96
2000,298,0.49,0.49,0.48,95.29,2.59,173.06,0.82,69.75,9.52,14.23,25.79,12.47,14.47
2000,299,0.49,0.49,0.48,95.43,2.79,199.69,0.94,72.12,9.22,14.01,24.25,11.99,5.51
2000,300,0.5,0.5,0.56,95.35,1.81,262.44,14.22,78.75,9.52,13.08,22.12,12.41,11.68
2000,301,0.52,0.52,0.56,95.57,1.88,330.62,6.5,86.44,9.22,12.43,18.36,12.02,10.45
2000,302,0.52,0.53,0.52,95.67,0.9,146.12,0.61,75.69,8.42,12.4,21.59,10.68,13.43
2000,303,0.52,0.52,0.5,95.57,1.39,206.5,0.03,76.81,8.24,10.27,22.28,10.31,14.39
2000,304,0.52,0.52,0.5,95.26,2.21,214.62,0.0,68.06,7.39,9.47,23.5,8.67,14.43
2000,305,0.52,0.52,0.49,94.86,3.84,254.75,1.11,67.56,7.87,11.17,23.64,9.4,13.83
2000,306,0.52,0.52,0.52,95.17,1.45,249.62,1.19,81.19,8.24,9.7,17.8,10.28,6.3
2000,307,0.52,0.52,0.49,94.99,2.92,211.56,0.0,61.44,6.1,6.8,24.12,5.69,14.38
2000,308,0.52,0.52,0.49,94.72,3.52,224.25,0.2,60.25,6.77,11.44,24.1,7.15,11.1
2000,309,0.52,0.52,0.5,95.34,1.6,322.81,0.3,74.19,7.2,10.83,16.55,8.31,10.5
2000,310,0.52,0.52,0.49,95.3,1.47,239.19,0.0,65.69,6.16,8.83,19.25,5.96,9.07
2000,311,0.51,0.51,0.49,94.28,4.77,219.5,0.77,58.19,6.04,8.69,22.87,5.54,12.33
2000,312,0.51,0.51,0.49,94.31,2.98,273.38,0.05,68.88,6.16,7.88,18.05,5.82,11.88
2000,313,0.51,0.51,0.49,94.72,1.89,261.25,0.0,68.12,5.49,4.04,17.37,4.13,13.06
2000,314,0.51,0.51,0.49,95.22,1.13,202.69,0.0,76.31,6.9,8.76,18.35,7.55,12.42
2000,315,0.51,0.51,0.49,95.43,1.24,114.81,0.0,76.12,7.14,6.83,22.05,7.88,12.97
2000,316,0.51,0.51,0.48,95.59,1.44,175.81,0.0,69.12,7.69,10.01,26.0,9.12,10.89
2000,317,0.51,0.51,0.48,95.36,4.17,206.69,0.0,53.94,6.47,13.46,25.79,6.77,12.6
2000,318,0.51,0.5,0.48,95.02,4.73,205.44,0.0,47.06,5.49,11.88,23.58,4.34,8.23
2000,319,0.5,0.5,0.48,94.86,2.49,193.0,0.01,55.75,5.86,9.86,20.65,5.08,6.16
2000,320,0.5,0.5,0.48,94.73,2.55,181.38,0.78,56.0,5.92,9.66,21.41,5.27,4.18
2000,321,0.51,0.51,0.52,94.62,4.02,247.94,3.84,69.25,6.1,8.48,18.83,5.72,4.5
2000,322,0.51,0.51,0.53,94.95,2.41,279.94,8.93,78.56,6.16,5.95,13.43,5.92,8.52
2000,323,0.52,0.54,0.59,95.17,3.18,313.69,8.8,87.56,6.29,6.36,11.11,6.33,4.86
2000,324,0.52,0.54,0.52,95.11,2.02,285.94,0.43,79.81,6.04,6.24,13.33,5.64,8.5
2000,325,0.52,0.53,0.52,94.93,2.88,219.81,0.0,59.31,4.27,3.21,17.08,0.73,12.51
2000,326,0.52,0.53,0.52,95.06,3.38,279.94,1.26,70.19,5.74,7.3,15.01,4.82,6.4
2000,327,0.52,0.53,0.51,95.35,1.55,230.94,0.0,71.5,5.43,4.44,17.65,4.19,12.25
2000,328,0.52,0.52,0.51,95.01,3.26,221.0,0.67,64.0,5.37,5.97,20.04,4.03,10.38
2000,329,0.53,0.54,0.57,94.98,3.6,283.88,8.36,73.81,5.92,6.96,13.32,5.29,7.81
2000,330,0.53,0.54,0.52,95.16,2.44,263.69,0.2,83.06,6.35,5.46,13.29,6.27,2.22
2000,331,0.53,0.54,0.52,95.56,3.0,270.88,0.0,82.75,7.51,6.19,19.58,8.87,7.56
2000,332,0.53,0.53,0.52,95.81,2.52,280.19,0.0,82.69,7.87,7.69,20.35,9.62,8.42
2000,333,0.53,0.53,0.52,95.72,1.68,182.0,0.0,71.06,6.84,7.93,23.17,7.34,11.94
2000,334,0.53,0.53,0.51,95.29,3.09,220.75,0.0,65.0,6.29,8.98,23.17,6.33,8.74
2000,335,0.53,0.53,0.51,95.48,1.55,211.38,0.0,74.19,6.59,7.49,19.94,6.89,11.47
2000,336,0.53,0.53,0.51,95.49,1.83,236.12,0.0,66.69,6.29,7.43,22.01,6.38,6.67
2000,337,0.53,0.53,0.53,95.5,1.59,260.25,10.47,68.5,6.23,6.76,21.13,6.01,10.2
2000,338,0.55,0.55,0.61,95.53,3.18,290.75,8.06,87.56,6.84,7.22,12.89,7.5,5.87
2000,339,0.55,0.55,0.55,95.67,1.47,251.31,0.35,78.0,5.98,5.64,14.3,5.6,10.22
2000,340,0.55,0.55,0.54,95.53,1.53,225.31,0.0,64.75,5.25,4.61,20.4,3.61,11.33
2000,341,0.55,0.55,0.53,95.45,2.73,229.44,0.0,58.31,5.55,8.68,21.25,4.44,8.48
2000,342,0.55,0.55,0.52,95.29,3.62,208.19,0.0,49.81,4.94,9.19,23.12,2.83,10.9
2000,343,0.54,0.55,0.52,95.28,2.9,212.25,0.0,48.75,5.13,9.4,22.6,3.18,8.61
2000,344,0.54,0.55,0.52,95.79,1.34,286.5,0.0,73.88,6.59,7.85,16.38,6.56,8.61
2000,345,0.54,0.55,0.52,96.34,1.03,176.94,0.0,87.19,7.63,9.19,15.59,9.39,9.23
2000,346,0.54,0.54,0.52,96.54,1.46,191.62,0.0,82.81,7.08,7.11,19.21,8.25,8.61
2000,347,0.54,0.54,0.52,96.53,1.38,195.0,0.0,62.5,5.0,5.63,20.29,2.72,10.7
2000,348,0.54,0.54,0.52,96.34,1.86,240.69,0.0,52.06,4.21,5.01,20.46,0.7,10.88
2000,349,0.54,0.54,0.52,95.79,2.37,222.88,0.0,52.88,4.33,5.51,22.28,0.95,10.64
2000,350,0.54,0.54,0.52,95.22,2.33,260.5,0.5,64.19,4.94,4.98,19.91,2.48,10.62
2000,351,0.54,0.54,0.55,95.37,1.2,318.88,2.93,83.5,6.1,6.62,12.0,5.83,6.69
2000,352,0.54,0.54,0.54,95.49,1.73,265.88,1.18,82.94,5.68,4.57,13.03,4.9,7.15
2000,353,0.54,0.54,0.53,95.79,1.72,211.69,0.0,76.19,5.25,2.19,15.26,3.8,10.6
2000,354,0.54,0.54,0.52,95.57,1.99,216.31,0.0,63.62,4.09,1.83,17.56,0.18,10.68
2000,355,0.54,0.54,0.52,94.84,2.09,198.5,0.0,56.56,3.91,0.97,17.32,-0.48,10.52
2000,356,0.54,0.54,0.53,94.57,1.65,248.0,1.51,79.19,5.62,5.35,11.91,4.56,2.18
2000,357,0.54,0.54,0.52,94.53,2.14,191.19,0.0,72.69,4.94,1.65,16.45,2.78,9.57
2000,358,0.54,0.54,0.53,94.62,2.61,217.5,1.16,69.94,5.07,4.82,14.63,3.05,8.13
2000,359,0.54,0.54,0.52,94.41,5.27,204.31,0.0,65.31,5.0,4.55,16.56,2.94,6.95
2000,360,0.54,0.54,0.52,94.1,4.21,228.31,1.11,66.69,5.19,6.16,13.99,3.36,3.14
2000,361,0.54,0.54,0.52,93.87,4.93,211.12,0.64,64.75,5.68,6.26,19.5,4.62,8.44
2000,362,0.54,0.54,0.52,93.37,4.8,242.31,1.38,76.56,5.92,5.75,13.4,5.11,5.1
2000,363,0.55,0.55,0.59,94.28,4.88,271.81,9.58,79.25,5.62,5.48,11.34,4.51,3.65
2000,364,0.55,0.55,0.57,94.38,6.05,279.69,3.82,78.5,6.35,6.46,13.22,6.38,5.95
2000,365,0.55,0.56,0.59,94.1,6.0,256.88,10.0,77.94,5.86,4.9,15.65,5.14,4.61
2000,366,0.56,0.58,0.62,94.78,6.83,312.56,4.8,70.88,3.91,0.57,7.51,-0.51,5.61
2001,1,0.56,0.58,0.57,95.22,2.36,226.81,0.0,64.56,3.66,-0.79,15.26,-1.38,10.07
2001,2,0.56,0.57,0.56,95.13,3.12,227.0,0.0,59.38,4.46,5.08,18.18,1.21,8.38
2001,3,0.56,0.57,0.56,95.53,1.95,256.0,0.0,78.31,5.49,3.7,15.12,4.4,10.44
2001,4,0.56,0.57,0.55,95.55,2.54,252.25,0.0,73.06,5.68,4.99,17.15,4.85,7.81
2001,5,0.56,0.56,0.55,95.36,2.83,223.31,0.0,67.44,5.86,4.89,20.78,5.28,9.58
2001,6,0.56,0.56,0.55,94.87,4.04,207.38,0.0,51.5,5.0,7.81,22.33,2.83,10.56
2001,7,0.55,0.56,0.55,94.96,2.05,280.0,2.18,73.81,5.37,4.62,13.64,3.65,6.28
2001,8,0.56,0.57,0.59,95.33,3.3,278.88,3.08,81.31,4.94,2.3,10.31,2.76,7.39
2001,9,0.56,0.57,0.55,95.59,2.42,211.44,0.0,63.88,3.42,-0.07,15.08,-2.42,11.22
2001,10,0.56,0.56,0.55,95.54,2.91,222.25,0.0,53.88,4.09,3.45,18.2,-0.1,11.26
2001,11,0.56,0.56,0.55,95.2,3.08,208.5,0.0,49.75,3.91,5.28,19.31,-0.64,10.96
2001,12,0.55,0.56,0.55,94.53,2.48,221.06,0.02,48.81,3.66,4.05,16.75,-1.6,9.34
2001,13,0.57,0.58,0.66,94.21,2.73,294.81,22.74,92.62,6.29,4.33,8.85,5.91,2.89
2001,14,0.6,0.62,0.74,94.64,2.62,189.31,22.08,93.56,6.9,7.15,10.44,7.64,2.55
2001,15,0.61,0.63,0.69,95.17,1.34,270.56,3.71,88.94,6.23,5.12,10.8,6.2,5.47
2001,16,0.61,0.62,0.66,95.33,1.84,241.69,0.22,79.81,5.25,3.08,12.19,3.66,10.44
2001,17,0.61,0.62,0.65,95.51,2.06,265.75,1.16,78.81,5.25,4.19,12.75,3.68,9.51
2001,18,0.61,0.62,0.65,95.53,2.0,221.56,0.18,73.75,4.7,3.29,14.2,1.99,11.86
2001,19,0.62,0.62,0.7,94.92,4.73,250.19,16.3,81.81,5.68,5.12,10.68,4.74,5.96
2001,20,0.65,0.67,0.8,95.45,6.13,325.06,28.39,90.62,6.35,6.93,9.06,6.53,2.85
2001,21,0.66,0.68,0.73,95.99,2.19,314.12,1.28,83.5,5.68,3.18,12.45,4.93,11.38
2001,22,0.65,0.67,0.7,95.67,3.08,212.88,0.0,65.31,4.21,1.48,16.9,0.51,12.87
2001,23,0.65,0.66,0.69,95.56,3.38,230.19,0.0,55.81,4.27,4.79,18.86,0.8,11.41
2001,24,0.65,0.66,0.69,95.49,2.73,227.94,0.0,59.81,5.19,5.51,20.12,3.23,12.1
2001,25,0.65,0.65,0.68,95.28,2.46,242.75,0.81,62.69,5.62,6.3,20.3,4.19,9.72
2001,26,0.65,0.66,0.71,95.33,2.32,261.94,4.75,77.81,5.55,4.19,12.21,4.41,9.91
2001,27,0.65,0.66,0.7,94.88,3.05,247.5,2.57,87.94,6.59,4.11,13.43,6.75,4.21
2001,28,0.65,0.66,0.7,93.93,3.98,243.06,3.44,79.5,6.71,5.24,16.03,7.0,7.95
2001,29,0.66,0.67,0.75,93.83,4.34,275.44,18.47,90.25,5.62,3.95,7.83,4.55,6.18
2001,30,0.67,0.7,0.77,94.82,4.61,310.81,7.2,83.56,5.13,4.06,8.84,3.3,3.61
2001,31,0.68,0.7,0.77,94.96,4.48,303.25,17.49,84.0,5.55,4.12,10.75,4.5,5.8
2001,32,0.7,0.73,0.84,94.98,5.32,319.44,24.48,89.81,5.74,4.46,8.45,4.87,3.35
2001,33,0.72,0.74,0.79,95.71,3.41,317.5,3.55,82.38,4.64,1.04,8.33,2.0,9.54
2001,34,0.72,0.73,0.76,95.76,1.97,230.12,0.0,72.06,4.09,-1.51,14.69,0.19,14.83
2001,35,0.71,0.73,0.75,95.54,2.48,227.19,0.0,65.31,4.52,1.69,18.4,1.53,14.58
2001,36,0.71,0.72,0.75,95.64,1.91,254.88,0.0,71.25,5.25,2.8,17.06,3.51,14.03
2001,37,0.71,0.72,0.74,95.62,2.54,210.62,0.0,66.19,4.88,3.29,19.64,2.6,14.61
2001,38,0.7,0.71,0.73,95.25,4.59,206.69,0.0,49.38,3.72,5.06,18.51,-1.29,14.92
2001,39,0.7,0.71,0.73,95.08,2.17,248.75,0.17,60.75,4.39,2.87,17.06,0.73,12.49
2001,40,0.7,0.71,0.76,95.58,4.42,292.19,4.89,83.38,5.37,5.19,9.84,4.1,8.1
2001,41,0.7,0.71,0.74,96.21,4.1,313.0,0.64,83.69,5.49,2.26,12.28,4.52,9.25
2001,42,0.7,0.71,0.74,96.71,3.55,334.5,0.32,84.94,5.74,5.21,12.25,5.26,12.36
2001,43,0.7,0.71,0.74,96.61,2.17,339.75,0.4,86.25,5.92,5.24,12.89,5.65,10.63
2001,44,0.7,0.7,0.73,95.85,1.35,212.38,0.07,69.69,4.46,0.99,16.61,1.15,16.08
2001,45,0.7,0.7,0.73,95.09,1.81,232.81,0.02,61.69,4.82,3.06,17.67,2.21,14.8
2001,46,0.7,0.7,0.73,95.21,1.1,151.62,1.49,66.81,5.49,5.95,17.59,4.0,12.15
2001,47,0.7,0.7,0.74,95.58,1.45,174.0,1.52,71.94,5.55,5.4,15.19,4.49,11.51
2001,48,0.7,0.7,0.75,95.71,1.66,285.62,5.86,85.88,6.04,3.92,12.98,5.79,9.39
2001,49,0.7,0.72,0.77,95.74,1.95,156.06,4.59,86.19,5.68,5.19,9.65,4.92,10.12
2001,50,0.7,0.71,0.75,96.08,1.45,172.69,0.98,82.88,5.62,4.09,12.11,4.76,13.48
2001,51,0.7,0.71,0.74,96.05,2.03,282.0,0.0,81.12,5.37,3.18,14.61,4.15,16.21
2001,52,0.7,0.71,0.73,95.93,2.3,308.69,0.0,85.12,5.49,2.35,12.63,4.44,15.59
2001,53,0.7,0.7,0.73,95.45,1.95,277.88,0.0,72.44,4.88,3.8,16.68,2.58,17.22
2001,54,0.7,0.7,0.73,94.59,1.95,266.38,0.0,56.75,4.03,2.46,18.05,-0.29,17.63
2001,55,0.7,0.7,0.73,94.05,1.96,266.94,0.0,66.88,5.43,4.73,17.69,3.63,11.89
2001,56,0.7,0.7,0.74,94.14,2.45,300.19,3.4,87.25,6.16,4.35,12.37,5.8,7.42
2001,57,0.7,0.7,0.74,94.58,2.49,311.0,2.02,83.25,5.19,4.44,9.78,3.47,9.29
2001,58,0.7,0.7,0.73,93.98,3.18,231.94,0.58,76.12,4.76,1.2,11.35,2.19,12.24
2001,59,0.7,0.7,0.73,93.9,3.8,263.0,1.25,76.81,4.46,2.27,8.69,1.12,9.75
2001,60,0.69,0.7,0.73,94.63,3.6,241.81,0.27,73.25,4.64,1.21,13.29,1.73,13.66
2001,61,0.69,0.7,0.72,94.42,6.44,206.38,0.0,47.0,4.39,6.97,20.14,0.98,15.09
2001,62,0.68,0.69,0.72,94.36,2.8,235.12,0.37,60.69,5.86,7.4,18.89,4.62,10.42
2001,63,0.68,0.69,0.71,94.82,3.21,220.0,0.0,63.06,6.23,6.58,21.3,5.99,16.23
2001,64,0.68,0.68,0.7,95.17,2.65,246.88,0.0,60.81,6.65,9.91,24.51,6.97,15.57
2001,65,0.67,0.67,0.7,95.45,1.5,243.12,0.0,62.44,7.45,10.02,24.76,8.73,18.58
2001,66,0.67,0.67,0.7,95.03,2.0,208.62,0.0,51.5,7.2,12.93,28.69,8.15,18.09
2001,67,0.66,0.66,0.7,94.92,2.52,285.62,0.01,71.56,6.96,9.5,17.83,7.72,13.84
2001,68,0.66,0.66,0.7,95.1,1.91,284.56,0.02,76.5,6.77,6.41,17.76,7.3,18.73
2001,69,0.66,0.66,0.7,95.3,1.87,276.56,0.02,83.31,7.51,6.54,18.19,8.88,15.82
2001,70,0.66,0.66,0.7,95.45,2.0,289.94,0.28,86.12,8.54,8.49,18.26,10.86,14.4
2001,71,0.66,0.66,0.69,95.09,2.44,216.75,0.0,66.62,7.51,7.57,25.2,8.83,20.18
2001,72,0.66,0.66,0.69,95.3,2.88,298.81,0.0,80.69,7.26,6.26,15.7,8.39,14.08
2001,73,0.65,0.65,0.68,95.38,1.34,200.5,0.0,70.69,5.55,5.34,19.83,4.21,21.25
2001,74,0.65,0.65,0.67,95.04,1.95,210.06,0.0,57.31,6.16,5.53,24.63,5.67,18.65
2001,75,0.64,0.64,0.66,94.58,2.84,243.62,0.0,61.19,7.2,10.91,25.41,8.06,13.93
2001,76,0.64,0.64,0.66,94.68,1.82,247.94,0.09,80.38,7.63,8.96,18.0,9.02,14.59
2001,77,0.64,0.64,0.66,94.77,1.61,205.0,0.09,79.88,7.69,8.94,19.37,9.19,13.23
2001,78,0.63,0.63,0.66,95.34,1.48,296.94,0.0,71.38,6.53,7.82,20.17,6.63,21.43
2001,79,0.63,0.63,0.65,95.33,1.87,236.56,0.0,56.81,5.98,6.55,24.82,5.41,21.69
2001,80,0.63,0.62,0.64,95.22,2.14,250.0,0.0,51.31,5.98,8.62,25.94,5.36,19.18
2001,81,0.62,0.62,0.63,95.2,1.98,251.25,0.0,48.94,6.16,10.19,27.27,5.87,18.38
2001,82,0.62,0.62,0.62,95.04,2.81,212.0,0.0,40.0,5.8,11.84,30.85,4.83,22.12
2001,83,0.62,0.61,0.6,94.63,4.21,208.75,0.0,34.81,5.19,14.18,30.04,3.17,22.27
2001,84,0.61,0.6,0.6,94.44,2.74,281.94,0.0,55.31,6.41,9.74,24.68,6.23,19.38
2001,85,0.61,0.6,0.62,94.46,1.79,291.69,1.82,76.62,7.26,9.15,18.76,8.26,14.35
2001,86,0.61,0.6,0.61,94.81,2.27,237.0,0.01,74.06,6.59,6.82,19.34,6.8,22.61
2001,87,0.6,0.6,0.6,94.87,2.7,199.38,0.13,62.06,5.98,8.08,23.09,5.23,18.9
2001,88,0.6,0.6,0.6,94.87,2.66,256.06,0.66,69.94,6.59,8.8,18.8,6.89,21.94
2001,89,0.6,0.6,0.64,94.82,5.87,307.44,6.62,69.81,5.68,7.27,12.37,4.73,14.01
2001,90,0.61,0.61,0.66,95.08,4.95,329.75,9.21,79.19,6.1,7.08,11.86,5.86,7.99
2001,91,0.61,0.62,0.63,95.52,2.24,332.62,0.0,81.56,6.71,7.44,16.74,7.34,16.57
2001,92,0.61,0.61,0.62,95.44,1.68,112.5,0.0,66.94,5.49,5.48,19.52,4.23,24.32
2001,93,0.61,0.61,0.61,95.4,1.84,195.69,0.0,62.0,5.43,5.09,20.98,4.11,23.78
2001,94,0.6,0.6,0.6,95.38,2.57,268.12,0.0,63.06,6.29,7.58,23.08,6.0,22.74
2001,95,0.6,0.6,0.6,95.6,2.05,293.0,0.0,73.94,7.39,8.23,21.45,8.6,23.28
2001,96,0.59,0.59,0.6,95.56,1.84,244.31,0.0,73.0,7.69,9.96,22.34,9.35,23.75
2001,97,0.59,0.59,0.59,94.96,3.41,269.44,1.06,67.0,7.51,9.51,25.26,8.58,19.62
2001,98,0.59,0.59,0.59,95.27,4.62,303.88,0.85,72.69,6.35,7.33,16.47,6.44,17.89
2001,99,0.59,0.59,0.59,95.78,4.05,314.0,0.24,76.19,5.8,5.5,14.01,5.2,21.6
2001,100,0.59,0.59,0.59,95.47,2.3,279.19,0.0,58.75,5.07,5.26,20.01,3.08,24.51
2001,101,0.59,0.59,0.59,95.11,3.54,311.06,0.86,75.81,6.29,6.51,15.75,6.2,11.65
2001,102,0.59,0.59,0.6,95.19,5.14,318.88,2.96,79.0,6.04,7.1,12.17,5.81,10.47
2001,103,0.59,0.59,0.59,95.23,2.24,205.38,0.35,75.5,5.86,5.01,15.01,5.24,15.31
2001,104,0.59,0.59,0.59,95.05,2.45,291.0,0.03,65.94,4.94,4.06,17.51,2.86,17.51
2001,105,0.59,0.59,0.59,95.45,1.71,195.69,0.25,75.81,5.74,3.93,17.04,4.98,21.64
2001,106,0.59,0.58,0.58,95.08,1.8,253.88,0.0,54.5,4.64,3.68,22.14,1.73,25.58
2001,107,0.58,0.58,0.57,94.72,1.89,205.06,0.0,48.94,5.19,7.6,24.96,3.23,23.59
2001,108,0.58,0.57,0.57,94.44,2.05,186.56,0.1,66.19,6.53,8.62,21.65,6.5,18.99
2001,109,0.58,0.57,0.57,94.16,2.09,75.5,1.07,71.44,7.14,7.87,21.82,7.96,15.41
2001,110,0.58,0.57,0.59,93.97,2.91,158.81,2.79,83.0,7.45,9.43,16.51,8.67,8.73
2001,111,0.58,0.59,0.62,94.38,4.35,308.0,6.93,76.38,5.68,6.84,11.73,4.67,11.81
2001,112,0.59,0.59,0.59,94.45,3.99,303.62,1.53,72.31,5.43,6.21,14.69,4.09,18.24
2001,113,0.58,0.58,0.58,94.66,2.99,271.25,0.01,62.81,6.65,5.39,23.88,6.76,25.61
2001,114,0.58,0.58,0.57,95.07,1.48,201.06,0.0,55.0,6.77,9.04,28.02,7.3,26.29
2001,115,0.57,0.57,0.56,95.29,2.66,268.69,0.0,59.06,7.87,12.3,27.18,9.44,23.95
2001,116,0.57,0.57,0.56,95.41,1.76,103.88,0.41,68.38,9.28,14.31,25.59,12.13,23.43
2001,117,0.57,0.56,0.56,95.04,1.78,189.31,1.04,71.5,8.36,12.05,24.47,10.3,13.56
2001,118,0.57,0.58,0.62,95.08,2.47,49.88,9.87,81.19,7.87,9.92,17.32,9.56,7.41
2001,119,0.58,0.58,0.58,94.67,1.05,197.75,0.26,65.62,7.08,8.65,23.75,7.92,23.32
2001,120,0.57,0.57,0.57,94.49,3.82,248.94,1.37,63.38,7.69,11.69,24.99,9.16,17.12
2001,121,0.57,0.57,0.59,94.94,2.98,33.06,2.6,88.62,8.0,10.01,15.12,9.84,6.3
2001,122,0.58,0.58,0.61,94.76,2.66,221.06,5.23,84.56,7.93,8.3,21.44,9.69,8.64
2001,123,0.58,0.58,0.59,94.44,2.25,100.88,0.83,67.31,6.35,7.24,22.16,6.37,26.61
2001,124,0.59,0.59,0.66,94.19,2.18,274.44,16.42,73.19,6.47,7.06,18.82,6.55,20.69
2001,125,0.59,0.6,0.63,94.56,3.54,298.94,3.95,77.69,7.2,8.73,17.8,8.21,20.12
2001,126,0.59,0.6,0.6,94.89,2.34,249.69,0.57,71.56,7.14,8.76,20.91,8.07,25.8
2001,127,0.59,0.59,0.6,95.13,2.04,199.75,1.45,75.5,7.57,8.94,20.3,8.97,21.25
2001,128,0.59,0.59,0.59,95.27,1.95,86.81,0.02,65.69,6.65,7.19,23.33,7.16,28.93
2001,129,0.59,0.59,0.58,94.78,2.34,177.44,1.67,53.56,6.96,9.43,29.65,7.56,23.94
2001,130,0.59,0.59,0.67,94.61,2.96,293.06,18.36,76.56,8.36,10.9,18.32,10.44,12.62
2001,131,0.6,0.62,0.66,94.84,3.44,305.5,2.77,81.5,8.0,9.22,16.85,9.77,12.19
2001,132,0.6,0.61,0.61,95.11,2.14,262.75,0.16,75.62,8.48,10.11,21.36,10.71,23.02
2001,133,0.59,0.6,0.6,95.0,1.64,98.94,0.0,62.31,7.51,9.69,25.45,8.76,27.78
2001,134,0.59,0.59,0.59,94.77,2.67,206.75,0.0,51.12,7.51,13.74,28.08,8.7,20.97
2001,135,0.59,0.59,0.58,94.92,1.65,202.94,0.0,54.0,8.06,13.3,29.79,9.68,25.95
2001,136,0.59,0.59,0.58,94.96,1.66,190.44,0.0,47.44,7.87,15.08,31.14,9.3,21.5
2001,137,0.59,0.58,0.56,94.82,2.11,228.88,0.0,47.31,8.36,17.37,32.78,10.01,19.58
2001,138,0.58,0.57,0.56,94.76,1.84,71.94,0.09,67.56,10.68,15.51,30.51,14.19,18.03
2001,139,0.58,0.57,0.57,94.58,2.03,96.62,0.15,80.75,10.93,14.99,24.51,14.53,17.05
2001,140,0.58,0.57,0.56,94.67,1.95,311.31,0.08,69.69,9.58,13.08,28.66,12.42,13.24
2001,141,0.57,0.57,0.57,94.88,2.56,317.88,0.86,78.0,9.52,12.53,22.02,12.41,20.5
2001,142,0.57,0.56,0.56,95.11,2.12,235.5,0.08,69.0,8.24,10.62,24.15,10.24,25.42
2001,143,0.57,0.57,0.6,95.3,1.2,199.44,7.05,73.0,8.73,11.83,21.53,11.12,15.79
2001,144,0.58,0.57,0.57,95.39,1.77,93.31,0.0,65.19,8.36,11.97,25.83,10.52,28.06
2001,145,0.57,0.57,0.57,95.32,1.98,308.62,1.08,70.12,8.85,12.58,24.0,11.38,26.73
2001,146,0.57,0.57,0.56,95.36,2.18,302.81,0.03,72.31,9.09,11.73,23.62,11.82,23.68
2001,147,0.57,0.56,0.55,95.72,1.98,122.12,0.01,70.88,9.4,12.83,25.94,12.32,24.47
2001,148,0.56,0.56,0.55,95.9,1.84,112.94,0.0,59.5,8.3,11.65,29.71,10.34,29.47
2001,149,0.56,0.55,0.54,95.56,1.64,141.5,0.0,50.69,8.0,14.58,30.98,9.76,29.48
2001,150,0.55,0.55,0.53,95.14,1.9,171.94,0.0,46.81,7.93,15.65,32.01,9.58,29.44
2001,151,0.55,0.55,0.52,94.98,1.82,272.0,0.0,50.56,8.48,16.17,31.84,10.52,29.49
2001,152,0.55,0.54,0.52,95.17,1.8,96.69,0.0,56.75,8.79,15.15,30.23,11.02,29.69
2001,153,0.55,0.54,0.52,95.22,1.66,78.25,0.0,50.38,8.18,15.25,30.81,10.06,27.29
2001,154,0.54,0.53,0.51,95.26,2.06,249.69,0.0,52.12,8.54,14.88,33.05,10.75,28.02
2001,155,0.54,0.53,0.51,95.7,1.55,122.31,0.0,53.0,8.79,15.3,32.86,11.15,29.25
2001,156,0.54,0.52,0.5,95.53,1.46,204.56,0.0,45.31,8.42,15.49,35.3,10.44,29.71
2001,157,0.53,0.52,0.49,95.19,3.25,283.88,0.0,50.25,9.03,17.32,34.18,11.35,28.14
2001,158,0.53,0.52,0.49,95.31,2.15,68.0,0.0,59.5,8.97,15.56,28.63,11.43,29.92
2001,159,0.52,0.52,0.48,94.96,2.12,227.25,0.0,41.75,8.12,14.53,35.84,9.89,28.77
2001,160,0.52,0.51,0.47,94.76,2.95,216.75,0.0,34.56,8.18,20.48,37.59,9.94,23.96
2001,161,0.52,0.51,0.45,94.74,2.94,267.44,0.0,43.81,8.54,18.51,36.12,10.15,21.77
2001,162,0.52,0.51,0.46,95.18,3.88,83.75,0.05,71.25,11.05,15.52,26.17,14.69,20.52
2001,163,0.52,0.51,0.46,95.12,3.12,37.19,0.02,68.75,10.13,15.29,27.9,13.37,21.41
2001,164,0.52,0.51,0.46,95.15,2.58,67.75,0.0,66.5,9.4,14.56,24.13,12.24,24.74
2001,165,0.52,0.51,0.45,95.27,1.73,92.44,0.0,44.06,6.47,12.08,30.98,6.5,30.43
2001,166,0.51,0.5,0.41,95.05,2.45,214.5,0.0,32.0,6.47,15.42,36.01,6.62,29.77
2001,167,0.51,0.5,0.4,95.04,3.2,247.12,0.22,39.75,8.24,19.05,34.42,9.81,16.66
2001,168,0.51,0.5,0.4,95.28,2.37,91.88,0.1,61.38,10.44,16.44,31.45,13.8,25.94
2001,169,0.51,0.5,0.4,95.55,3.08,82.75,0.0,61.06,8.42,13.94,26.05,10.62,27.84
2001,170,0.51,0.49,0.4,95.48,2.43,337.69,0.0,59.5,7.32,11.98,25.12,8.55,29.36
2001,171,0.5,0.49,0.39,95.26,2.24,192.81,0.0,53.38,7.08,11.91,27.5,7.86,30.28
2001,172,0.5,0.49,0.38,95.18,1.98,170.81,0.0,42.19,5.98,12.69,30.24,5.17,30.85
2001,173,0.5,0.49,0.38,95.15,1.8,94.88,0.0,30.19,5.07,14.63,34.47,2.85,30.72
2001,174,0.5,0.49,0.36,95.1,2.23,164.75,0.0,25.62,5.13,16.92,36.83,3.23,30.47
2001,175,0.5,0.48,0.34,95.28,1.98,102.5,0.0,25.0,5.8,19.76,39.08,4.94,29.59
2001,176,0.49,0.48,0.34,95.36,1.59,114.75,0.0,25.38,6.23,21.61,40.0,5.71,26.04
2001,177,0.49,0.48,0.33,95.23,1.89,199.5,0.23,33.19,8.24,22.03,37.75,10.02,23.53
2001,178,0.49,0.48,0.33,95.04,2.2,296.62,0.02,39.38,8.67,20.46,35.83,10.69,25.87
2001,179,0.49,0.48,0.33,95.39,3.09,181.31,0.06,62.12,10.93,17.22,28.82,14.52,21.98
2001,180,0.49,0.48,0.33,95.51,2.43,53.88,0.01,58.94,9.16,15.51,30.01,11.75,29.86
2001,181,0.49,0.48,0.33,95.59,2.03,64.31,0.0,54.06,8.36,14.55,31.73,10.05,29.61
2001,182,0.49,0.48,0.32,95.67,1.88,68.06,0.0,50.25,8.48,15.29,33.51,10.34,30.79
2001,183,0.48,0.48,0.31,95.56,2.1,186.81,0.0,44.12,8.24,17.95,32.79,10.32,31.18
2001,184,0.48,0.48,0.31,95.14,2.17,215.56,0.0,40.94,8.12,17.51,33.8,9.99,30.13
2001,185,0.48,0.48,0.3,94.58,1.7,199.62,0.03,36.5,8.3,18.55,37.16,10.2,27.68
2001,186,0.48,0.48,0.3,94.48,2.82,230.69,0.0,29.38,7.87,22.52,39.36,9.02,22.26
2001,187,0.48,0.47,0.28,94.77,3.41,219.44,0.0,25.44,6.47,20.89,41.45,5.8,24.75
2001,188,0.48,0.47,0.29,95.24,2.52,68.88,0.0,52.25,10.19,19.16,34.71,13.19,25.46
2001,189,0.48,0.47,0.29,95.29,2.16,63.19,0.0,49.44,10.13,18.99,33.54,13.3,23.55
2001,190,0.48,0.47,0.29,94.93,1.99,215.25,0.0,37.94,9.16,21.4,40.15,11.15,17.75
2001,191,0.48,0.47,0.29,95.17,2.58,242.81,0.0,52.25,10.74,20.03,33.05,13.99,21.27
2001,192,0.48,0.47,0.29,95.46,2.13,53.88,0.0,55.5,10.07,18.01,32.5,13.16,28.87
2001,193,0.48,0.47,0.28,95.42,2.03,88.5,0.0,43.62,8.36,16.62,34.87,10.29,29.23
2001,194,0.48,0.47,0.27,94.98,2.23,196.56,0.0,32.94,8.12,20.4,38.87,9.78,26.24
2001,195,0.48,0.47,0.27,94.78,1.88,233.19,0.0,39.19,9.7,22.58,37.82,12.4,27.88
2001,196,0.48,0.47,0.27,94.95,2.06,295.69,0.0,44.44,9.52,20.85,37.73,11.94,23.65
2001,197,0.48,0.46,0.27,94.97,2.52,111.88,0.0,65.69,12.76,19.27,31.81,16.8,15.77
2001,198,0.48,0.46,0.27,95.05,1.95,54.62,0.0,51.81,9.77,18.01,32.82,12.68,28.93
2001,199,0.48,0.46,0.26,94.69,2.79,217.0,0.0,35.06,7.69,19.6,37.75,8.96,28.48
2001,200,0.47,0.46,0.25,94.69,4.11,256.06,0.0,43.44,8.0,16.32,36.48,9.25,27.49
2001,201,0.47,0.46,0.25,95.43,2.44,271.12,0.01,54.56,8.24,14.4,28.45,10.16,28.98
2001,202,0.47,0.46,0.25,95.44,1.92,130.69,0.0,53.75,8.85,15.12,33.99,11.16,28.77
2001,203,0.47,0.46,0.24,95.16,2.05,190.38,0.0,40.81,8.73,18.45,37.43,11.06,25.74
2001,204,0.47,0.46,0.23,94.93,1.29,186.56,0.01,32.5,7.87,20.31,39.94,9.39,24.08
2001,205,0.47,0.46,0.26,94.76,3.02,277.06,1.78,45.12,10.8,21.46,37.69,13.71,23.81
2001,206,0.47,0.46,0.29,94.99,2.65,311.0,0.22,66.0,12.76,19.13,31.83,16.83,25.87
2001,207,0.47,0.46,0.28,95.17,1.99,159.88,0.0,54.81,9.83,16.72,33.13,12.51,27.75
2001,208,0.47,0.46,0.27,95.06,1.62,177.31,0.0,37.19,8.18,18.75,38.24,9.86,27.56
2001,209,0.47,0.46,0.25,95.11,1.98,228.31,0.03,36.19,9.16,21.66,38.12,11.55,25.59
2001,210,0.47,0.46,0.24,95.26,1.98,202.94,0.04,36.0,9.64,23.62,38.31,12.37,22.61
2001,211,0.47,0.46,0.23,95.52,1.88,61.5,0.0,39.5,10.25,23.55,38.81,13.51,24.14
2001,212,0.47,0.46,0.23,95.6,2.05,132.88,0.0,35.81,8.61,22.3,37.44,10.78,25.6
2001,213,0.47,0.46,0.22,95.39,1.98,94.25,0.0,32.5,7.39,20.5,38.82,8.26,25.71
2001,214,0.47,0.46,0.21,95.14,2.14,197.19,0.0,30.81,7.69,22.31,39.05,8.92,25.45
2001,215,0.47,0.46,0.2,95.12,1.98,169.38,0.02,31.5,8.36,22.47,37.84,10.42,24.13
2001,216,0.47,0.46,0.2,95.27,1.84,150.88,0.01,36.94,9.95,24.06,39.77,12.71,23.79
2001,217,0.47,0.46,0.2,95.52,2.52,80.38,0.09,55.75,12.02,20.69,35.69,15.91,23.72
2001,218,0.47,0.46,0.2,95.62,2.63,48.5,0.0,55.88,10.68,18.37,32.87,14.23,26.45
2001,219,0.47,0.46,0.2,95.4,1.99,85.56,0.0,48.06,9.03,17.05,34.6,11.27,26.65
2001,220,0.47,0.46,0.2,95.09,2.21,210.12,0.0,30.25,7.32,19.78,38.48,8.4,26.54
2001,221,0.47,0.46,0.2,95.04,2.57,240.12,0.2,30.0,8.48,23.16,41.14,10.3,21.84
2001,222,0.47,0.46,0.2,95.43,2.64,257.56,0.06,55.38,12.51,20.71,35.41,16.48,24.05
2001,223,0.47,0.46,0.2,95.72,2.52,52.12,0.09,56.31,10.5,19.31,31.86,13.8,25.48
2001,224,0.47,0.46,0.2,95.43,1.96,66.69,0.0,42.06,8.12,18.14,34.9,9.86,24.16
2001,225,0.47,0.46,0.2,95.25,1.92,120.62,0.0,43.0,8.3,18.85,30.99,10.28,22.81
2001,226,0.46,0.46,0.19,95.18,1.93,91.25,0.0,37.12,7.75,18.49,36.56,9.15,24.49
2001,227,0.46,0.46,0.19,95.31,2.15,99.31,0.0,23.88,5.25,19.23,38.39,3.5,26.3
2001,228,0.46,0.46,0.18,95.22,2.4,201.19,0.07,34.88,8.73,22.67,36.52,9.62,23.09
2001,229,0.47,0.46,0.21,95.22,2.36,168.56,1.82,64.38,12.51,21.12,31.73,16.44,7.05
2001,230,0.47,0.46,0.24,94.88,2.52,202.25,0.02,43.31,10.07,20.62,37.91,13.13,20.59
2001,231,0.47,0.46,0.23,94.78,1.65,235.25,0.0,41.81,10.25,22.59,37.8,12.68,20.59
2001,232,0.47,0.46,0.23,94.98,2.22,185.81,0.15,58.44,12.7,21.52,31.94,16.37,19.65
2001,233,0.47,0.46,0.22,95.19,2.04,44.69,0.0,62.0,12.57,20.13,34.39,16.6,24.2
2001,234,0.47,0.46,0.22,95.38,2.12,213.94,0.0,55.56,10.19,18.88,32.94,13.06,25.59
2001,235,0.47,0.46,0.21,95.34,2.23,246.5,0.0,54.44,9.64,17.55,32.26,12.23,25.76
2001,236,0.46,0.46,0.2,95.23,1.92,84.81,0.0,47.94,8.42,16.73,34.16,9.93,25.25
2001,237,0.46,0.46,0.2,95.17,2.02,80.44,0.0,49.56,9.58,17.58,34.84,12.29,24.48
2001,238,0.46,0.46,0.2,95.11,1.52,163.12,0.0,42.0,9.22,19.56,37.35,11.59,24.51
2001,239,0.46,0.46,0.19,95.07,2.23,183.0,0.0,39.12,9.16,21.93,38.03,11.42,24.39
2001,240,0.46,0.46,0.18,95.04,1.85,126.44,0.0,38.81,8.24,21.15,36.33,9.65,25.63
2001,241,0.46,0.46,0.19,94.99,2.36,275.88,0.38,44.06,10.31,20.74,34.72,12.92,24.3
2001,242,0.46,0.46,0.19,95.01,2.03,280.31,0.01,54.88,11.35,20.99,33.31,14.98,16.38
2001,243,0.46,0.46,0.2,95.03,1.7,206.56,0.96,60.94,11.54,20.37,28.55,15.33,14.47
2001,244,0.47,0.47,0.34,94.95,2.22,150.69,5.63,67.0,12.88,20.38,32.15,16.92,19.98
2001,245,0.48,0.48,0.48,95.08,2.22,51.31,3.73,81.69,12.88,17.18,23.3,17.08,12.98
2001,246,0.48,0.48,0.47,95.11,1.76,191.75,2.11,70.06,12.27,16.24,31.73,16.35,23.29
2001,247,0.48,0.48,0.44,95.08,2.52,226.88,0.08,53.94,11.05,19.81,36.01,14.45,20.63
2001,248,0.47,0.47,0.41,95.24,2.27,145.31,0.41,70.06,12.45,17.91,30.16,16.56,21.91
2001,249,0.47,0.47,0.4,95.11,1.78,57.0,0.13,64.88,11.23,17.38,31.03,15.01,22.23
2001,250,0.48,0.48,0.45,95.2,2.04,251.0,4.59,75.0,11.72,17.23,26.08,15.73,15.56
2001,251,0.48,0.48,0.44,95.45,2.06,278.31,0.04,71.12,10.68,16.05,27.03,14.26,17.78
2001,252,0.48,0.47,0.41,95.05,1.94,190.12,0.0,61.19,10.01,14.47,32.9,13.06,22.5
2001,253,0.47,0.47,0.38,95.02,2.02,143.19,0.0,65.06,10.19,16.02,29.2,13.22,22.32
2001,254,0.47,0.47,0.38,95.23,1.91,131.62,0.01,61.25,9.52,16.57,28.82,12.4,20.71
2001,255,0.47,0.47,0.36,95.39,1.84,146.69,0.17,58.06,9.16,15.13,29.57,11.91,20.92
2001,256,0.47,0.47,0.34,95.35,1.58,164.56,0.0,53.88,8.79,16.48,31.31,11.02,21.53
2001,257,0.47,0.47,0.35,94.79,3.19,239.38,1.64,52.25,9.64,17.33,31.55,12.44,13.56
2001,258,0.47,0.47,0.38,95.09,2.19,93.5,0.79,62.88,10.74,17.82,28.37,14.23,19.63
2001,259,0.47,0.47,0.36,95.09,2.43,102.31,0.03,63.31,10.19,16.0,30.45,13.51,20.35
2001,260,0.47,0.47,0.34,94.79,1.78,142.69,0.27,69.12,9.7,14.88,25.69,12.62,20.91
2001,261,0.48,0.48,0.46,94.86,2.02,60.81,7.59,81.69,10.74,14.94,20.9,14.24,6.46
2001,262,0.48,0.48,0.5,94.97,1.3,126.5,2.81,73.81,11.54,15.32,28.51,15.3,14.29
2001,263,0.48,0.48,0.5,94.96,1.1,120.5,2.95,73.38,12.57,18.0,30.99,16.64,16.6
2001,264,0.49,0.5,0.56,94.93,1.19,131.75,14.79,76.12,13.37,18.33,29.46,17.65,9.56
2001,265,0.49,0.51,0.48,94.45,2.6,197.19,0.01,55.25,10.68,18.25,34.52,13.98,17.43
2001,266,0.49,0.5,0.47,94.54,1.99,232.81,0.15,64.12,11.29,17.98,30.58,14.92,19.73
2001,267,0.49,0.49,0.48,95.08,1.66,221.38,0.82,70.94,11.29,17.13,29.15,15.1,19.56
2001,268,0.49,0.49,0.47,95.43,1.91,179.75,0.32,68.5,10.56,15.23,29.61,13.94,18.78
2001,269,0.49,0.49,0.47,95.51,1.91,67.31,0.51,70.38,11.41,16.73,27.91,15.27,18.8
2001,270,0.49,0.49,0.49,95.25,1.31,125.12,2.01,74.88,11.66,17.4,25.35,15.55,14.12
2001,271,0.49,0.49,0.48,94.99,1.53,204.38,0.69,59.62,10.5,16.55,31.91,13.75,16.89
2001,272,0.49,0.5,0.56,95.04,1.66,168.06,14.97,66.31,11.29,18.4,29.72,14.92,12.68
2001,273,0.52,0.53,0.62,95.34,1.33,60.12,18.55,82.31,12.39,17.04,24.46,16.56,15.78
2001,274,0.52,0.54,0.54,95.56,1.3,99.88,0.97,75.31,11.54,15.94,27.37,15.43,18.12
2001,275,0.52,0.53,0.51,95.52,2.09,212.62,0.0,62.75,10.19,15.58,29.63,13.44,18.6
2001,276,0.52,0.52,0.5,95.35,2.53,222.25,0.19,57.69,10.68,18.21,31.77,14.13,16.9
2001,277,0.52,0.52,0.49,95.21,1.3,215.12,0.02,57.88,10.86,18.24,33.44,14.25,17.34
2001,278,0.52,0.52,0.48,95.08,3.39,220.62,0.01,51.19,10.01,19.62,33.3,13.15,16.19
2001,279,0.52,0.52,0.5,95.13,1.21,215.62,1.94,63.19,11.35,17.59,32.21,14.87,15.67
2001,280,0.52,0.52,0.58,95.26,1.48,179.75,12.97,78.88,12.45,17.48,25.05,16.6,13.98
2001,281,0.53,0.54,0.56,95.26,1.15,198.12,5.3,71.44,10.68,15.85,27.99,14.05,18.36
2001,282,0.53,0.54,0.52,95.08,2.71,203.25,0.25,62.88,10.19,16.25,29.85,13.43,9.04
2001,283,0.52,0.53,0.51,95.45,1.79,126.12,0.0,61.0,10.13,16.51,32.46,13.24,13.82
2001,284,0.52,0.52,0.5,95.95,1.49,148.44,0.0,49.56,8.97,17.11,34.12,11.33,15.98
2001,285,0.52,0.52,0.49,95.81,1.27,162.56,0.0,41.5,8.0,19.48,34.53,9.69,16.59
2001,286,0.52,0.52,0.48,95.62,1.59,187.88,0.0,49.94,8.61,17.9,32.01,10.76,16.13
2001,287,0.52,0.52,0.49,95.52,1.37,228.69,0.3,70.19,11.23,15.58,28.85,14.68,14.59
2001,288,0.52,0.52,0.51,95.52,1.62,203.12,1.49,80.69,12.27,17.17,26.21,16.4,12.99
2001,289,0.52,0.52,0.49,95.72,1.35,246.38,0.01,72.88,10.13,14.36,25.66,13.33,9.59
2001,290,0.52,0.52,0.49,95.46,1.38,200.06,0.0,62.19,8.61,12.84,28.83,10.84,16.29
2001,291,0.52,0.51,0.48,95.16,2.62,227.88,0.0,61.94,9.7,16.58,28.69,12.59,15.17
2001,292,0.52,0.51,0.48,94.96,2.48,212.75,0.0,52.75,8.97,16.43,31.76,11.5,15.3
2001,293,0.51,0.51,0.48,94.91,3.84,207.5,0.0,44.06,7.39,16.49,30.41,8.44,7.02
2001,294,0.51,0.5,0.48,95.28,1.73,235.81,0.0,62.56,9.03,15.19,28.33,11.38,14.46
2001,295,0.51,0.5,0.48,95.38,1.4,220.06,0.0,59.5,8.85,13.99,30.57,11.15,15.42
2001,296,0.51,0.5,0.47,95.6,2.45,259.94,0.0,56.38,8.36,15.23,31.76,9.69,15.24
2001,297,0.5,0.5,0.48,96.08,1.96,242.19,0.18,81.0,10.93,14.69,24.54,14.66,12.92
2001,298,0.5,0.5,0.48,96.05,1.25,79.56,0.0,70.44,8.0,11.65,23.89,9.82,15.59
2001,299,0.5,0.5,0.48,95.61,1.59,202.38,0.02,60.94,7.51,10.48,26.55,8.82,15.21
2001,300,0.5,0.49,0.48,95.63,1.7,247.88,0.28,59.12,8.12,13.55,26.3,10.01,11.37
2001,301,0.5,0.49,0.47,95.88,1.78,188.69,0.02,61.62,8.24,13.29,26.73,10.19,14.97
2001,302,0.5,0.49,0.48,96.16,1.26,133.81,0.77,78.56,9.46,12.71,24.0,12.36,13.93
2001,303,0.5,0.49,0.48,96.07,1.23,169.5,0.04,70.25,8.61,11.16,25.9,10.98,14.22
2001,304,0.5,0.49,0.48,95.93,1.96,231.19,0.44,63.56,7.93,12.23,25.21,9.88,13.49
2001,305,0.5,0.5,0.53,95.71,1.73,186.69,8.66,76.81,9.28,13.48,21.44,12.04,10.2
2001,306,0.51,0.51,0.52,95.89,1.62,43.31,1.08,81.25,9.16,13.13,20.08,12.05,10.47
2001,307,0.51,0.51,0.49,95.88,1.11,124.38,0.06,77.19,8.61,12.73,21.28,10.96,13.4
2001,308,0.51,0.51,0.5,95.67,1.73,255.56,1.42,82.88,8.97,12.64,19.4,11.63,9.63
2001,309,0.51,0.51,0.49,95.48,1.2,213.81,0.04,69.19,7.63,11.67,22.85,9.17,13.34
2001,310,0.51,0.51,0.51,95.47,1.86,209.5,3.6,71.5,8.48,12.87,23.17,10.59,10.28
2001,311,0.51,0.52,0.54,95.57,1.03,223.38,4.13,90.94,9.58,12.43,16.58,12.61,8.58
2001,312,0.52,0.52,0.51,95.08,1.77,286.94,0.85,83.19,8.54,10.55,19.49,10.83,11.07
2001,313,0.52,0.52,0.55,93.95,2.23,192.19,8.86,83.06,8.06,8.8,18.37,9.62,10.3
2001,314,0.52,0.53,0.54,93.4,1.98,122.69,2.75,81.31,8.18,10.87,19.4,9.86,2.26
2001,315,0.52,0.53,0.52,94.02,5.17,224.06,0.04,69.0,5.62,6.33,16.31,4.46,10.89
2001,316,0.52,0.53,0.52,94.57,3.12,242.12,1.53,66.75,4.82,4.13,15.18,2.33,5.35
2001,317,0.52,0.53,0.54,94.49,4.61,287.19,3.38,83.25,7.08,9.09,13.28,7.9,3.5
2001,318,0.52,0.53,0.52,94.4,2.89,231.56,0.12,69.44,5.74,6.51,17.51,4.8,11.82
2001,319,0.52,0.53,0.51,94.9,2.72,192.5,0.01,56.31,4.33,4.76,19.4,0.83,11.86
2001,320,0.52,0.52,0.5,95.72,2.28,156.19,0.0,49.69,4.09,4.5,20.59,-0.02,11.5
2001,321,0.52,0.52,0.5,95.67,2.0,180.44,0.03,54.56,5.25,6.8,23.45,3.51,11.03
2001,322,0.52,0.52,0.5,95.37,2.52,258.31,0.26,80.56,8.3,9.37,22.2,10.44,10.14
2001,323,0.52,0.52,0.52,95.27,1.81,304.25,2.94,88.25,7.81,9.01,15.1,9.54,3.85
2001,324,0.52,0.53,0.52,95.64,1.84,244.81,0.8,84.25,6.47,7.2,13.37,6.87,6.6
2001,325,0.52,0.53,0.52,95.91,1.23,152.06,0.74,82.94,6.77,7.12,15.0,7.58,4.53
2001,326,0.52,0.53,0.52,95.53,1.16,223.0,0.08,83.19,7.81,9.68,19.54,9.55,9.55
2001,327,0.52,0.53,0.52,95.35,1.86,208.25,0.52,87.5,7.45,7.53,14.24,8.8,4.47
2001,328,0.52,0.52,0.52,95.52,2.05,330.56,0.5,80.94,5.92,6.79,12.23,5.54,8.81
2001,329,0.52,0.52,0.52,95.28,1.19,325.81,0.47,84.44,6.35,6.61,12.55,6.44,7.33
2001,330,0.52,0.52,0.52,95.04,1.07,250.75,0.33,84.44,6.47,6.25,14.44,6.77,7.5
2001,331,0.52,0.52,0.51,95.02,1.66,262.44,0.11,77.88,5.68,3.98,15.63,4.7,9.88
2001,332,0.52,0.53,0.53,95.55,1.71,330.69,2.75,89.25,6.47,5.97,11.28,6.73,3.41
2001,333,0.52,0.53,0.52,95.79,2.89,306.31,1.95,87.94,6.04,3.47,12.05,5.81,4.65
2001,334,0.53,0.53,0.53,95.71,2.15,308.31,0.54,88.81,6.59,6.9,12.87,7.12,7.66
2001,335,0.53,0.53,0.52,95.46,1.66,290.06,0.01,75.69,5.8,5.28,18.01,5.12,11.2
2001,336,0.53,0.53,0.51,95.5,1.38,202.88,0.0,80.0,6.29,4.96,17.95,6.24,10.86
2001,337,0.52,0.53,0.51,95.7,1.18,286.25,0.0,83.81,7.14,6.85,17.47,8.15,10.48
2001,338,0.52,0.53,0.51,96.02,1.09,289.12,0.0,86.25,7.45,9.24,16.48,8.94,8.66
2001,339,0.52,0.52,0.51,96.18,1.9,294.19,0.0,88.44,7.39,7.49,15.62,8.84,8.74
2001,340,0.52,0.52,0.51,96.01,2.09,290.12,0.0,90.06,7.26,5.26,15.68,8.48,8.76
2001,341,0.52,0.52,0.52,95.51,2.48,288.12,1.22,89.19,7.45,7.13,14.47,8.75,7.92
2001,342,0.52,0.53,0.53,95.59,2.02,36.25,1.63,76.06,5.37,4.34,11.87,3.98,3.18
2001,343,0.53,0.53,0.53,95.81,1.24,49.38,1.87,83.12,5.37,4.53,11.13,4.18,8.79
2001,344,0.53,0.53,0.53,96.01,1.25,257.75,1.41,83.81,5.37,4.9,9.24,4.27,3.53
2001,345,0.53,0.53,0.52,95.84,0.83,202.56,0.08,76.88,4.64,3.26,11.65,2.05,10.39
2001,346,0.53,0.53,0.52,95.23,1.01,94.88,0.12,78.12,4.64,2.8,10.46,2.01,6.0
2001,347,0.53,0.53,0.52,95.04,1.52,259.19,0.0,77.0,4.33,0.5,12.69,0.85,10.22
2001,348,0.53,0.53,0.52,94.85,2.56,248.44,1.43,80.0,5.07,0.87,14.26,2.86,9.69
2001,349,0.53,0.53,0.52,94.87,3.52,221.81,1.32,84.31,6.47,4.23,16.65,6.61,7.41
2001,350,0.53,0.54,0.55,94.92,4.34,306.0,7.84,86.25,6.1,5.79,10.3,5.69,5.04
2001,351,0.54,0.55,0.56,95.6,2.67,129.0,1.91,79.25,4.76,-0.21,9.19,2.2,5.97
2001,352,0.54,0.55,0.53,95.84,2.23,131.19,0.0,79.06,3.42,-2.83,8.4,-2.08,10.01
2001,353,0.54,0.55,0.53,95.85,1.74,143.12,0.13,80.06,3.85,-1.95,7.62,-0.58,5.77
2001,354,0.54,0.54,0.53,95.35,1.46,266.94,0.14,82.5,4.46,0.07,10.34,1.45,6.29
2001,355,0.54,0.54,0.53,95.46,1.21,178.88,0.48,86.19,5.31,3.29,9.53,3.87,5.2
2001,356,0.54,0.54,0.52,95.06,1.88,233.25,0.0,78.19,4.58,0.22,13.51,1.77,10.05
2001,357,0.54,0.54,0.52,94.37,2.74,220.06,0.19,78.62,5.62,3.24,14.98,4.58,6.42
2001,358,0.54,0.55,0.57,94.59,2.73,305.44,6.0,93.06,6.1,4.48,8.94,5.75,2.92
2001,359,0.55,0.55,0.55,94.89,1.05,112.31,2.41,87.06,5.37,4.24,8.76,3.98,4.81
2001,360,0.55,0.55,0.57,94.79,3.12,301.94,3.4,85.31,5.68,5.09,10.48,4.72,5.06
2001,361,0.55,0.56,0.58,95.36,3.02,332.56,3.82,84.88,5.31,3.72,9.58,3.88,5.06
2001,362,0.55,0.56,0.55,95.91,1.54,296.06,0.03,76.19,4.46,2.34,11.98,1.59,10.46
2001,363,0.55,0.55,0.55,95.51,3.02,223.31,0.0,62.69,3.48,-0.34,15.5,-2.07,10.87
2001,364,0.55,0.55,0.54,95.09,2.8,232.19,0.0,52.56,3.72,2.4,17.78,-1.29,10.21
2001,365,0.55,0.55,0.54,95.26,1.87,225.88,0.11,59.88,4.94,6.27,20.58,2.26,10.04
2002,1,0.55,0.55,0.54,96.0,1.63,82.94,0.15,82.44,5.98,4.59,14.08,5.79,4.08
2002,2,0.55,0.55,0.54,96.04,2.85,189.62,0.03,79.44,5.25,4.76,12.87,3.87,6.88
2002,3,0.55,0.55,0.53,95.49,2.21,202.44,0.01,73.88,5.43,4.69,16.74,4.21,8.78
2002,4,0.55,0.55,0.55,95.63,1.8,125.94,3.83,87.88,6.04,5.07,13.06,5.75,3.08
2002,5,0.55,0.55,0.57,96.23,0.98,106.38,1.8,79.5,4.7,2.64,10.1,2.19,8.23
2002,6,0.55,0.55,0.55,96.25,1.18,119.19,0.0,63.62,3.23,0.26,10.37,-2.81,9.95
2002,7,0.55,0.55,0.55,95.87,1.64,227.25,0.0,70.38,3.36,-1.5,10.83,-2.23,11.46
2002,8,0.55,0.55,0.54,95.98,1.88,216.25,0.0,69.75,3.36,-2.53,11.79,-2.31,11.41
2002,9,0.55,0.55,0.54,96.4,1.55,222.12,0.0,65.94,3.66,-0.88,14.73,-1.24,11.29
2002,10,0.55,0.55,0.54,96.41,2.2,232.31,0.0,65.0,4.03,1.18,16.23,0.15,10.24
2002,11,0.55,0.55,0.54,96.44,1.42,259.75,0.01,71.75,4.52,1.12,15.05,1.61,10.42
2002,12,0.55,0.55,0.54,96.46,1.12,253.12,0.28,85.81,5.55,5.02,11.85,4.81,6.23
2002,13,0.55,0.55,0.54,96.3,0.97,268.31,0.1,75.12,4.88,4.17,12.84,2.89,11.46
2002,14,0.55,0.55,0.57,95.64,2.48,266.0,5.79,83.0,5.37,3.58,10.01,3.92,2.18
2002,15,0.55,0.56,0.59,95.54,2.71,303.19,3.78,91.12,6.04,4.26,10.55,5.88,5.12
2002,16,0.56,0.57,0.62,95.22,3.13,278.0,10.19,92.88,5.55,3.96,7.73,4.53,3.07
2002,17,0.57,0.59,0.62,95.58,2.6,325.62,3.93,90.19,5.25,3.19,7.62,3.86,4.67
2002,18,0.57,0.58,0.59,95.64,1.46,254.44,0.02,70.0,3.85,-0.2,12.31,-0.65,12.19
2002,19,0.57,0.58,0.58,95.92,1.46,285.94,0.05,81.0,4.7,1.05,11.55,2.19,9.72
2002,20,0.57,0.58,0.58,96.3,1.23,233.81,0.02,82.0,5.13,2.45,12.05,3.53,9.53
2002,21,0.57,0.57,0.57,96.13,2.07,219.12,0.0,66.81,3.97,-0.28,16.71,-0.22,12.83
2002,22,0.57,0.57,0.56,95.73,2.91,259.19,0.51,69.12,4.94,2.21,15.95,2.4,11.83
2002,23,0.57,0.57,0.57,95.52,1.8,261.56,0.09,83.31,6.41,6.3,16.51,6.63,12.3
2002,24,0.57,0.57,0.56,95.43,3.89,270.38,0.44,78.44,5.62,4.12,14.19,4.65,6.9
2002,25,0.56,0.57,0.56,95.94,2.59,304.12,0.16,86.25,5.86,3.76,13.47,5.38,9.82
2002,26,0.56,0.57,0.56,96.25,1.58,282.06,0.0,84.0,5.74,4.18,14.37,5.02,10.87
2002,27,0.56,0.57,0.56,96.29,1.38,249.56,0.0,73.06,5.31,3.31,16.66,3.91,12.85
2002,28,0.56,0.56,0.55,96.3,1.43,204.25,0.0,58.88,4.64,4.83,19.63,1.96,13.29
2002,29,0.56,0.56,0.55,96.34,1.41,172.12,0.0,51.06,4.15,5.15,21.12,0.5,13.58
2002,30,0.56,0.56,0.55,96.14,1.98,225.06,0.0,49.19,4.09,4.62,23.05,0.21,13.56
2002,31,0.56,0.56,0.55,96.11,2.12,272.19,0.0,61.06,4.82,4.94,19.29,2.08,12.69
2002,32,0.56,0.56,0.55,96.41,1.5,222.25,0.0,80.31,6.16,4.65,15.8,6.17,12.8
2002,33,0.55,0.55,0.55,96.29,1.24,145.75,0.0,64.62,4.76,2.6,20.01,2.29,13.82
2002,34,0.55,0.55,0.55,95.9,2.0,229.0,0.0,65.5,5.0,3.78,18.3,3.05,12.51
2002,35,0.55,0.55,0.55,95.97,1.98,289.31,0.0,81.0,5.8,3.15,14.58,5.05,10.84
2002,36,0.55,0.55,0.55,95.84,1.4,271.94,0.25,72.31,5.68,6.45,17.18,4.8,13.43
2002,37,0.55,0.56,0.58,95.0,4.59,265.12,5.65,72.0,5.19,5.55,13.48,3.42,4.68
2002,38,0.57,0.58,0.64,95.12,4.45,311.94,15.99,83.62,5.07,4.37,8.55,3.24,7.06
2002,39,0.58,0.6,0.66,95.83,3.34,342.5,6.66,84.06,5.68,5.36,11.87,5.02,9.33
2002,40,0.58,0.59,0.61,95.97,1.07,271.56,0.2,76.25,5.19,4.42,13.67,3.59,13.58
2002,41,0.58,0.59,0.59,95.77,1.95,280.56,0.0,64.62,4.58,3.14,16.87,1.69,14.29
2002,42,0.58,0.59,0.59,95.78,1.73,237.56,0.0,64.75,5.07,4.57,18.08,3.19,15.45
2002,43,0.58,0.59,0.58,95.81,1.38,192.94,0.0,59.5,4.64,4.51,20.94,1.9,15.69
2002,44,0.58,0.58,0.58,95.53,1.47,223.31,0.0,50.19,4.27,5.45,22.08,0.75,15.84
2002,45,0.58,0.58,0.57,94.89,2.53,260.75,0.0,60.38,5.31,5.62,23.43,3.25,15.23
2002,46,0.57,0.58,0.57,95.08,1.45,323.31,0.65,86.12,6.77,7.99,13.92,7.44,9.18
2002,47,0.57,0.58,0.58,95.16,1.93,70.44,0.46,84.25,6.65,7.77,15.61,7.21,8.96
2002,48,0.57,0.57,0.57,94.95,1.45,186.19,0.01,69.56,5.8,5.22,21.7,4.87,13.08
2002,49,0.57,0.57,0.57,95.26,2.24,89.0,0.91,85.75,6.84,6.98,15.37,7.5,6.65
2002,50,0.57,0.57,0.58,95.86,3.31,143.31,1.05,84.81,5.55,5.22,10.3,4.72,5.54
2002,51,0.57,0.58,0.59,95.87,2.49,316.06,2.4,80.56,4.94,2.01,10.46,3.01,9.69
2002,52,0.58,0.59,0.64,94.74,3.67,289.75,12.19,82.81,4.94,1.77,9.2,2.73,5.89
2002,53,0.59,0.6,0.67,94.94,5.54,326.44,10.16,75.44,4.58,3.99,8.68,1.62,7.66
2002,54,0.59,0.61,0.63,95.59,1.55,300.94,0.19,80.81,5.25,1.41,14.84,3.78,16.03
2002,55,0.59,0.6,0.61,95.47,2.34,290.62,0.03,80.12,5.92,2.09,16.29,5.3,17.56
2002,56,0.59,0.59,0.61,95.49,0.84,198.5,0.0,77.38,6.23,6.82,18.31,6.13,17.83
2002,57,0.59,0.59,0.6,95.54,1.8,231.06,0.0,59.62,5.0,3.85,21.1,2.87,17.84
2002,58,0.59,0.59,0.59,95.36,2.22,231.62,0.0,48.69,4.39,5.59,23.66,1.15,18.48
2002,59,0.59,0.59,0.58,95.06,2.38,216.44,0.0,46.62,4.33,5.71,23.04,0.8,14.27
2002,60,0.58,0.58,0.57,94.64,3.37,204.56,0.0,43.25,4.09,6.87,21.62,-0.09,10.48
2002,61,0.58,0.58,0.57,94.56,3.55,249.25,0.09,51.75,5.0,6.82,24.42,2.3,12.6
2002,62,0.58,0.58,0.57,94.63,1.83,57.5,0.41,77.0,7.26,9.36,21.98,8.23,14.16
2002,63,0.58,0.57,0.56,94.3,2.59,245.94,0.16,55.31,5.55,8.03,24.05,4.11,17.72
2002,64,0.58,0.58,0.62,94.08,2.53,212.12,8.81,91.5,6.41,4.18,9.61,6.36,4.56
2002,65,0.58,0.59,0.59,94.7,2.27,246.75,0.42,75.06,5.31,2.16,16.62,3.65,18.08
2002,66,0.58,0.59,0.6,95.05,0.89,242.19,1.84,79.44,5.92,6.19,11.94,5.28,11.45
2002,67,0.58,0.59,0.59,95.14,0.72,83.12,0.79,78.12,5.74,5.98,13.6,5.0,13.78
2002,68,0.58,0.59,0.6,94.99,2.09,291.94,3.68,84.12,6.1,5.85,12.9,5.9,11.79
2002,69,0.59,0.59,0.65,95.24,3.14,306.94,6.83,89.31,6.65,6.08,12.33,7.19,6.23
2002,70,0.59,0.59,0.61,95.44,1.26,220.44,0.14,69.06,5.86,6.3,20.01,5.18,20.14
2002,71,0.59,0.59,0.59,95.28,2.62,219.19,0.0,51.25,5.31,7.77,24.08,3.83,19.62
2002,72,0.59,0.59,0.58,94.82,2.8,212.88,0.0,47.19,4.88,9.05,23.63,2.48,18.92
2002,73,0.58,0.58,0.58,94.73,1.91,202.44,0.18,65.62,5.92,7.14,20.97,5.27,19.38
2002,74,0.58,0.58,0.58,95.08,1.98,258.5,0.23,75.88,6.35,6.08,17.52,6.43,19.96
2002,75,0.58,0.58,0.57,94.69,2.14,213.31,0.0,64.88,5.8,5.5,21.86,5.02,21.12
2002,76,0.58,0.58,0.58,94.76,4.15,302.19,0.0,84.56,7.02,7.8,13.9,7.79,10.1
2002,77,0.58,0.58,0.57,95.43,2.37,294.06,0.0,75.12,6.16,5.64,17.38,5.93,19.58
2002,78,0.57,0.57,0.56,95.75,2.59,283.0,0.0,79.12,7.45,7.15,20.17,8.87,19.62
2002,79,0.57,0.57,0.56,96.01,1.45,290.06,0.0,70.25,6.96,7.82,23.19,7.89,21.5
2002,80,0.57,0.57,0.55,96.02,1.48,282.94,0.0,63.94,6.65,8.63,23.28,7.29,21.99
2002,81,0.57,0.56,0.55,95.8,1.98,303.0,0.0,64.25,6.41,8.54,23.17,6.58,22.16
2002,82,0.56,0.56,0.55,95.34,4.45,308.25,0.0,76.31,6.65,7.15,18.19,7.18,19.97
2002,83,0.56,0.56,0.55,95.21,3.63,319.5,0.01,74.81,5.68,4.98,15.01,4.8,20.39
2002,84,0.56,0.56,0.55,95.29,1.88,241.06,0.01,64.56,4.94,6.12,16.51,2.9,15.93
2002,85,0.56,0.55,0.55,95.34,1.79,174.38,0.0,62.94,4.52,4.23,16.55,1.69,20.6
2002,86,0.55,0.55,0.55,95.21,1.86,176.44,0.0,61.12,4.21,2.72,17.38,0.35,23.26
2002,87,0.55,0.55,0.55,94.78,2.26,112.81,1.01,66.19,5.37,3.33,17.97,3.69,6.35
2002,88,0.55,0.55,0.55,94.48,1.95,173.94,0.88,71.81,6.65,6.76,20.17,6.98,9.53
2002,89,0.55,0.55,0.55,95.27,3.0,296.75,0.78,81.12,7.39,8.05,17.76,8.63,8.7
2002,90,0.55,0.55,0.54,95.21,1.48,120.19,0.07,70.06,6.16,7.29,21.01,5.9,21.38
2002,91,0.55,0.55,0.55,94.8,1.35,172.25,0.67,71.5,7.2,7.05,21.4,8.2,19.57
2002,92,0.55,0.55,0.54,94.06,3.41,217.06,1.17,67.31,7.93,10.62,25.37,9.58,15.33
2002,93,0.55,0.55,0.54,93.91,4.07,269.25,1.14,68.5,6.47,8.24,19.12,6.46,10.0
2002,94,0.55,0.55,0.59,93.81,7.27,274.69,10.44,73.38,5.68,7.05,12.63,4.45,9.17
2002,95,0.56,0.56,0.57,94.32,3.3,268.44,0.2,67.81,5.55,6.1,17.01,4.3,22.53
2002,96,0.55,0.56,0.55,94.29,3.17,209.56,0.0,49.12,5.07,5.02,24.38,2.91,23.61
2002,97,0.55,0.55,0.53,94.19,2.58,168.56,0.0,42.19,5.37,9.74,26.12,3.48,21.69
2002,98,0.55,0.55,0.52,94.32,2.61,233.5,0.07,50.88,6.16,10.44,27.33,5.38,19.74
2002,99,0.55,0.55,0.53,94.53,1.74,211.88,0.1,71.75,7.39,9.46,24.08,8.51,22.74
2002,100,0.55,0.55,0.52,93.77,1.92,194.62,0.05,57.31,6.9,8.4,27.05,7.33,15.5
2002,101,0.55,0.54,0.52,92.82,4.16,234.19,0.33,47.44,5.92,11.81,25.75,4.6,12.35
2002,102,0.55,0.54,0.53,93.23,3.15,255.56,1.65,54.81,5.43,8.1,19.55,3.35,17.96
2002,103,0.54,0.54,0.52,93.88,3.66,234.0,1.32,64.12,5.92,6.98,18.87,4.98,17.43
2002,104,0.55,0.55,0.58,94.43,1.44,289.38,8.55,81.0,7.2,8.29,15.56,8.21,18.26
2002,105,0.55,0.56,0.6,94.86,1.66,212.38,7.27,80.0,6.96,8.23,16.45,7.81,11.69
2002,106,0.55,0.56,0.57,95.06,2.51,284.56,1.94,78.06,6.71,7.48,17.23,7.26,16.31
2002,107,0.55,0.56,0.55,95.14,1.77,175.75,0.05,66.94,5.68,6.36,19.78,4.87,23.62
2002,108,0.55,0.55,0.54,95.24,1.88,81.69,0.0,63.88,5.31,5.15,20.72,3.81,25.47
2002,109,0.55,0.55,0.54,95.51,1.12,142.0,0.16,60.0,5.31,5.83,18.0,3.8,19.17
2002,110,0.55,0.55,0.53,95.79,1.42,210.38,0.0,56.0,5.31,8.15,21.41,3.61,25.06
2002,111,0.55,0.55,0.55,95.71,3.68,309.5,2.44,75.25,6.29,6.78,15.61,6.33,15.66
2002,112,0.55,0.55,0.57,95.88,3.6,348.75,4.6,80.0,6.77,7.26,16.58,7.52,13.14
2002,113,0.55,0.55,0.55,95.95,2.47,327.56,1.16,74.88,6.59,7.61,18.23,7.09,19.91
2002,114,0.55,0.55,0.55,95.74,1.63,298.0,1.18,67.25,6.1,6.54,19.61,5.87,23.35
2002,115,0.55,0.55,0.54,95.53,2.44,282.56,0.04,64.12,6.16,7.75,21.11,6.08,14.79
2002,116,0.55,0.55,0.53,95.37,1.54,148.62,0.0,58.62,6.35,8.13,23.87,6.4,24.62
2002,117,0.55,0.55,0.52,95.12,2.34,230.75,0.0,50.88,6.41,10.5,27.7,6.34,23.8
2002,118,0.54,0.54,0.51,94.86,2.13,217.06,0.0,47.19,6.65,11.84,30.02,6.74,25.33
2002,119,0.54,0.54,0.52,95.07,1.86,252.56,0.0,55.0,7.26,13.38,25.95,8.21,24.0
2002,120,0.54,0.53,0.51,95.11,1.55,86.31,0.0,61.31,8.24,12.45,28.85,10.19,24.43
2002,121,0.53,0.53,0.5,94.6,2.11,192.88,0.36,48.81,7.63,13.78,31.12,8.58,19.19
2002,122,0.53,0.53,0.52,94.38,1.64,180.38,2.91,71.31,9.52,12.65,24.89,12.37,20.09
2002,123,0.53,0.53,0.52,94.55,2.9,327.94,1.56,73.19,7.63,8.79,22.48,9.04,17.31
2002,124,0.53,0.53,0.52,95.28,2.84,222.62,0.57,69.06,6.16,8.04,17.98,6.01,16.33
2002,125,0.53,0.53,0.51,95.07,2.1,173.5,0.01,61.75,5.68,5.33,23.12,4.49,27.51
2002,126,0.53,0.53,0.53,94.4,2.52,137.38,3.04,77.06,7.69,9.15,16.7,9.12,14.42
2002,127,0.53,0.54,0.54,93.46,3.73,193.5,3.66,64.31,8.3,11.69,26.27,10.07,15.3
2002,128,0.53,0.53,0.52,94.3,3.12,232.06,0.61,61.19,6.77,9.75,24.17,7.04,26.42
2002,129,0.53,0.53,0.51,94.75,1.88,138.44,0.0,57.94,6.59,10.32,26.65,6.84,25.65
2002,130,0.53,0.53,0.52,94.76,1.97,288.5,2.82,64.5,7.14,10.76,22.83,7.99,19.89
2002,131,0.53,0.53,0.55,94.98,3.26,289.5,5.13,78.56,7.87,9.84,19.81,9.59,13.72
2002,132,0.53,0.54,0.53,95.44,2.63,262.12,0.62,68.44,6.59,7.71,19.87,7.11,19.66
2002,133,0.53,0.53,0.51,95.47,2.36,190.75,0.0,47.0,5.74,8.22,29.15,4.8,29.16
2002,134,0.53,0.53,0.5,95.77,2.03,240.88,0.0,41.81,6.23,13.86,29.7,6.19,29.04
2002,135,0.52,0.52,0.49,95.83,1.69,186.31,0.0,39.38,5.92,14.57,31.53,5.33,29.14
2002,136,0.52,0.52,0.48,95.49,1.59,212.5,0.0,38.81,6.71,14.39,33.01,7.11,26.87
2002,137,0.52,0.52,0.48,95.04,1.94,247.69,0.0,41.31,7.45,16.78,35.32,8.43,27.69
2002,138,0.52,0.51,0.48,95.32,3.09,306.94,0.03,66.19,8.67,11.42,24.35,11.08,23.0
2002,139,0.52,0.51,0.48,95.52,2.22,280.19,0.02,66.19,7.26,10.32,22.7,8.39,27.6
2002,140,0.52,0.51,0.48,95.01,1.3,188.06,0.0,45.44,5.49,8.74,30.27,3.81,29.97
2002,141,0.51,0.51,0.47,94.48,2.96,239.0,0.0,44.44,7.69,16.18,30.36,8.83,19.58
2002,142,0.51,0.5,0.46,94.25,2.35,248.31,0.0,41.06,7.69,16.87,36.34,8.76,26.0
2002,143,0.51,0.5,0.46,94.77,3.97,310.88,0.16,61.5,8.24,12.23,23.51,10.19,19.93
2002,144,0.51,0.5,0.46,95.25,3.52,307.62,0.06,58.56,6.41,10.18,22.65,6.3,27.93
2002,145,0.5,0.49,0.45,95.14,2.07,250.31,0.0,46.75,6.04,10.4,27.38,5.54,29.6
2002,146,0.5,0.49,0.44,94.9,1.79,226.44,0.0,40.62,6.35,14.33,30.4,6.23,29.42
2002,147,0.5,0.49,0.43,94.77,3.32,304.62,0.14,59.31,8.24,13.7,28.3,10.01,28.18
2002,148,0.5,0.49,0.42,95.06,1.99,181.12,0.1,54.06,6.65,12.5,25.86,6.82,27.98
2002,149,0.5,0.49,0.41,95.17,1.92,89.62,0.03,43.44,6.16,11.07,30.94,6.03,27.69
2002,150,0.5,0.49,0.41,95.34,1.29,152.75,0.9,47.69,8.79,16.47,31.17,11.06,26.17
2002,151,0.49,0.49,0.41,95.44,1.41,157.94,0.47,45.62,8.91,19.6,31.26,11.44,25.87
2002,152,0.49,0.48,0.39,95.28,1.66,183.56,0.48,40.62,8.24,19.75,33.77,10.15,24.66
2002,153,0.49,0.48,0.38,95.11,1.83,151.94,0.02,36.38,7.57,19.39,34.77,9.0,26.85
2002,154,0.49,0.48,0.36,94.93,1.7,137.69,0.0,32.75,6.59,17.12,37.0,6.78,27.56
2002,155,0.49,0.48,0.35,94.5,3.03,242.31,0.0,36.62,7.93,17.98,37.59,9.46,23.57
2002,156,0.49,0.48,0.35,94.41,2.54,244.25,0.01,50.62,7.63,15.05,29.48,8.95,27.11
2002,157,0.48,0.48,0.35,94.48,3.02,243.44,0.02,57.81,7.87,12.97,26.48,9.47,28.29
2002,158,0.48,0.48,0.35,94.86,2.52,261.69,0.0,60.75,8.06,13.12,26.1,9.91,27.18
2002,159,0.48,0.48,0.36,94.77,3.2,259.19,1.84,63.69,8.3,12.54,27.48,10.05,17.1
2002,160,0.48,0.48,0.41,95.1,3.09,308.69,0.5,64.5,7.26,11.34,21.98,8.19,25.26
2002,161,0.48,0.48,0.39,95.37,2.22,254.0,0.0,51.38,6.35,9.77,26.82,6.32,30.28
2002,162,0.48,0.48,0.38,95.46,1.99,151.5,0.0,44.75,6.84,14.85,29.67,7.51,29.73
2002,163,0.48,0.48,0.37,95.46,2.14,100.75,0.0,44.88,6.9,13.37,32.51,7.69,30.29
2002,164,0.48,0.48,0.35,95.44,2.16,83.88,0.0,38.06,6.29,15.05,32.72,6.27,30.15
2002,165,0.48,0.48,0.34,95.28,1.82,172.31,0.0,32.94,6.35,16.45,35.62,6.39,29.7
2002,166,0.48,0.48,0.33,95.3,1.89,149.94,0.0,32.75,6.59,18.07,35.05,6.92,28.42
2002,167,0.48,0.47,0.32,95.34,1.78,92.12,0.0,28.0,5.68,19.77,35.73,4.49,30.9
2002,168,0.48,0.47,0.3,95.29,1.88,192.44,0.0,27.31,5.68,18.55,37.01,4.53,29.39
2002,169,0.48,0.47,0.3,95.22,2.0,180.69,0.0,31.5,7.02,19.28,37.26,7.68,28.57
2002,170,0.48,0.47,0.3,95.2,1.69,181.62,0.0,36.06,7.75,19.7,36.13,9.17,27.68
2002,171,0.48,0.47,0.29,95.31,1.79,183.19,0.0,33.56,7.63,21.23,37.89,9.01,29.31
2002,172,0.48,0.47,0.28,95.55,2.12,84.62,0.0,31.81,7.02,21.23,36.73,7.65,28.89
2002,173,0.48,0.46,0.27,95.5,2.15,94.75,0.0,32.19,6.84,19.36,37.34,7.3,28.67
2002,174,0.47,0.46,0.27,95.3,2.02,86.38,0.0,31.06,6.9,19.7,37.01,7.48,29.0
2002,175,0.47,0.46,0.26,95.14,2.2,256.69,0.11,40.44,8.91,20.53,35.13,11.25,28.0
2002,176,0.47,0.46,0.26,95.47,2.02,162.19,0.03,54.44,10.8,19.1,33.3,14.17,28.5
2002,177,0.47,0.46,0.25,95.51,1.95,80.88,0.0,44.62,9.34,19.15,35.65,11.94,28.52
2002,178,0.47,0.46,0.24,95.23,1.64,171.38,0.06,27.94,6.84,20.31,40.6,7.38,26.92
2002,179,0.47,0.46,0.23,95.18,2.98,251.31,0.0,34.0,8.73,22.15,39.8,10.45,22.12
2002,180,0.47,0.46,0.23,95.34,1.64,130.19,1.12,55.69,11.6,20.33,33.27,15.44,20.69
2002,181,0.47,0.46,0.27,95.12,2.62,88.69,0.05,55.75,10.56,18.52,35.37,13.84,15.49
2002,182,0.47,0.46,0.26,94.57,3.77,226.69,0.0,43.5,8.67,18.85,40.72,9.61,23.91
2002,183,0.47,0.46,0.26,94.89,3.64,332.25,0.04,67.06,11.35,18.2,27.21,15.15,18.89
2002,184,0.47,0.46,0.25,95.03,1.72,186.75,0.0,49.31,8.91,16.57,34.01,11.12,28.61
2002,185,0.47,0.46,0.24,95.23,2.22,143.38,0.0,42.0,8.36,18.7,35.43,10.24,28.87
2002,186,0.47,0.46,0.23,95.09,1.59,142.12,0.01,43.69,9.58,18.98,37.2,12.33,25.61
2002,187,0.47,0.46,0.23,95.01,2.38,184.62,0.2,39.0,9.09,20.6,36.89,11.33,21.97
2002,188,0.47,0.46,0.23,95.18,2.55,59.38,0.25,54.75,11.11,18.88,34.44,14.68,24.23
2002,189,0.47,0.46,0.23,94.83,2.03,229.62,0.33,30.94,8.18,21.21,41.3,9.83,23.45
2002,190,0.47,0.46,0.26,94.87,2.25,267.94,1.76,46.44,10.86,22.04,35.38,14.04,16.97
2002,191,0.47,0.46,0.31,94.96,2.02,242.75,2.17,52.44,11.78,21.03,35.51,15.63,25.35
2002,192,0.47,0.47,0.32,95.11,1.47,127.19,0.09,45.56,11.23,22.08,36.87,14.88,21.73
2002,193,0.47,0.47,0.34,95.1,2.59,292.75,2.91,52.19,12.39,21.84,35.83,16.37,22.63
2002,194,0.48,0.48,0.48,95.13,2.84,201.62,7.09,71.44,13.0,18.71,28.11,17.22,18.95
2002,195,0.48,0.49,0.58,95.02,3.54,332.38,15.87,75.25,10.74,14.98,23.8,14.31,8.74
2002,196,0.49,0.51,0.52,95.07,3.17,308.31,4.12,72.38,9.64,14.19,23.4,12.66,24.09
2002,197,0.49,0.5,0.48,95.0,2.27,168.94,0.0,59.31,9.22,13.14,31.11,11.73,28.4
2002,198,0.49,0.49,0.46,95.09,2.39,105.0,0.0,62.62,10.86,16.37,31.58,14.43,25.02
2002,199,0.49,0.49,0.46,95.02,2.36,60.56,0.0,58.44,10.5,17.19,32.25,13.93,25.95
2002,200,0.48,0.48,0.45,95.01,2.19,88.19,0.0,51.06,10.44,17.85,35.32,13.79,25.25
2002,201,0.48,0.48,0.45,95.2,1.96,96.69,0.0,45.56,10.38,20.62,36.9,13.69,25.07
2002,202,0.48,0.48,0.42,95.17,2.01,223.81,0.0,36.81,9.83,22.1,40.34,12.82,24.53
2002,203,0.48,0.48,0.4,95.25,2.48,208.5,0.0,33.81,9.46,23.19,38.79,12.25,24.21
2002,204,0.48,0.47,0.37,95.2,2.52,218.06,0.0,37.56,9.16,22.1,40.47,11.34,24.33
2002,205,0.48,0.47,0.36,95.39,2.69,309.25,0.0,66.62,12.57,17.94,31.05,16.8,19.55
2002,206,0.48,0.47,0.35,95.32,1.77,136.94,0.0,56.81,9.7,16.51,31.71,12.51,27.88
2002,207,0.48,0.47,0.34,95.2,2.57,328.56,0.0,64.75,10.8,16.44,28.58,14.4,27.09
2002,208,0.48,0.47,0.34,95.1,2.0,35.06,0.0,56.62,9.46,17.08,30.5,12.2,28.07
2002,209,0.47,0.47,0.32,95.24,2.11,165.38,0.0,49.88,8.3,16.37,31.1,10.04,28.51
2002,210,0.47,0.46,0.3,95.2,1.91,156.75,0.0,42.06,8.06,18.37,33.28,9.86,27.48
2002,211,0.47,0.46,0.3,94.77,2.05,142.75,0.0,41.62,8.48,19.51,34.05,10.55,25.12
2002,212,0.47,0.46,0.3,94.67,2.09,85.25,0.75,51.75,10.31,18.58,32.86,13.54,24.65
2002,213,0.47,0.46,0.3,94.71,2.09,181.81,0.0,42.94,9.77,19.21,38.11,12.47,26.85
2002,214,0.47,0.47,0.34,94.85,2.9,217.31,4.62,33.0,9.03,23.62,40.08,11.31,15.15
2002,215,0.48,0.47,0.42,95.0,3.09,230.12,4.5,44.62,11.17,22.39,38.39,14.37,16.82
2002,216,0.48,0.48,0.45,95.07,2.02,200.5,0.55,52.06,12.57,23.24,38.32,16.47,14.07
2002,217,0.48,0.47,0.41,95.15,2.15,210.69,0.44,53.0,12.63,22.48,38.83,16.68,21.52
2002,218,0.47,0.47,0.38,95.18,2.97,286.31,0.01,50.5,11.66,21.43,33.8,15.4,17.64
2002,219,0.47,0.47,0.37,95.28,1.55,102.06,0.18,62.44,11.96,20.44,30.12,15.87,9.7
2002,220,0.48,0.48,0.46,94.9,1.47,135.81,8.45,63.44,12.51,20.0,31.17,16.49,18.52
2002,221,0.48,0.48,0.48,94.76,1.87,107.25,1.03,66.44,13.06,19.3,32.09,17.28,23.6
2002,222,0.48,0.48,0.46,94.38,3.28,292.94,2.25,66.19,11.6,18.01,31.95,15.03,17.36
2002,223,0.48,0.48,0.48,94.78,3.59,308.31,1.0,65.38,9.77,16.03,25.94,12.75,21.85
2002,224,0.48,0.48,0.45,95.28,1.7,253.69,0.01,53.81,8.12,14.37,29.18,9.9,27.44
2002,225,0.48,0.48,0.42,95.25,1.83,173.25,0.0,50.81,8.73,17.12,32.49,11.05,27.57
2002,226,0.48,0.47,0.39,95.15,1.89,147.5,0.0,53.94,9.89,16.9,35.01,12.95,26.36
2002,227,0.47,0.47,0.38,95.08,1.83,97.69,0.92,51.19,10.62,18.96,35.37,14.05,21.07
2002,228,0.47,0.47,0.38,95.07,2.17,67.88,0.66,60.0,12.02,19.37,31.97,16.0,23.46
2002,229,0.48,0.48,0.48,94.91,1.06,181.19,11.1,67.25,12.39,19.08,30.01,16.4,22.59
2002,230,0.48,0.48,0.46,94.91,1.59,110.25,0.0,53.19,9.83,17.6,33.57,12.55,25.81
2002,231,0.48,0.48,0.42,94.94,1.66,203.81,0.0,44.69,10.07,20.62,35.78,13.22,22.67
2002,232,0.48,0.48,0.41,95.02,2.21,166.19,1.27,50.5,11.11,20.8,33.49,14.73,22.52
2002,233,0.48,0.48,0.45,95.0,1.61,209.31,2.68,59.56,11.84,19.0,33.46,15.69,22.81
2002,234,0.48,0.49,0.57,94.86,1.83,225.94,18.76,70.5,13.18,19.26,30.62,17.4,19.31
2002,235,0.51,0.52,0.59,94.97,1.54,195.81,13.15,70.94,13.85,19.67,30.31,18.22,22.03
2002,236,0.51,0.52,0.52,95.04,1.78,205.56,4.18,62.75,12.76,20.05,33.21,16.77,20.08
2002,237,0.52,0.53,0.58,95.32,1.88,121.75,10.54,74.56,13.92,19.62,31.55,18.35,21.8
2002,238,0.52,0.54,0.57,95.26,2.21,244.31,9.9,75.31,13.73,19.12,31.32,18.09,16.26
2002,239,0.53,0.54,0.55,95.19,1.71,285.31,2.71,72.69,12.27,17.89,28.73,16.35,22.8
2002,240,0.53,0.54,0.52,95.15,2.56,242.62,2.16,72.25,11.23,16.01,26.28,14.9,20.99
2002,241,0.52,0.53,0.52,95.26,2.38,297.5,0.0,70.19,11.05,17.25,26.51,14.7,24.62
2002,242,0.52,0.53,0.5,95.43,1.73,79.88,0.0,65.56,10.19,16.21,28.47,13.41,24.91
2002,243,0.52,0.52,0.5,95.39,1.75,261.12,0.48,69.62,10.86,16.15,28.41,14.41,22.91
2002,244,0.52,0.52,0.5,95.47,2.73,323.94,1.09,77.88,11.9,16.37,25.25,15.91,17.5
2002,245,0.52,0.52,0.49,95.46,1.98,182.75,0.0,64.56,10.13,15.53,29.95,13.27,21.81
2002,246,0.52,0.52,0.48,95.31,2.38,227.31,0.01,53.5,10.01,17.56,32.04,13.19,21.76
2002,247,0.52,0.52,0.5,95.22,2.08,277.31,2.23,66.44,11.84,18.12,28.56,15.79,17.76
2002,248,0.52,0.52,0.49,95.29,1.9,309.44,0.04,69.25,10.68,16.75,28.17,13.98,21.73
2002,249,0.52,0.51,0.48,95.36,2.36,220.5,0.1,73.38,11.05,15.45,26.32,14.75,18.4
2002,250,0.51,0.51,0.48,95.23,1.85,192.38,0.0,64.25,9.95,15.33,29.01,13.01,22.24
2002,251,0.51,0.51,0.47,94.96,2.11,221.12,0.0,50.06,9.03,16.41,33.05,11.33,20.24
2002,252,0.51,0.5,0.47,95.07,2.47,234.19,0.04,52.81,10.19,19.44,33.23,13.06,11.81
2002,253,0.51,0.5,0.48,95.48,2.2,236.0,0.34,73.25,11.9,17.03,28.02,15.92,21.68
2002,254,0.5,0.5,0.47,95.3,1.61,54.5,0.0,67.0,9.95,15.62,28.04,13.05,23.53
2002,255,0.5,0.5,0.47,95.05,1.56,156.19,0.05,67.88,9.95,15.0,28.66,13.03,19.22
2002,256,0.5,0.49,0.46,94.81,1.98,180.31,0.0,59.0,9.77,15.35,31.75,12.55,21.65
2002,257,0.5,0.49,0.49,94.86,1.88,104.19,3.3,67.06,11.11,17.48,28.15,14.55,20.01
2002,258,0.5,0.5,0.48,95.0,1.81,222.44,0.5,74.94,11.11,16.15,25.66,14.73,19.93
2002,259,0.5,0.49,0.47,94.93,1.41,191.5,0.07,63.69,10.62,15.16,29.57,13.95,15.81
2002,260,0.5,0.49,0.46,94.84,2.06,188.12,0.15,52.81,10.68,19.48,33.12,14.08,14.51
2002,261,0.49,0.49,0.45,94.86,1.92,216.31,0.01,50.94,10.68,19.2,33.54,13.93,18.7
2002,262,0.49,0.49,0.46,95.12,2.16,195.31,0.95,56.81,11.9,20.72,34.15,15.79,19.68
2002,263,0.49,0.48,0.45,95.19,2.98,200.88,0.11,52.19,11.35,21.26,34.56,15.09,18.12
2002,264,0.49,0.48,0.47,94.95,3.08,263.44,6.14,56.56,11.11,20.07,34.69,14.42,18.86
2002,265,0.5,0.5,0.53,94.74,2.87,303.69,4.64,76.56,12.33,17.65,25.83,16.3,16.95
2002,266,0.5,0.5,0.52,94.45,3.95,281.44,4.94,73.31,10.44,15.63,25.3,13.64,11.58
2002,267,0.51,0.51,0.52,94.48,2.25,285.5,2.46,81.0,10.44,14.63,21.79,13.73,12.06
2002,268,0.51,0.51,0.49,94.92,2.52,230.31,0.66,74.88,9.7,14.06,23.28,12.68,16.43
2002,269,0.51,0.51,0.49,95.29,2.12,150.56,0.47,74.38,9.16,12.75,21.17,11.9,13.15
2002,270,0.5,0.51,0.48,95.37,1.77,325.81,0.16,65.81,7.51,12.01,22.99,8.87,19.86
2002,271,0.5,0.5,0.48,95.51,2.41,300.31,0.2,72.81,8.42,13.07,21.52,10.68,15.43
2002,272,0.5,0.5,0.48,95.69,1.73,229.94,0.06,72.31,8.48,11.95,23.14,10.75,16.21
2002,273,0.5,0.5,0.48,95.7,1.77,75.81,0.11,73.81,8.67,12.03,23.98,11.1,18.2
2002,274,0.5,0.5,0.47,95.49,2.01,196.44,0.0,60.19,7.32,10.7,26.42,8.45,18.83
2002,275,0.5,0.49,0.47,95.46,2.37,223.88,0.0,50.5,7.39,13.26,28.17,8.61,18.34
2002,276,0.49,0.49,0.47,95.59,2.76,272.88,0.27,57.19,8.73,16.47,28.81,10.98,9.19
2002,277,0.5,0.5,0.53,95.6,2.07,317.81,7.21,83.06,11.23,14.85,24.08,15.06,10.58
2002,278,0.5,0.51,0.51,95.55,1.98,334.56,1.91,77.62,9.46,13.29,21.82,12.36,11.39
2002,279,0.5,0.51,0.5,95.15,1.09,258.75,1.08,67.88,8.36,13.04,24.05,10.39,18.84
2002,280,0.5,0.5,0.48,94.9,2.12,202.12,0.29,65.69,8.73,13.54,25.14,10.89,17.62
2002,281,0.5,0.5,0.48,94.67,2.25,212.62,0.01,59.38,8.85,13.86,28.19,11.21,17.64
2002,282,0.5,0.5,0.48,94.14,3.16,218.62,2.11,57.69,8.91,16.58,27.94,11.14,14.7
2002,283,0.5,0.51,0.52,94.2,2.68,248.25,3.87,67.19,7.69,9.87,21.78,8.78,8.48
2002,284,0.51,0.52,0.55,94.47,5.91,262.25,10.03,75.88,7.57,9.41,15.15,8.7,5.25
2002,285,0.52,0.52,0.53,94.83,4.94,296.94,2.5,78.0,8.97,12.1,19.83,11.45,7.07
2002,286,0.52,0.52,0.51,95.06,2.77,300.44,0.0,82.94,10.19,13.31,22.4,13.49,16.69
2002,287,0.52,0.52,0.49,95.22,1.35,226.62,0.0,64.62,8.24,11.12,27.96,10.09,17.78
2002,288,0.52,0.52,0.48,95.27,2.27,225.19,0.0,50.06,6.96,12.9,29.58,7.76,17.76
2002,289,0.51,0.51,0.48,95.15,2.75,224.75,0.0,42.5,6.1,13.79,30.67,5.67,17.3
2002,290,0.51,0.51,0.48,95.02,3.63,261.06,0.0,52.56,7.45,15.36,29.02,7.89,16.04
2002,291,0.51,0.51,0.49,95.35,1.09,179.69,1.17,75.62,9.83,13.92,24.34,13.01,12.94
2002,292,0.51,0.51,0.48,95.29,2.16,199.94,0.0,62.81,8.85,13.57,28.62,11.3,15.9
2002,293,0.51,0.5,0.48,95.22,3.23,209.06,0.0,50.25,7.69,14.13,32.1,9.2,15.94
2002,294,0.5,0.5,0.46,95.03,4.49,214.19,0.0,36.06,6.53,18.31,32.26,6.62,13.14
2002,295,0.5,0.5,0.47,95.13,1.68,307.38,0.56,64.0,9.34,15.77,25.75,12.15,13.89
2002,296,0.5,0.49,0.48,95.29,1.89,311.12,0.0,74.38,9.28,13.33,23.07,11.93,15.72
2002,297,0.5,0.49,0.48,95.51,1.52,244.62,0.0,75.69,8.61,12.3,22.15,10.83,15.17
2002,298,0.5,0.49,0.48,95.68,1.45,218.44,0.0,65.31,7.2,10.01,24.45,8.15,16.29
2002,299,0.49,0.49,0.47,95.94,1.38,196.19,0.0,53.56,6.47,12.34,26.26,6.6,15.89
2002,300,0.49,0.49,0.47,96.04,1.52,194.94,0.0,52.06,6.41,11.15,27.44,6.56,16.08
2002,301,0.49,0.49,0.47,96.1,1.45,201.62,0.0,66.31,7.81,11.75,23.51,9.48,15.46
2002,302,0.49,0.49,0.47,95.75,1.27,199.75,0.0,58.44,6.29,8.87,26.52,5.95,15.64
2002,303,0.49,0.48,0.46,95.39,2.7,225.56,0.0,43.5,5.25,11.31,27.9,3.5,14.79
2002,304,0.49,0.48,0.48,95.25,2.07,277.88,3.45,62.38,7.45,11.88,23.76,8.02,11.02
2002,305,0.5,0.5,0.57,95.48,2.04,311.56,11.4,85.38,8.73,11.55,17.21,11.23,8.49
2002,306,0.52,0.52,0.58,95.68,2.68,322.31,8.27,88.81,9.22,11.69,17.63,12.02,5.33
2002,307,0.52,0.52,0.52,95.47,1.98,285.56,0.27,77.56,8.06,10.14,20.83,9.81,13.77
2002,308,0.52,0.53,0.6,95.24,2.48,191.62,18.71,91.75,10.31,13.13,18.48,13.7,3.44
2002,309,0.54,0.55,0.6,95.3,3.51,303.94,5.26,80.56,7.39,9.98,15.37,8.71,8.81
2002,310,0.54,0.55,0.58,95.49,3.26,325.81,4.23,80.31,6.9,9.4,13.25,7.69,10.87
2002,311,0.56,0.59,0.71,94.88,5.48,285.88,36.32,84.12,6.65,5.87,12.21,7.05,3.9
2002,312,0.59,0.62,0.72,95.03,8.21,328.0,14.99,76.19,5.98,8.26,10.76,5.51,6.56
2002,313,0.59,0.62,0.66,95.08,3.4,291.31,1.54,79.69,7.2,8.16,16.37,8.09,5.87
2002,314,0.59,0.62,0.63,95.12,3.2,291.06,0.36,90.19,9.03,9.54,17.79,11.58,6.54
2002,315,0.59,0.61,0.62,95.28,2.07,253.75,0.0,71.88,7.32,7.78,22.53,8.48,13.57
2002,316,0.59,0.6,0.61,95.22,2.12,226.31,0.0,62.0,6.35,9.26,22.4,6.34,13.13
2002,317,0.59,0.59,0.6,94.8,2.66,208.38,0.0,57.25,6.41,10.62,22.3,6.42,10.02
2002,318,0.59,0.59,0.59,93.94,5.94,192.31,0.0,43.44,5.0,10.59,23.47,2.89,10.84
2002,319,0.59,0.59,0.58,93.41,6.6,196.44,0.0,40.5,4.82,10.72,23.4,2.17,6.07
2002,320,0.59,0.59,0.58,94.07,2.88,217.94,0.57,67.38,6.84,9.86,19.59,7.33,10.46
2002,321,0.59,0.6,0.7,94.7,2.04,267.56,28.34,84.75,7.51,8.4,16.74,8.83,2.18
2002,322,0.62,0.63,0.68,95.12,2.99,270.62,1.95,84.56,6.59,6.01,13.38,6.94,9.72
2002,323,0.61,0.62,0.65,95.12,2.69,210.25,0.0,73.31,5.49,4.01,17.6,4.3,12.97
2002,324,0.61,0.62,0.65,94.72,3.7,215.69,3.76,66.75,5.49,6.76,17.37,4.17,10.85
2002,325,0.62,0.62,0.66,94.62,2.87,241.94,1.41,80.38,6.59,4.63,17.02,6.69,12.15
2002,326,0.62,0.62,0.65,94.96,2.71,254.19,0.54,79.75,7.63,9.12,18.21,9.07,10.58
2002,327,0.61,0.62,0.64,94.9,3.38,199.19,0.0,65.81,6.53,9.38,21.33,6.8,11.12
2002,328,0.61,0.62,0.62,94.43,3.46,191.62,0.0,56.75,6.23,10.83,23.15,5.94,9.75
2002,329,0.61,0.61,0.63,93.74,4.57,198.69,1.35,75.38,7.14,9.5,15.78,7.93,4.28
2002,330,0.63,0.65,0.78,94.06,7.72,288.25,32.86,87.25,7.26,9.33,11.8,8.25,1.96
2002,331,0.64,0.66,0.71,95.02,4.64,305.06,1.95,84.25,7.26,9.01,15.04,8.4,4.37
2002,332,0.64,0.66,0.7,95.48,1.08,242.12,0.32,78.75,7.57,9.91,17.89,9.05,11.86
2002,333,0.64,0.66,0.71,95.65,2.2,279.12,4.27,88.44,7.57,5.65,14.91,8.97,2.54
2002,334,0.65,0.66,0.75,95.42,3.8,298.69,16.1,88.56,6.41,5.8,10.68,6.61,7.0
2002,335,0.66,0.69,0.77,95.22,4.8,316.69,11.34,89.12,6.65,7.55,10.05,7.11,7.56
2002,336,0.68,0.7,0.8,94.61,3.49,292.75,19.42,91.44,7.69,8.35,14.19,9.17,3.57
2002,337,0.7,0.73,0.81,94.35,3.9,301.12,18.73,87.0,6.23,6.25,9.94,6.1,5.73
2002,338,0.71,0.73,0.79,94.58,4.31,314.38,8.11,84.31,5.92,6.26,9.87,5.45,5.07
2002,339,0.72,0.75,0.83,94.29,3.68,301.06,21.22,87.88,6.35,3.64,12.99,6.27,2.07
2002,340,0.74,0.77,0.85,93.94,4.18,302.12,27.47,94.44,6.35,3.6,9.45,6.12,3.35
2002,341,0.77,0.8,0.84,94.56,4.35,314.56,10.31,92.44,6.9,7.2,10.22,7.62,3.0
2002,342,0.77,0.79,0.8,94.96,1.71,299.69,0.6,91.44,6.41,6.42,11.09,6.58,8.43
2002,343,0.77,0.79,0.8,95.03,1.51,240.25,0.91,87.25,5.68,2.92,11.33,4.75,9.14
2002,344,0.77,0.78,0.8,95.01,3.12,204.19,0.0,66.38,4.58,3.14,15.29,1.58,10.84
2002,345,0.77,0.78,0.79,95.21,2.84,207.44,0.2,63.88,4.82,5.9,15.76,2.41,8.9
2002,346,0.77,0.77,0.79,95.44,2.83,236.44,0.0,78.5,6.1,5.85,15.19,5.76,5.07
2002,347,0.77,0.77,0.79,95.82,1.83,223.38,0.0,78.75,6.16,4.81,17.06,6.08,10.8
2002,348,0.76,0.77,0.78,95.45,3.79,235.0,0.0,73.25,6.84,7.83,18.74,7.24,9.08
2002,349,0.76,0.77,0.79,95.81,2.11,283.25,0.18,86.12,7.02,6.91,14.62,7.93,8.82
2002,350,0.76,0.77,0.78,95.79,1.74,216.0,0.07,75.62,5.37,4.05,16.89,4.16,10.74
2002,351,0.76,0.77,0.78,95.52,2.69,228.06,0.0,73.31,6.16,5.87,19.15,6.02,10.24
2002,352,0.75,0.77,0.78,95.36,2.12,239.25,0.0,72.69,7.02,7.99,20.59,7.79,9.26
2002,353,0.75,0.77,0.78,95.34,1.33,159.06,1.14,77.94,7.51,10.37,18.11,8.83,6.08
2002,354,0.76,0.77,0.8,95.35,2.19,231.75,7.85,89.0,7.81,9.36,14.68,9.56,2.28
2002,355,0.77,0.78,0.82,95.61,2.23,322.0,7.44,94.5,7.93,9.05,13.3,9.85,2.33
2002,356,0.77,0.78,0.8,95.76,1.05,182.06,0.18,80.62,6.53,6.89,16.54,6.9,10.67
2002,357,0.77,0.78,0.79,95.47,3.0,220.06,0.0,82.44,6.59,6.0,17.87,7.01,10.52
2002,358,0.77,0.77,0.79,95.45,2.59,262.56,0.83,83.31,7.39,7.02,17.95,8.55,9.65
2002,359,0.77,0.77,0.79,95.69,3.21,280.44,0.95,88.81,7.45,7.73,16.43,8.83,7.35
2002,360,0.76,0.77,0.79,95.58,1.94,260.94,0.42,85.31,7.32,6.76,17.24,8.51,9.76
2002,361,0.76,0.77,0.78,94.81,4.07,210.56,0.46,69.75,5.8,6.25,18.44,5.05,9.15
2002,362,0.76,0.77,0.8,94.78,4.78,267.62,4.85,83.25,6.41,6.61,12.69,6.49,4.4
2002,363,0.76,0.77,0.79,95.58,2.91,283.94,0.16,88.06,6.41,5.23,12.46,6.57,8.02
2002,364,0.76,0.77,0.79,95.31,2.14,228.38,0.0,75.56,5.25,2.58,17.05,3.69,10.18
2002,365,0.76,0.77,0.79,95.21,5.09,280.94,1.65,82.56,5.98,4.99,12.05,5.58,5.79
2003,1,0.76,0.77,0.79,95.6,3.09,277.69,0.05,89.69,6.47,4.96,13.38,6.64,6.35
2003,2,0.76,0.77,0.78,95.46,2.62,227.44,0.0,67.81,5.62,5.18,20.55,4.46,7.56
2003,3,0.75,0.77,0.78,95.39,2.48,253.5,0.0,68.12,5.62,5.17,18.7,4.57,10.32
2003,4,0.75,0.76,0.78,95.06,2.38,271.06,0.37,81.25,6.59,5.29,17.01,6.75,10.52
2003,5,0.75,0.76,0.78,94.68,2.22,253.06,0.1,83.38,6.29,4.47,15.43,6.2,9.78
2003,6,0.75,0.76,0.78,94.07,4.24,236.56,2.15,78.19,5.98,6.53,15.01,5.37,2.96
2003,7,0.75,0.77,0.79,94.7,4.05,266.75,2.81,76.62,5.19,3.85,12.17,3.44,9.33
2003,8,0.75,0.77,0.8,94.46,3.91,223.75,15.92,81.62,5.86,3.45,15.34,5.12,7.19
2003,9,0.77,0.79,0.82,94.3,2.98,256.94,4.39,87.81,5.37,1.69,8.74,3.75,6.19
2003,10,0.77,0.79,0.81,94.01,1.84,206.62,7.35,86.81,4.82,1.14,8.79,2.33,2.61
2003,11,0.78,0.8,0.87,94.25,3.7,294.44,20.22,94.69,5.86,4.38,8.15,5.18,2.15
2003,12,0.8,0.82,0.84,95.33,1.55,237.31,7.12,88.56,5.31,2.68,9.41,3.8,10.21
2003,13,0.8,0.82,0.84,95.95,1.77,262.81,4.95,90.69,5.49,5.03,7.62,4.49,4.7
2003,14,0.8,0.82,0.84,96.42,1.84,32.56,2.21,88.94,5.37,4.22,8.47,4.32,4.55
2003,15,0.8,0.82,0.83,96.31,2.02,135.62,2.31,90.44,5.43,1.67,11.94,4.4,5.24
2003,16,0.8,0.82,0.85,95.79,1.24,151.75,18.95,95.0,5.98,3.09,9.11,5.69,6.04
2003,17,0.84,0.88,0.93,94.93,4.02,261.62,44.06,96.62,6.29,4.97,8.38,6.23,4.07
2003,18,0.86,0.89,0.88,95.63,3.08,295.69,4.22,89.81,5.8,3.63,9.72,5.27,6.92
2003,19,0.86,0.88,0.86,95.42,2.34,247.81,0.21,81.5,5.31,1.73,14.29,3.81,12.38
2003,20,0.86,0.88,0.88,95.09,3.97,271.88,9.28,88.0,5.49,3.19,10.15,4.35,7.32
2003,21,0.87,0.88,0.88,94.62,3.2,233.31,6.41,87.69,5.68,2.08,11.62,4.62,3.23
2003,22,0.87,0.88,0.87,94.91,2.68,255.56,0.07,82.5,5.49,3.43,13.15,4.3,10.92
2003,23,0.88,0.9,0.91,95.04,3.7,296.94,26.71,91.81,6.04,4.21,9.85,5.62,3.63
2003,24,0.9,0.92,0.93,95.22,5.56,327.94,30.42,90.0,5.74,5.44,8.29,5.05,6.08
2003,25,0.91,0.95,0.95,95.29,5.91,339.19,34.54,86.0,5.62,6.07,9.04,4.8,2.08
2003,26,0.93,0.95,0.93,95.53,5.96,335.31,8.36,88.31,5.8,5.63,9.08,5.24,4.17
2003,27,0.93,0.95,0.91,95.68,3.38,335.75,2.17,87.88,5.86,4.99,9.74,5.37,5.31
2003,28,0.93,0.94,0.91,95.74,3.24,317.06,3.04,94.25,6.9,6.49,10.85,7.69,3.08
2003,29,0.93,0.94,0.91,94.86,3.59,276.56,1.64,86.81,5.92,4.32,11.79,5.21,6.72
2003,30,0.93,0.94,0.91,94.44,3.51,286.94,3.93,89.75,4.88,2.73,6.24,2.51,5.66
2003,31,0.93,0.94,0.91,93.52,6.22,265.88,11.05,86.12,4.09,0.6,4.26,-0.14,5.92
2003,32,0.94,0.95,0.92,94.96,7.02,318.25,8.15,86.19,4.03,1.15,3.23,-0.0,4.15
2003,33,0.94,0.95,0.91,95.58,3.34,296.12,2.04,90.56,5.0,0.57,7.87,3.07,4.46
2003,34,0.94,0.95,0.91,95.53,2.35,277.38,0.43,85.56,5.49,3.28,12.16,4.36,12.88
2003,35,0.93,0.95,0.91,94.43,5.36,260.5,1.06,76.88,5.68,3.06,15.0,4.49,12.39
2003,36,0.93,0.95,0.91,94.65,4.27,312.88,2.06,78.81,4.88,2.91,8.55,2.45,9.33
2003,37,0.93,0.94,0.91,95.11,3.21,317.0,2.45,86.12,4.58,1.36,6.89,1.69,7.22
2003,38,0.93,0.94,0.9,95.65,0.73,177.62,0.04,71.88,3.91,0.05,10.98,-0.49,15.31
2003,39,0.93,0.94,0.9,95.32,2.25,222.25,0.02,70.31,3.97,-0.7,11.0,-0.38,12.76
2003,40,0.92,0.94,0.9,95.31,1.76,297.94,0.18,82.69,4.94,0.76,10.97,2.67,5.89
2003,41,0.92,0.94,0.91,95.01,1.65,285.5,14.01,92.44,5.19,2.26,6.87,3.5,6.62
2003,42,0.93,0.95,0.91,95.53,1.68,333.5,2.76,89.81,5.49,4.01,9.18,4.44,10.55
2003,43,0.93,0.95,0.91,95.4,1.56,268.12,0.17,85.69,5.13,2.62,10.08,3.49,12.77
2003,44,0.93,0.95,0.91,94.9,1.28,246.38,7.18,93.06,5.43,3.69,6.98,4.26,3.6
2003,45,0.94,0.95,0.91,95.04,1.47,197.75,2.88,87.75,5.37,4.13,9.68,4.09,8.88
2003,46,0.94,0.95,0.91,94.95,1.33,178.56,0.27,79.81,4.7,0.85,10.79,2.08,13.28
2003,47,0.93,0.95,0.91,95.08,1.44,88.0,0.73,81.94,4.82,2.31,10.54,2.54,13.36
2003,48,0.94,0.95,0.91,94.91,3.09,266.38,5.98,87.56,4.88,1.85,8.08,2.62,8.95
2003,49,0.94,0.95,0.91,94.89,5.09,279.62,2.25,83.31,4.21,0.72,6.63,0.52,9.26
2003,50,0.93,0.95,0.91,94.74,2.57,228.44,0.32,79.06,5.49,3.32,15.05,4.17,11.71
2003,51,0.93,0.95,0.91,94.47,2.83,251.19,1.23,74.69,5.49,4.53,14.2,4.12,14.56
2003,52,0.93,0.94,0.9,94.92,1.68,203.56,0.25,79.0,5.13,2.06,13.5,3.23,15.57
2003,53,0.92,0.94,0.9,95.35,1.12,121.0,0.03,78.0,5.55,2.03,16.35,4.51,13.19
2003,54,0.92,0.94,0.9,95.89,1.38,198.0,0.04,82.69,6.41,5.85,15.63,6.67,13.31
2003,55,0.92,0.93,0.9,95.6,2.58,206.94,0.0,78.06,6.1,4.48,17.25,5.91,16.5
2003,56,0.91,0.93,0.89,95.05,2.58,202.5,0.0,72.62,5.98,6.05,17.08,5.52,12.77
2003,57,0.91,0.93,0.89,94.74,2.44,234.94,0.0,77.12,5.8,4.08,16.39,4.94,13.24
2003,58,0.91,0.92,0.9,94.78,2.07,246.56,3.76,82.06,6.16,4.61,16.11,5.98,10.45
2003,59,0.92,0.94,0.91,95.57,2.34,333.0,16.07,92.81,6.84,6.16,12.02,7.52,5.28
2003,60,0.92,0.94,0.91,96.12,1.15,235.94,1.84,86.19,6.84,6.42,15.36,7.65,11.24
2003,61,0.92,0.94,0.9,95.82,2.91,259.62,0.0,77.44,6.16,5.4,17.41,6.1,16.93
2003,62,0.91,0.93,0.89,95.43,3.8,285.25,0.13,81.31,6.65,4.44,16.0,7.05,13.51
2003,63,0.91,0.93,0.89,95.6,2.92,324.75,0.77,92.81,7.45,8.24,12.4,8.92,6.02
2003,64,0.91,0.93,0.89,95.49,1.16,194.44,0.03,76.31,6.53,7.26,19.45,6.79,19.65
2003,65,0.91,0.92,0.89,95.25,3.29,264.88,0.08,76.31,7.2,7.35,20.23,8.13,18.56
2003,66,0.91,0.92,0.88,95.58,1.73,182.44,0.0,84.0,6.77,5.8,15.44,7.39,16.52
2003,67,0.9,0.91,0.88,95.69,1.12,178.19,0.0,77.81,6.04,4.76,16.93,5.77,17.14
2003,68,0.9,0.91,0.88,95.75,1.41,81.06,0.0,82.31,6.47,6.7,16.53,6.9,17.27
2003,69,0.9,0.91,0.88,96.02,1.46,92.44,0.0,81.5,5.98,5.54,16.1,5.65,18.99
2003,70,0.89,0.91,0.88,96.16,1.35,172.75,0.0,69.94,5.92,4.03,19.8,5.46,20.44
2003,71,0.89,0.91,0.88,95.93,2.61,221.38,0.0,67.44,6.23,6.13,21.57,6.18,20.65
2003,72,0.88,0.9,0.88,95.45,1.88,181.62,0.0,67.62,6.53,5.8,22.65,6.62,20.67
2003,73,0.88,0.89,0.87,95.06,2.26,274.19,0.36,71.81,6.84,7.32,20.61,7.23,19.02
2003,74,0.88,0.89,0.88,95.34,2.49,252.56,2.72,87.38,7.14,7.51,14.73,8.27,11.7
2003,75,0.88,0.89,0.88,95.94,3.7,39.5,2.51,76.12,4.7,3.18,9.17,2.11,14.92
2003,76,0.88,0.89,0.87,96.02,1.84,177.31,0.34,75.88,4.39,2.72,9.93,1.42,14.64
2003,77,0.88,0.88,0.87,95.55,1.55,217.81,0.63,74.12,4.64,0.73,13.9,1.96,14.96
2003,78,0.88,0.88,0.87,95.38,1.17,101.19,1.15,83.56,5.62,4.13,11.36,4.72,11.1
2003,79,0.88,0.88,0.87,95.53,0.94,171.69,1.25,81.38,5.68,5.13,12.13,5.01,10.98
2003,80,0.87,0.88,0.87,95.32,1.34,182.75,0.05,72.75,5.49,3.15,17.45,4.3,21.19
2003,81,0.87,0.88,0.86,94.93,1.56,163.06,0.0,67.44,5.8,4.78,19.92,4.93,19.5
2003,82,0.87,0.88,0.86,95.21,2.67,93.69,0.0,77.38,6.23,6.07,16.81,6.07,18.36
2003,83,0.86,0.87,0.86,96.03,1.95,103.0,0.0,76.44,5.37,3.76,15.05,4.19,17.65
2003,84,0.86,0.87,0.85,95.68,1.73,226.25,0.0,62.0,4.64,2.44,17.69,1.93,22.37
2003,85,0.85,0.86,0.85,95.32,1.83,205.06,0.0,63.81,5.55,3.93,20.41,4.26,22.74
2003,86,0.85,0.86,0.84,95.23,2.2,218.88,0.0,59.44,5.92,6.0,22.76,5.25,21.16
2003,87,0.84,0.85,0.84,94.9,2.61,250.62,0.45,66.38,6.53,9.33,17.46,6.51,9.34
2003,88,0.84,0.85,0.84,94.77,1.23,204.25,0.43,77.38,7.63,9.13,18.22,9.07,16.26
2003,89,0.84,0.86,0.88,94.71,1.4,237.88,22.02,88.94,8.91,10.08,16.97,11.37,7.72
2003,90,0.86,0.88,0.87,94.85,2.55,295.0,3.24,86.5,7.63,8.37,16.49,9.12,15.45
2003,91,0.86,0.88,0.88,95.27,2.87,250.0,8.34,88.88,7.51,8.78,14.07,8.95,8.29
2003,92,0.86,0.88,0.87,94.68,1.76,286.88,9.88,80.44,6.96,8.02,16.4,7.69,17.96
2003,93,0.88,0.91,0.91,93.51,5.27,324.62,22.4,89.0,5.68,5.03,8.15,4.59,10.64
2003,94,0.9,0.92,0.92,94.11,6.05,345.38,28.24,90.44,7.14,6.19,12.98,7.98,6.64
2003,95,0.91,0.94,0.91,94.98,2.6,312.0,11.68,90.44,6.77,5.98,10.83,7.4,8.81
2003,96,0.91,0.93,0.9,94.85,2.45,297.0,0.0,76.38,5.62,4.9,15.68,4.68,24.49
2003,97,0.91,0.92,0.89,94.51,2.32,242.44,0.0,67.62,5.19,3.81,16.9,3.23,24.68
2003,98,0.9,0.91,0.88,94.61,1.56,194.25,0.0,66.0,6.04,3.56,22.13,5.46,23.43
2003,99,0.9,0.91,0.88,94.39,2.2,226.06,0.2,64.06,7.08,8.69,22.11,7.73,19.91
2003,100,0.89,0.91,0.88,94.47,2.12,294.81,0.03,82.75,8.24,10.41,17.52,10.18,15.06
2003,101,0.89,0.9,0.88,95.09,2.12,207.25,0.6,75.75,7.69,8.28,21.6,9.25,23.41
2003,102,0.88,0.9,0.88,95.41,1.85,213.81,0.04,78.69,8.36,10.25,21.27,10.57,20.77
2003,103,0.88,0.89,0.87,94.93,1.84,202.44,0.0,65.44,8.18,10.07,26.53,10.06,24.85
2003,104,0.88,0.88,0.86,94.39,2.66,132.31,0.01,69.88,8.61,12.49,23.28,10.65,18.9
2003,105,0.87,0.88,0.86,93.98,2.72,179.81,1.56,75.56,8.73,10.83,22.27,10.9,10.42
2003,106,0.88,0.89,0.91,94.39,2.03,250.0,31.77,91.88,8.48,10.1,13.79,10.65,5.36
2003,107,0.9,0.92,0.91,95.23,3.04,218.0,10.84,87.5,7.57,8.0,14.34,9.01,13.15
2003,108,0.89,0.91,0.88,95.29,2.14,262.94,0.57,81.56,7.26,7.52,17.56,8.38,22.36
2003,109,0.89,0.91,0.88,94.61,2.53,210.31,3.38,77.62,8.18,8.51,20.17,9.95,14.63
2003,110,0.89,0.91,0.88,94.59,1.87,230.62,0.12,72.31,8.12,10.75,23.67,9.87,22.35
2003,111,0.88,0.9,0.88,94.84,1.62,193.0,0.01,76.5,7.45,9.19,19.03,8.7,24.87
2003,112,0.88,0.89,0.87,94.39,0.89,183.0,1.8,72.56,8.42,8.64,24.44,10.41,25.12
2003,113,0.88,0.9,0.9,94.6,2.77,289.25,17.07,86.31,8.18,9.8,14.74,10.08,4.65
2003,114,0.88,0.91,0.88,95.39,1.56,212.12,0.25,78.5,8.0,9.61,20.86,9.84,19.51
2003,115,0.88,0.9,0.87,95.33,2.67,220.31,0.0,63.0,8.06,10.86,24.77,9.82,25.97
2003,116,0.88,0.88,0.87,95.25,2.41,263.81,0.0,62.06,8.79,11.65,28.13,11.07,25.65
2003,117,0.87,0.88,0.86,95.39,1.84,149.62,0.0,78.25,9.58,11.56,23.71,12.57,25.9
2003,118,0.86,0.87,0.85,95.0,2.88,212.0,0.0,59.94,9.16,12.82,29.19,11.69,26.21
2003,119,0.85,0.86,0.84,95.26,2.52,209.56,0.0,51.69,9.22,15.42,32.27,11.71,24.25
2003,120,0.84,0.85,0.84,95.45,2.1,259.12,0.0,60.69,9.28,14.44,29.86,11.93,20.81
2003,121,0.84,0.84,0.84,95.35,1.41,127.0,0.0,74.69,10.68,13.65,26.4,14.12,22.81
2003,122,0.84,0.84,0.84,95.03,1.58,126.06,0.0,63.12,9.22,14.26,27.53,11.68,20.91
2003,123,0.83,0.84,0.83,95.22,1.62,86.88,0.0,78.25,10.62,13.18,25.73,13.99,19.05
2003,124,0.83,0.83,0.82,94.89,2.27,151.38,0.0,63.31,9.4,12.37,30.61,12.0,24.48
2003,125,0.82,0.82,0.82,94.7,1.55,131.31,0.0,58.94,8.85,15.19,26.64,10.74,24.09
2003,126,0.81,0.81,0.81,94.37,2.69,225.94,0.63,74.19,9.77,11.72,27.52,12.57,19.35
2003,127,0.8,0.81,0.81,95.06,2.02,86.06,0.35,72.75,8.42,10.01,25.12,10.46,24.94
2003,128,0.8,0.8,0.81,95.05,1.83,67.25,1.21,80.94,10.8,12.23,26.34,14.36,21.17
2003,129,0.8,0.8,0.82,94.85,2.11,291.5,4.92,82.25,10.86,13.73,26.06,14.4,14.58
2003,130,0.8,0.8,0.82,95.08,3.58,308.12,3.17,86.94,9.83,12.03,19.14,12.98,8.72
2003,131,0.8,0.8,0.8,95.35,1.84,276.38,0.12,79.62,9.09,11.69,21.81,11.83,26.65
2003,132,0.8,0.8,0.8,95.39,1.37,203.31,0.0,75.19,8.91,11.48,22.97,11.44,21.77
2003,133,0.79,0.79,0.8,95.43,1.65,84.62,0.0,72.25,8.79,11.68,23.44,11.26,28.45
2003,134,0.78,0.78,0.79,95.51,1.67,72.88,0.0,70.38,8.36,11.48,23.5,10.48,28.29
2003,135,0.78,0.78,0.79,95.35,1.91,77.81,0.21,76.19,8.97,10.37,23.76,11.57,27.83
2003,136,0.77,0.77,0.8,94.92,1.57,200.38,5.12,74.69,10.38,13.0,25.33,13.65,19.63
2003,137,0.79,0.8,0.84,95.11,2.05,287.56,16.61,85.31,10.38,12.52,20.33,13.79,7.35
2003,138,0.79,0.8,0.8,95.68,1.88,143.12,0.72,81.94,9.52,11.74,21.89,12.51,19.92
2003,139,0.78,0.79,0.79,95.55,1.66,206.62,0.0,66.06,9.09,9.62,27.06,11.8,28.8
2003,140,0.77,0.78,0.78,95.67,2.48,231.81,0.0,70.75,9.7,12.79,25.49,12.73,26.88
2003,141,0.77,0.77,0.78,96.08,2.29,71.19,0.07,75.38,8.24,10.31,21.17,10.46,26.99
2003,142,0.77,0.77,0.78,96.08,3.08,326.38,1.01,81.75,8.61,10.13,19.23,11.09,13.22
2003,143,0.77,0.77,0.77,95.47,1.65,256.62,0.16,71.5,8.42,10.35,23.26,10.68,28.1
2003,144,0.76,0.76,0.76,94.58,1.94,206.44,0.0,60.31,8.24,10.59,27.76,10.15,29.94
2003,145,0.75,0.75,0.78,94.52,3.29,263.19,11.41,65.31,9.16,13.08,27.65,11.54,15.27
2003,146,0.76,0.77,0.78,95.07,2.48,155.5,4.55,79.88,8.42,11.62,18.62,10.63,6.05
2003,147,0.76,0.76,0.77,95.06,2.47,284.12,1.06,76.81,7.87,10.21,18.15,9.5,20.12
2003,148,0.76,0.76,0.77,95.07,2.31,264.56,1.23,80.75,8.61,10.69,19.37,10.99,24.35
2003,149,0.75,0.75,0.75,94.93,1.73,181.81,0.0,70.69,8.97,9.61,26.3,11.44,28.81
2003,150,0.74,0.74,0.73,94.86,1.62,187.94,0.0,59.19,9.16,13.23,29.55,11.69,29.56
2003,151,0.73,0.73,0.73,94.79,1.41,138.5,0.51,59.12,9.77,15.54,30.65,12.55,26.29
2003,152,0.73,0.73,0.73,94.59,1.77,98.88,1.69,72.81,11.66,16.09,28.23,15.52,24.97
2003,153,0.73,0.73,0.75,94.76,1.48,139.0,6.34,87.0,11.96,15.29,21.19,15.92,18.58
2003,154,0.73,0.73,0.73,94.91,1.63,98.69,0.22,69.5,10.68,13.85,29.14,14.12,27.88
2003,155,0.73,0.73,0.72,95.01,1.78,166.69,0.0,60.81,10.93,15.82,31.59,14.46,28.14
2003,156,0.72,0.72,0.71,95.3,1.53,219.88,0.14,57.81,11.17,18.05,31.56,14.8,21.1
2003,157,0.72,0.71,0.7,95.33,1.56,222.31,1.25,62.75,12.39,18.49,31.11,16.53,23.27
2003,158,0.71,0.71,0.7,95.15,1.92,246.12,2.15,72.19,12.76,17.15,28.45,16.98,22.05
2003,159,0.71,0.7,0.7,95.14,1.84,245.75,0.05,69.69,11.05,16.25,27.69,14.67,28.38
2003,160,0.7,0.7,0.69,95.34,1.65,91.0,0.01,66.62,10.44,14.94,28.83,13.82,29.03
2003,161,0.7,0.7,0.68,95.39,2.01,94.62,0.0,67.06,10.62,14.64,28.87,14.15,29.83
2003,162,0.7,0.69,0.67,95.42,2.45,117.06,0.0,60.88,10.31,14.87,30.98,13.7,26.74
2003,163,0.69,0.68,0.67,95.35,1.62,164.62,0.49,55.12,10.5,17.63,32.99,13.87,25.51
2003,164,0.69,0.67,0.66,95.33,1.41,120.62,0.12,52.0,10.8,18.53,34.3,14.31,26.99
2003,165,0.68,0.67,0.66,95.45,1.7,42.31,0.0,52.75,9.95,18.61,31.37,13.12,29.9
2003,166,0.67,0.66,0.66,95.35,1.42,117.06,0.0,50.06,8.91,16.5,30.98,11.33,30.51
2003,167,0.67,0.66,0.65,94.97,1.84,252.06,0.0,50.38,9.7,18.61,31.15,12.51,28.61
2003,168,0.66,0.66,0.66,95.03,1.3,133.38,1.22,64.88,11.78,18.94,30.26,15.69,15.31
2003,169,0.66,0.66,0.65,95.34,1.55,84.56,0.66,65.88,12.08,18.73,30.26,16.13,28.87
2003,170,0.66,0.65,0.65,95.46,2.41,313.81,0.02,72.75,11.72,16.5,27.41,15.65,28.83
2003,171,0.66,0.65,0.64,95.29,1.66,108.56,0.0,73.0,12.21,16.27,28.47,16.3,28.59
2003,172,0.65,0.64,0.63,95.08,1.65,106.38,0.0,60.0,10.74,16.82,33.02,14.08,30.36
2003,173,0.65,0.63,0.62,94.85,1.72,214.69,0.0,48.69,10.25,17.15,34.7,13.43,29.45
2003,174,0.64,0.63,0.62,94.99,2.57,220.5,0.0,46.56,10.8,19.48,35.55,14.26,27.82
2003,175,0.63,0.62,0.61,95.23,2.01,291.19,0.0,48.94,10.99,19.76,36.26,14.51,29.47
2003,176,0.63,0.62,0.61,95.26,1.66,105.88,0.0,47.69,10.56,19.31,37.2,13.77,30.23
2003,177,0.62,0.61,0.6,95.15,2.01,211.94,0.0,48.06,11.35,20.23,36.84,14.97,28.02
2003,178,0.62,0.61,0.61,95.03,1.73,199.38,0.89,55.25,12.33,21.13,32.99,16.25,25.04
2003,179,0.62,0.6,0.59,94.92,2.67,225.56,0.19,50.0,10.99,20.29,35.12,14.16,27.73
2003,180,0.61,0.6,0.58,94.82,3.46,223.25,0.45,39.25,9.83,22.17,37.94,12.46,26.59
2003,181,0.6,0.59,0.56,94.94,3.0,239.25,0.0,33.62,8.67,22.23,38.7,10.56,28.67
2003,182,0.6,0.59,0.55,94.97,2.7,222.12,0.0,45.38,9.77,19.74,36.65,12.03,29.18
2003,183,0.59,0.59,0.55,94.92,1.75,270.38,0.0,61.69,12.27,18.94,35.59,16.23,28.06
2003,184,0.59,0.58,0.54,95.02,2.05,166.81,0.0,66.19,13.24,19.32,33.6,17.54,24.58
2003,185,0.59,0.58,0.54,95.22,2.5,114.62,0.0,71.19,13.31,19.31,30.22,17.67,21.69
2003,186,0.59,0.58,0.53,95.1,3.04,78.94,0.12,62.06,11.84,17.9,32.58,15.85,26.56
2003,187,0.59,0.58,0.53,95.06,1.9,148.19,1.24,62.06,12.76,19.47,33.39,16.98,18.85
2003,188,0.59,0.57,0.52,95.39,2.11,54.44,0.2,62.62,12.15,19.19,32.08,16.19,25.18
2003,189,0.58,0.57,0.51,95.46,2.1,78.19,0.0,52.56,9.34,17.15,32.65,11.84,29.04
2003,190,0.58,0.57,0.5,95.21,1.84,103.25,0.0,42.38,8.06,16.86,35.05,9.65,29.44
2003,191,0.58,0.56,0.48,95.16,1.98,79.75,0.05,48.38,10.19,19.71,34.33,13.33,27.78
2003,192,0.57,0.56,0.48,95.32,1.73,159.5,0.0,47.81,9.46,18.4,34.73,12.15,29.13
2003,193,0.57,0.55,0.47,95.3,1.55,115.5,0.0,39.44,7.93,19.54,34.11,9.31,29.08
2003,194,0.57,0.55,0.46,95.01,1.43,191.38,0.01,36.69,8.73,20.76,37.01,10.81,23.75
2003,195,0.56,0.55,0.48,94.77,2.24,212.06,3.01,47.25,11.47,21.37,36.1,15.03,23.45
2003,196,0.56,0.55,0.49,94.9,2.22,217.06,0.01,37.31,9.77,22.58,39.31,12.51,23.72
2003,197,0.56,0.55,0.47,95.12,2.63,213.5,0.0,37.38,9.58,22.38,38.9,12.18,25.04
2003,198,0.55,0.55,0.46,95.52,2.05,234.88,0.0,53.06,12.39,20.45,38.98,16.25,25.22
2003,199,0.55,0.55,0.45,95.61,1.77,97.81,0.03,56.19,13.92,23.37,35.62,18.32,23.03
2003,200,0.55,0.54,0.45,95.5,2.1,258.19,0.01,43.81,11.17,23.01,36.87,14.85,25.67
2003,201,0.55,0.54,0.44,95.18,1.72,197.5,0.0,32.75,7.87,21.16,39.69,9.04,27.85
2003,202,0.55,0.53,0.42,95.18,2.3,192.94,0.0,34.06,9.34,22.14,39.94,11.97,26.14
2003,203,0.55,0.53,0.41,95.39,1.93,199.88,0.0,36.06,10.68,24.23,40.75,14.0,24.6
2003,204,0.54,0.53,0.41,95.38,2.12,227.06,0.01,42.06,11.72,24.01,40.11,15.45,23.41
2003,205,0.54,0.52,0.41,95.28,2.02,210.69,1.36,44.5,11.9,24.89,38.26,15.58,22.69
2003,206,0.54,0.52,0.41,95.23,2.12,199.19,0.04,44.75,11.11,22.44,38.99,14.29,24.58
2003,207,0.54,0.52,0.41,95.13,2.2,233.38,0.01,30.38,8.3,22.12,40.37,9.84,25.11
2003,208,0.53,0.52,0.4,95.15,2.55,248.19,0.19,36.94,10.13,25.1,38.13,12.94,16.75
2003,209,0.53,0.52,0.39,95.47,2.09,201.56,0.16,53.62,13.0,22.09,36.1,17.09,26.27
2003,210,0.53,0.52,0.39,95.63,2.4,65.56,0.06,65.94,13.37,20.42,32.67,17.69,27.27
2003,211,0.53,0.52,0.39,95.44,1.84,208.81,0.0,56.19,10.86,18.83,32.51,14.34,28.06
2003,212,0.52,0.52,0.38,95.12,1.84,236.81,0.0,51.06,10.19,19.17,34.61,13.16,27.36
2003,213,0.52,0.52,0.38,95.06,3.03,309.5,0.0,65.81,12.02,19.12,29.75,15.99,27.79
2003,214,0.52,0.52,0.38,95.3,2.38,234.25,0.0,63.56,11.47,17.9,29.92,15.35,26.31
2003,215,0.52,0.51,0.38,95.42,2.16,119.88,0.0,61.0,11.66,18.27,31.94,15.58,26.66
2003,216,0.52,0.51,0.38,95.51,2.24,86.62,0.0,56.25,10.93,18.37,33.33,14.45,26.9
2003,217,0.52,0.51,0.37,95.53,2.2,97.38,0.0,54.31,10.93,18.29,34.11,14.45,27.01
2003,218,0.52,0.51,0.37,95.42,1.96,94.81,0.0,51.62,11.11,19.05,35.41,14.75,24.6
2003,219,0.52,0.51,0.36,95.31,1.82,94.88,0.03,45.81,9.89,19.81,35.8,12.9,26.64
2003,220,0.52,0.5,0.36,95.22,1.64,166.62,0.58,43.38,10.19,19.79,37.2,13.34,23.31
2003,221,0.52,0.5,0.36,95.27,1.38,84.44,0.1,45.94,11.11,23.51,33.4,14.71,20.89
2003,222,0.51,0.5,0.35,95.19,1.73,156.56,0.22,42.25,9.64,20.69,35.37,12.54,20.0
2003,223,0.51,0.5,0.35,95.38,1.55,93.62,0.07,41.31,9.46,22.19,34.99,12.24,21.07
2003,224,0.51,0.5,0.34,95.62,2.0,114.81,0.0,39.56,8.73,20.76,36.01,11.03,25.99
2003,225,0.51,0.5,0.34,95.64,1.4,115.25,0.0,38.06,8.48,19.49,37.54,10.44,26.15
2003,226,0.51,0.49,0.34,95.42,1.88,211.0,0.0,36.25,8.54,21.28,37.17,10.61,24.47
2003,227,0.51,0.49,0.33,95.06,1.97,206.31,0.0,36.0,8.79,21.31,37.23,11.12,22.21
2003,228,0.5,0.49,0.33,95.0,2.23,210.56,0.0,40.62,9.77,21.58,37.76,12.3,20.89
2003,229,0.5,0.49,0.32,95.22,2.06,197.25,0.0,39.38,9.58,22.3,37.33,12.09,21.32
2003,230,0.5,0.49,0.31,95.43,2.01,183.75,0.0,37.0,9.7,23.37,39.21,12.62,23.35
2003,231,0.5,0.49,0.33,95.45,1.77,300.69,1.51,48.12,11.84,23.68,37.08,15.47,21.7
2003,232,0.5,0.49,0.38,95.27,1.43,127.62,0.43,53.12,13.06,23.39,36.4,17.3,21.32
2003,233,0.5,0.49,0.36,95.16,1.71,195.12,0.38,47.31,11.66,24.15,36.36,15.35,16.39
2003,234,0.5,0.48,0.35,95.28,2.23,189.69,0.15,44.44,10.93,23.62,37.21,14.34,21.54
2003,235,0.49,0.48,0.34,95.32,1.55,204.81,0.41,33.88,9.03,22.4,38.98,11.37,19.73
2003,236,0.49,0.48,0.34,95.14,3.18,252.38,0.08,34.31,9.34,23.58,38.83,11.78,22.08
2003,237,0.49,0.48,0.37,94.95,3.15,285.62,2.26,54.88,12.39,21.48,33.65,16.26,22.91
2003,238,0.49,0.48,0.4,95.07,1.75,232.38,1.21,64.69,12.76,20.06,32.55,16.75,25.01
2003,239,0.49,0.48,0.38,94.91,1.79,192.94,0.0,47.06,10.01,18.88,36.97,12.75,24.84
2003,240,0.49,0.48,0.36,94.71,3.5,217.31,0.09,32.94,8.79,23.19,40.58,10.91,19.72
2003,241,0.49,0.48,0.34,94.94,3.67,259.06,0.05,34.88,9.4,24.97,39.58,11.69,21.66
2003,242,0.49,0.48,0.34,95.2,1.69,213.5,0.77,54.62,12.82,22.69,37.22,16.72,18.54
2003,243,0.49,0.48,0.36,95.28,1.48,156.06,0.86,61.44,13.98,22.23,34.4,18.3,21.8
2003,244,0.49,0.48,0.38,95.21,1.45,197.75,1.24,61.88,13.43,21.62,34.44,17.64,21.29
2003,245,0.49,0.48,0.41,95.21,1.88,165.19,2.69,63.56,14.04,21.86,34.98,18.39,15.76
2003,246,0.49,0.49,0.48,95.27,2.02,162.31,4.32,69.25,13.98,20.99,33.12,18.27,17.41
2003,247,0.49,0.49,0.47,95.54,2.73,87.0,0.96,67.5,13.85,20.53,34.31,18.26,22.05
2003,248,0.49,0.49,0.46,95.36,2.4,216.25,3.4,57.75,13.18,22.2,34.89,17.43,19.91
2003,249,0.49,0.49,0.52,95.25,2.6,201.25,5.04,72.31,14.34,21.3,30.23,18.77,15.72
2003,250,0.5,0.5,0.52,95.1,2.38,231.06,3.63,73.69,14.16,20.41,30.32,18.55,18.82
2003,251,0.5,0.5,0.49,94.9,2.41,294.25,0.26,77.19,13.31,18.63,27.23,17.53,17.71
2003,252,0.5,0.5,0.48,94.71,4.06,276.69,1.59,67.62,10.99,16.99,28.8,14.48,17.69
2003,253,0.5,0.5,0.48,95.36,4.86,322.88,0.62,69.56,10.13,16.89,23.58,13.41,16.57
2003,254,0.5,0.5,0.47,95.62,2.33,248.19,0.04,67.38,10.19,16.17,26.89,13.51,21.36
2003,255,0.49,0.49,0.46,95.68,3.24,304.44,0.06,70.31,10.38,14.94,26.06,13.8,20.48
2003,256,0.49,0.49,0.46,95.6,2.62,319.06,0.71,72.5,10.56,15.76,25.12,14.06,14.59
2003,257,0.49,0.49,0.49,95.14,2.52,238.88,2.77,75.94,10.01,14.75,21.95,13.14,11.72
2003,258,0.5,0.5,0.55,95.2,2.17,55.19,8.35,80.88,9.95,14.6,20.6,13.15,12.36
2003,259,0.52,0.52,0.61,95.36,3.12,191.12,16.51,86.94,10.8,14.77,18.94,14.42,9.96
2003,260,0.53,0.54,0.58,95.65,1.41,48.94,5.62,81.12,10.8,15.11,21.77,14.52,15.31
2003,261,0.53,0.54,0.52,95.54,1.13,177.12,0.51,69.19,9.89,13.3,27.12,13.1,19.66
2003,262,0.52,0.53,0.51,95.43,2.02,199.75,0.0,55.88,9.28,14.49,30.7,12.01,21.7
2003,263,0.52,0.52,0.49,95.71,1.99,253.81,0.0,58.25,10.19,17.44,31.76,13.37,20.72
2003,264,0.52,0.52,0.49,95.75,1.62,245.06,0.02,70.69,11.35,17.43,28.91,15.05,20.41
2003,265,0.52,0.52,0.49,95.35,1.58,240.75,0.18,64.81,10.68,17.13,28.86,14.15,16.04
2003,266,0.52,0.52,0.53,95.2,1.77,213.19,5.48,74.94,11.78,17.09,26.3,15.6,15.53
2003,267,0.53,0.53,0.57,95.47,1.01,118.62,6.83,85.19,12.94,16.63,23.87,17.23,15.3
2003,268,0.53,0.55,0.59,95.58,1.31,63.75,8.44,83.88,12.63,17.37,24.23,16.92,9.98
2003,269,0.54,0.55,0.6,95.59,1.8,158.06,8.24,82.94,11.54,16.23,23.23,15.46,12.99
2003,270,0.55,0.55,0.55,95.43,1.37,251.44,0.82,78.69,10.44,13.87,23.58,13.94,15.7
2003,271,0.55,0.55,0.53,95.09,2.05,228.25,0.0,60.75,8.85,13.01,29.15,11.12,18.3
2003,272,0.54,0.55,0.52,94.97,2.04,228.12,0.0,61.0,9.58,16.2,27.48,12.44,16.48
2003,273,0.54,0.54,0.52,94.82,2.23,222.12,0.0,52.25,9.46,16.31,31.98,12.2,18.66
2003,274,0.54,0.53,0.49,94.79,5.05,203.38,0.0,34.44,7.26,21.02,34.51,8.31,17.95
2003,275,0.53,0.53,0.48,95.05,3.39,218.0,0.0,40.31,8.42,20.12,36.69,10.18,18.28
2003,276,0.53,0.52,0.5,95.47,1.86,245.12,0.15,68.75,11.35,17.32,28.83,14.9,17.4
2003,277,0.53,0.52,0.51,95.02,1.46,248.88,1.48,70.25,11.84,17.61,29.69,15.63,10.71
2003,278,0.53,0.53,0.56,94.87,1.98,315.12,7.45,87.25,12.51,16.84,22.01,16.64,7.57
2003,279,0.54,0.54,0.57,95.25,2.71,65.88,3.93,85.5,11.17,15.52,21.13,14.93,6.59
2003,280,0.54,0.55,0.57,95.37,1.83,105.81,4.91,88.5,11.6,15.08,21.63,15.55,6.27
2003,281,0.55,0.55,0.55,95.48,2.13,236.81,1.31,80.0,10.19,14.6,23.3,13.48,14.6
2003,282,0.55,0.55,0.54,95.58,1.84,235.94,0.96,80.06,9.89,13.08,22.53,13.06,14.84
2003,283,0.54,0.55,0.53,95.54,1.59,152.06,0.01,73.56,9.34,11.46,26.37,12.12,18.31
2003,284,0.54,0.54,0.52,95.53,1.99,215.5,0.01,64.81,9.28,12.78,27.83,12.11,18.01
2003,285,0.54,0.54,0.52,95.32,2.68,219.0,0.02,65.31,10.19,16.05,27.91,13.55,14.24
2003,286,0.54,0.54,0.52,95.06,2.09,199.0,1.18,71.75,11.17,16.62,27.14,14.83,15.46
2003,287,0.54,0.54,0.53,94.83,1.86,223.56,1.14,77.38,10.56,14.94,22.76,13.96,7.63
2003,288,0.54,0.54,0.56,94.83,1.8,210.31,5.8,75.62,9.89,12.98,23.85,12.94,16.07
2003,289,0.54,0.55,0.54,94.83,1.44,211.94,0.18,67.25,9.58,13.65,26.69,12.45,16.24
2003,290,0.54,0.54,0.52,94.46,1.63,241.31,0.66,73.06,10.56,15.51,28.13,13.88,6.83
2003,291,0.54,0.54,0.52,94.53,2.31,273.5,0.1,69.31,8.24,12.72,22.28,9.99,15.42
2003,292,0.54,0.54,0.52,94.69,2.2,242.94,0.0,65.38,8.12,11.31,24.98,9.82,16.94
2003,293,0.54,0.54,0.52,94.55,2.85,241.0,0.02,61.0,9.16,15.5,26.85,11.59,14.36
2003,294,0.53,0.53,0.51,94.65,1.83,224.31,0.01,60.06,8.97,15.05,28.08,11.3,15.56
2003,295,0.53,0.53,0.52,94.58,2.0,246.31,2.47,68.38,9.46,15.57,23.51,11.94,8.04
2003,296,0.54,0.55,0.59,94.6,2.23,295.31,12.4,85.12,10.38,13.55,20.26,13.68,7.93
2003,297,0.57,0.59,0.69,94.81,2.02,267.88,22.15,79.19,7.75,9.8,15.51,9.25,4.0
2003,298,0.57,0.59,0.59,95.14,1.57,168.56,0.46,74.56,7.81,8.99,21.89,9.48,12.63
2003,299,0.57,0.58,0.58,94.86,3.91,214.06,0.0,76.81,9.16,12.08,23.92,11.88,14.61
2003,300,0.57,0.58,0.59,94.99,2.16,216.0,3.94,70.81,8.79,10.87,25.94,11.11,13.87
2003,301,0.57,0.58,0.59,95.2,2.62,232.75,0.76,75.94,10.01,14.94,22.54,13.22,11.54
2003,302,0.58,0.59,0.62,94.98,1.97,248.62,6.12,85.44,9.89,11.31,19.03,13.01,3.54
2003,303,0.58,0.59,0.62,94.55,3.12,269.0,6.1,79.81,7.93,9.44,17.94,9.65,5.71
2003,304,0.58,0.59,0.59,93.8,5.94,205.0,0.0,63.62,6.53,8.76,21.47,6.55,12.94
2003,305,0.58,0.59,0.61,93.76,2.6,269.69,5.68,76.38,7.2,9.73,15.92,8.1,5.07
2003,306,0.59,0.59,0.6,95.09,2.7,289.88,0.18,78.75,6.96,7.91,16.4,7.82,9.3
2003,307,0.59,0.59,0.59,95.71,1.55,199.62,0.0,66.94,6.1,6.43,20.96,5.89,14.42
2003,308,0.58,0.59,0.59,95.91,1.27,115.0,0.0,71.12,6.9,8.71,20.12,7.48,12.65
2003,309,0.58,0.59,0.59,95.81,1.55,107.62,0.02,78.0,7.63,10.21,21.47,8.89,14.58
2003,310,0.58,0.58,0.59,95.73,1.64,126.44,0.01,80.69,7.14,7.29,19.44,8.13,12.31
2003,311,0.58,0.58,0.58,95.27,2.94,216.12,0.0,70.31,6.35,6.75,20.33,6.42,14.17
2003,312,0.58,0.58,0.57,95.31,2.99,216.25,0.0,64.0,6.71,9.73,22.58,7.26,13.71
2003,313,0.57,0.57,0.57,95.39,1.66,252.5,0.0,65.56,7.14,9.91,23.91,8.06,13.61
2003,314,0.57,0.57,0.57,95.13,1.27,181.31,0.39,85.19,8.85,10.54,18.9,11.3,12.3
2003,315,0.57,0.57,0.58,95.26,1.29,162.12,0.68,87.69,8.85,11.28,17.37,11.39,7.89
2003,316,0.57,0.57,0.58,95.67,1.42,319.12,1.34,85.06,8.48,10.75,17.37,10.83,8.96
2003,317,0.58,0.58,0.6,95.9,2.37,313.31,3.33,88.56,8.42,10.95,16.42,10.75,5.14
2003,318,0.58,0.58,0.59,95.98,0.91,149.12,0.34,80.25,7.39,8.32,18.4,8.75,11.96
2003,319,0.57,0.58,0.58,95.37,3.7,208.69,0.0,72.38,6.41,6.95,19.98,6.58,12.3
2003,320,0.57,0.57,0.57,94.64,3.85,189.56,0.0,65.69,6.29,9.69,17.59,6.24,5.15
2003,321,0.57,0.57,0.58,94.88,1.23,147.56,0.01,76.88,7.26,9.34,16.53,8.28,6.68
2003,322,0.57,0.57,0.57,95.24,2.35,138.0,1.1,62.31,6.96,10.69,24.48,7.72,4.98
2003,323,0.57,0.57,0.57,95.34,2.23,141.25,0.02,72.12,7.26,10.69,17.78,8.48,3.08
2003,324,0.57,0.58,0.6,94.92,1.17,204.12,4.57,83.12,8.3,10.15,18.44,10.26,8.38
2003,325,0.58,0.58,0.59,94.77,1.31,247.69,1.52,86.62,7.75,8.42,15.62,9.33,6.11
2003,326,0.58,0.58,0.58,94.79,3.42,202.69,0.0,77.12,6.65,6.83,19.37,7.15,11.93
2003,327,0.57,0.58,0.57,94.54,4.85,195.38,0.07,60.62,5.68,8.24,20.5,4.76,10.54
2003,328,0.57,0.57,0.57,94.64,1.56,209.88,0.0,65.44,5.8,6.14,20.22,4.98,12.41
2003,329,0.57,0.57,0.57,94.16,3.46,205.25,0.29,74.06,6.96,8.44,19.89,7.63,10.64
2003,330,0.58,0.58,0.61,94.6,4.21,273.06,5.86,80.94,6.9,6.45,14.55,7.38,6.34
2003,331,0.58,0.58,0.59,94.65,3.88,252.56,1.34,80.88,6.41,4.91,16.21,6.49,10.93
2003,332,0.58,0.58,0.59,94.94,3.07,281.0,0.3,78.5,5.98,6.12,13.17,5.53,8.17
2003,333,0.58,0.58,0.59,95.2,1.96,283.19,0.6,85.31,6.53,5.87,12.15,6.83,4.67
2003,334,0.58,0.58,0.58,95.18,1.93,223.31,0.02,76.06,5.74,3.63,17.71,4.94,11.71
2003,335,0.57,0.58,0.57,94.57,4.6,205.56,0.0,66.44,5.43,6.38,17.9,4.12,11.06
2003,336,0.57,0.57,0.57,94.61,1.92,173.56,0.0,69.5,5.49,4.16,18.49,4.25,9.91
2003,337,0.59,0.61,0.73,94.3,2.05,281.06,46.14,86.19,6.35,3.44,14.37,6.09,6.06
2003,338,0.62,0.64,0.68,95.19,2.05,199.88,0.01,70.44,4.21,0.77,15.65,0.49,11.65
2003,339,0.62,0.63,0.66,95.4,1.66,183.31,0.0,58.62,3.91,0.9,18.51,-0.51,11.64
2003,340,0.62,0.62,0.65,95.21,1.62,253.25,0.0,65.44,4.58,3.01,17.33,1.59,11.36
2003,341,0.62,0.62,0.65,95.19,1.79,278.88,0.28,72.75,5.31,4.3,16.99,3.67,10.73
2003,342,0.62,0.62,0.66,95.24,2.52,219.31,4.14,91.88,6.65,5.87,11.68,7.09,4.87
2003,343,0.62,0.62,0.66,94.61,0.95,192.62,0.48,85.0,5.8,5.08,11.06,5.05,5.15
2003,344,0.62,0.63,0.69,94.23,1.68,212.56,10.27,92.5,5.62,4.6,8.39,4.6,2.95
2003,345,0.64,0.66,0.77,94.68,5.12,333.94,23.39,95.69,7.08,5.98,10.06,7.98,2.91
2003,346,0.67,0.71,0.84,95.04,6.96,341.44,32.32,94.31,8.0,9.9,12.06,9.89,2.02
2003,347,0.69,0.71,0.75,95.75,3.7,328.06,1.3,88.5,7.57,9.85,13.87,9.15,7.04
2003,348,0.69,0.7,0.74,95.59,2.36,300.44,0.44,85.06,7.2,8.12,15.79,8.26,10.78
2003,349,0.69,0.7,0.73,95.34,2.73,323.12,0.83,91.75,7.14,6.01,12.79,8.19,2.27
2003,350,0.68,0.7,0.73,95.63,2.72,303.0,0.25,83.38,5.68,5.31,10.13,4.91,7.23
2003,351,0.68,0.7,0.73,95.77,2.36,200.88,0.02,82.31,5.13,2.48,13.91,3.48,10.38
2003,352,0.68,0.69,0.72,95.64,3.59,217.25,0.0,75.88,4.88,3.53,12.97,2.8,6.91
2003,353,0.68,0.69,0.72,95.69,3.16,261.94,0.44,82.81,5.92,5.2,14.05,5.42,5.95
2003,354,0.68,0.69,0.74,95.8,3.29,317.88,4.72,93.69,7.08,5.89,11.6,8.11,3.61
2003,355,0.68,0.7,0.73,95.64,1.73,234.0,0.1,85.75,6.41,5.67,14.27,6.58,8.17
2003,356,0.69,0.7,0.76,95.12,4.35,282.88,10.55,88.38,6.04,3.48,12.53,5.56,5.17
2003,357,0.7,0.72,0.8,95.24,8.3,326.44,17.53,84.12,4.46,3.03,5.55,1.42,3.16
2003,358,0.71,0.74,0.8,95.34,5.17,338.81,12.61,87.75,4.64,2.84,6.16,2.01,4.27
2003,359,0.72,0.73,0.77,95.88,2.71,326.69,0.52,84.69,4.76,2.87,8.52,2.43,5.23
2003,360,0.72,0.73,0.76,95.75,1.16,215.62,0.05,76.69,4.27,1.05,11.24,0.8,9.14
2003,361,0.72,0.73,0.76,95.22,2.55,234.0,0.0,74.0,4.27,0.3,13.21,0.69,8.57
2003,362,0.71,0.73,0.76,94.45,3.73,227.94,1.43,80.44,5.49,1.87,14.62,4.01,7.85
2003,363,0.72,0.73,0.78,94.61,4.09,287.81,8.36,87.56,5.25,4.23,7.94,3.55,5.1
2003,364,0.73,0.74,0.79,94.7,3.94,277.25,7.4,88.31,6.1,4.65,11.16,5.76,4.84
2003,365,0.73,0.74,0.8,94.69,4.61,295.38,9.56,84.94,5.92,5.13,11.95,5.3,4.12
2004,1,0.74,0.76,0.8,94.82,4.47,298.5,5.53,89.25,5.31,3.57,7.76,3.83,4.25
2004,2,0.74,0.77,0.81,94.22,4.43,300.88,11.54,88.94,5.49,3.51,7.83,4.15,5.1
2004,3,0.77,0.79,0.86,94.32,4.69,329.69,26.47,94.38,5.74,3.25,7.5,4.83,2.57
2004,4,0.77,0.8,0.82,95.11,1.98,310.31,1.04,87.5,5.13,2.66,9.01,3.41,5.44
2004,5,0.77,0.79,0.81,95.56,2.16,293.38,0.53,90.38,5.13,2.07,8.94,3.51,7.97
2004,6,0.77,0.79,0.8,95.72,1.6,235.19,0.0,72.62,4.03,-1.52,13.2,-0.02,11.77
2004,7,0.77,0.78,0.8,95.52,1.62,252.75,0.0,63.19,3.78,-0.06,14.52,-0.88,11.49
2004,8,0.77,0.78,0.8,95.41,2.19,271.44,0.0,85.88,5.43,1.69,12.0,3.87,9.62
2004,9,0.77,0.78,0.8,95.5,3.12,275.25,0.0,90.44,6.9,3.07,15.62,7.51,6.58
2004,10,0.77,0.78,0.8,95.62,3.38,287.19,0.0,91.5,7.69,6.67,15.7,9.29,8.3
2004,11,0.77,0.78,0.8,95.87,1.28,190.62,0.03,88.06,7.32,6.96,15.98,8.68,9.58
2004,12,0.77,0.77,0.8,95.78,1.73,246.94,0.0,78.31,6.59,6.48,18.81,7.06,11.64
2004,13,0.77,0.77,0.79,95.43,2.35,248.0,0.0,72.12,5.86,5.73,18.96,5.26,10.79
2004,14,0.77,0.77,0.79,95.03,2.17,281.5,0.01,79.94,6.59,4.94,17.78,6.66,11.49
2004,15,0.77,0.77,0.79,95.21,2.09,202.75,0.24,91.56,7.02,5.4,12.27,7.9,7.54
2004,16,0.76,0.77,0.79,95.22,2.4,211.12,0.01,88.94,6.1,4.79,13.34,5.97,9.67
2004,17,0.76,0.77,0.79,95.08,2.16,255.0,0.0,80.94,5.92,4.55,15.29,5.35,10.92
2004,18,0.76,0.77,0.8,94.46,3.1,274.69,6.51,88.0,5.86,3.93,12.33,5.12,6.7
2004,19,0.77,0.78,0.81,94.74,3.56,306.12,6.95,91.06,5.43,4.09,7.19,4.16,6.98
2004,20,0.77,0.79,0.81,94.8,2.48,334.44,3.06,91.25,5.68,5.01,8.19,4.83,5.4
2004,21,0.77,0.79,0.83,94.64,5.52,319.12,7.76,93.62,6.16,5.53,7.73,5.99,4.65
2004,22,0.78,0.8,0.82,95.24,3.97,308.44,3.64,93.06,6.41,5.19,9.59,6.69,3.47
2004,23,0.78,0.8,0.81,94.98,3.08,268.56,3.88,88.25,6.04,3.37,11.78,5.55,8.03
2004,24,0.78,0.8,0.83,95.03,2.95,325.5,5.28,88.94,6.41,6.9,10.92,6.63,7.54
2004,25,0.79,0.8,0.81,95.05,1.7,286.88,1.03,90.5,6.77,6.04,14.01,7.37,9.93
2004,26,0.79,0.8,0.81,94.68,2.34,244.44,0.08,83.69,6.59,5.23,17.87,6.81,12.1
2004,27,0.78,0.8,0.8,94.48,3.09,257.81,0.0,84.25,6.9,5.39,16.58,7.53,8.21
2004,28,0.79,0.8,0.83,94.46,2.89,299.5,8.16,91.0,5.8,1.84,10.05,4.91,2.34
2004,29,0.79,0.8,0.81,94.97,2.59,281.69,0.05,83.88,4.64,-0.45,11.13,1.83,12.68
2004,30,0.79,0.8,0.81,95.55,1.23,160.31,0.04,76.81,4.7,3.37,11.71,2.31,12.0
2004,31,0.79,0.8,0.8,95.99,2.27,228.19,0.0,70.25,4.82,3.5,15.58,2.44,13.29
2004,32,0.78,0.8,0.8,96.31,1.33,199.25,0.0,71.81,5.31,2.98,17.54,4.01,14.09
2004,33,0.78,0.79,0.8,96.43,1.23,201.81,0.0,75.19,6.1,5.0,18.25,5.94,13.68
2004,34,0.78,0.79,0.8,96.57,1.32,117.88,0.0,83.69,7.02,6.76,17.85,8.17,13.97
2004,35,0.78,0.79,0.8,96.77,1.47,128.69,0.0,84.56,5.98,5.01,16.26,5.87,13.77
2004,36,0.77,0.79,0.8,96.76,1.09,128.88,0.0,75.5,5.31,4.06,17.14,4.0,14.29
2004,37,0.77,0.78,0.8,96.49,1.34,188.69,0.0,69.38,5.25,3.05,19.07,3.65,14.86
2004,38,0.77,0.78,0.8,96.13,1.59,212.06,0.0,73.62,5.98,4.34,19.55,5.45,15.15
2004,39,0.77,0.78,0.8,96.06,1.27,93.5,0.0,91.31,6.84,5.49,13.37,7.66,8.71
2004,40,0.77,0.78,0.8,95.99,1.09,168.94,0.0,86.69,5.8,5.25,12.59,5.33,9.59
2004,41,0.77,0.78,0.8,96.01,1.26,177.44,0.01,77.62,5.19,3.63,14.15,3.56,14.54
2004,42,0.77,0.77,0.79,95.66,2.06,271.94,0.03,82.06,5.86,4.44,15.08,5.24,15.41
2004,43,0.77,0.77,0.79,95.71,2.66,307.44,0.14,87.44,6.1,2.88,12.65,5.97,9.61
2004,44,0.77,0.77,0.79,96.03,1.27,197.0,0.02,75.62,5.31,4.4,15.97,3.76,15.82
2004,45,0.76,0.77,0.79,95.69,2.47,228.38,0.0,71.0,5.0,2.57,16.79,3.01,15.37
2004,46,0.76,0.77,0.79,95.39,2.34,284.56,0.02,78.38,5.37,2.64,14.25,3.97,14.96
2004,47,0.76,0.77,0.79,95.57,2.1,308.94,1.02,84.94,5.98,5.87,12.42,5.61,9.53
2004,48,0.76,0.77,0.8,95.5,2.28,234.06,4.07,80.06,5.74,3.98,15.08,4.91,12.9
2004,49,0.76,0.77,0.8,95.1,2.68,264.5,3.34,84.94,5.43,3.88,11.23,4.21,11.6
2004,50,0.76,0.77,0.79,94.09,2.92,209.44,0.03,72.0,5.25,4.45,13.92,3.55,11.63
2004,51,0.76,0.77,0.78,94.15,5.32,188.38,0.12,65.31,6.53,7.05,21.8,6.58,8.42
2004,52,0.75,0.76,0.77,94.13,6.47,195.75,0.5,65.56,7.63,11.96,19.51,8.74,4.24
2004,53,0.75,0.76,0.78,94.6,2.22,275.88,1.0,86.25,7.02,6.19,14.11,7.76,8.12
2004,54,0.75,0.76,0.77,94.81,2.25,237.88,0.0,70.25,5.49,3.76,17.87,4.19,17.31
2004,55,0.74,0.75,0.77,94.65,2.36,208.38,0.0,66.75,5.62,5.13,20.23,4.49,16.19
2004,56,0.74,0.75,0.77,94.21,2.48,216.06,0.0,70.5,6.9,7.76,19.62,7.26,6.97
2004,57,0.74,0.75,0.77,93.9,2.16,266.12,0.8,78.0,6.23,6.42,14.76,5.94,11.05
2004,58,0.74,0.75,0.77,93.9,4.02,260.38,1.49,74.06,5.19,5.55,11.64,3.39,11.94
2004,59,0.74,0.74,0.77,94.44,4.9,276.56,0.51,65.81,3.78,0.83,10.16,-0.97,15.47
2004,60,0.73,0.74,0.77,94.88,2.87,269.25,2.88,78.62,4.46,-0.37,11.4,1.08,13.74
2004,61,0.74,0.75,0.78,95.11,2.62,307.38,3.71,85.69,4.46,1.12,6.92,1.4,9.78
2004,62,0.74,0.75,0.79,95.3,2.24,221.88,5.4,89.62,4.15,0.74,4.48,0.56,10.78
2004,63,0.74,0.76,0.79,95.85,3.63,187.62,3.18,83.06,4.46,1.28,7.8,1.55,8.74
2004,64,0.74,0.76,0.79,95.94,3.56,315.44,1.63,82.75,5.25,3.41,11.63,3.78,13.83
2004,65,0.74,0.75,0.77,95.77,2.3,275.12,0.0,69.62,5.49,2.15,17.87,4.16,18.98
2004,66,0.74,0.75,0.77,95.44,2.8,261.38,0.03,72.81,6.16,6.71,18.12,5.93,17.35
2004,67,0.74,0.75,0.78,95.72,2.26,299.19,3.05,89.06,6.47,5.02,12.27,6.76,8.33
2004,68,0.74,0.75,0.77,95.63,2.44,284.88,0.15,75.44,5.0,0.19,16.7,2.87,20.16
2004,69,0.73,0.74,0.77,95.72,1.56,177.38,0.09,74.0,5.0,3.57,13.95,3.06,18.7
2004,70,0.73,0.74,0.77,95.28,2.29,244.25,0.13,72.88,6.16,3.76,19.35,5.8,19.14
2004,71,0.73,0.74,0.77,95.36,2.45,265.88,2.48,87.81,7.08,5.86,14.56,8.05,10.82
2004,72,0.73,0.73,0.76,95.29,3.19,201.19,0.0,71.25,6.53,4.83,21.5,6.87,19.92
2004,73,0.73,0.73,0.75,95.28,3.28,208.81,0.0,54.69,6.04,10.25,24.03,5.65,15.29
2004,74,0.73,0.73,0.75,95.62,1.63,143.0,0.0,62.06,6.53,8.72,22.64,6.63,14.06
2004,75,0.72,0.73,0.75,95.75,1.97,163.94,0.0,59.44,6.59,8.4,24.61,6.76,12.46
2004,76,0.72,0.72,0.74,95.95,1.6,184.0,0.0,54.81,6.23,9.08,25.62,6.08,19.02
2004,77,0.71,0.71,0.74,96.04,1.47,192.44,0.15,71.38,7.45,9.77,22.22,8.77,17.04
2004,78,0.71,0.71,0.73,96.08,1.38,214.88,0.15,75.75,7.87,8.54,22.67,9.65,18.49
2004,79,0.7,0.71,0.73,96.13,1.52,173.25,0.43,73.19,7.2,8.35,20.8,8.27,11.67
2004,80,0.7,0.7,0.73,96.24,1.56,209.88,0.35,83.44,7.93,10.01,18.72,9.88,11.93
2004,81,0.7,0.7,0.73,95.69,1.95,238.81,0.0,68.44,6.9,7.28,21.83,7.62,20.87
2004,82,0.7,0.7,0.76,95.09,2.19,302.06,11.48,76.0,7.08,7.43,19.33,7.84,12.59
2004,83,0.71,0.72,0.76,94.98,4.97,295.81,2.32,74.69,4.94,4.37,10.44,2.84,14.32
2004,84,0.7,0.71,0.74,94.88,2.04,209.12,0.0,63.75,4.64,2.0,17.08,1.7,22.95
2004,85,0.7,0.71,0.75,94.47,1.94,81.94,4.2,75.56,6.1,6.6,16.71,5.7,10.12
2004,86,0.71,0.72,0.77,94.17,2.13,60.81,4.57,88.69,6.35,5.41,12.87,6.37,6.8
2004,87,0.71,0.72,0.76,94.19,2.22,93.0,3.64,87.69,7.08,5.35,15.69,7.79,11.11
2004,88,0.71,0.72,0.76,94.04,2.63,185.31,2.95,75.56,8.85,8.62,23.91,11.04,16.65
2004,89,0.71,0.72,0.77,94.09,2.94,212.12,7.66,81.56,9.58,9.16,22.22,12.3,9.15
2004,90,0.72,0.73,0.77,94.59,1.7,74.38,4.34,80.88,7.45,8.11,17.59,8.64,16.14
2004,91,0.72,0.73,0.77,94.86,1.77,302.12,7.14,89.44,7.32,8.08,13.33,8.58,12.09
2004,92,0.72,0.73,0.76,94.93,1.77,222.56,0.12,70.81,5.92,6.29,19.03,5.32,23.04
2004,93,0.72,0.72,0.74,95.09,2.48,265.25,0.29,64.81,6.65,8.08,22.17,6.83,20.91
2004,94,0.72,0.73,0.76,95.92,2.9,312.69,5.29,78.06,6.47,6.89,15.77,6.79,19.29
2004,95,0.71,0.72,0.74,96.13,2.12,256.75,0.04,74.88,5.92,5.58,16.19,5.5,20.79
2004,96,0.71,0.71,0.73,95.76,1.62,215.69,0.0,66.75,5.92,3.67,20.89,5.33,23.37
2004,97,0.7,0.71,0.73,95.16,2.05,229.94,0.0,62.75,6.41,7.73,21.98,6.44,23.38
2004,98,0.7,0.7,0.73,94.8,1.95,213.75,0.0,61.19,6.16,7.62,22.74,5.74,23.55
2004,99,0.7,0.7,0.73,94.5,1.39,216.5,1.32,65.81,7.57,9.01,23.4,8.8,22.2
2004,100,0.7,0.7,0.77,94.05,2.32,220.69,15.9,84.62,9.03,9.83,19.51,11.46,10.39
2004,101,0.72,0.73,0.8,94.25,2.92,53.0,13.59,91.25,6.9,6.9,11.33,7.52,5.22
2004,102,0.73,0.75,0.8,94.45,1.62,105.94,11.51,87.81,6.1,3.35,12.72,5.76,7.25
2004,103,0.74,0.76,0.8,95.16,2.7,307.56,9.67,83.5,5.92,5.08,11.65,5.46,9.93
2004,104,0.74,0.75,0.77,95.35,2.21,221.94,0.36,75.69,5.37,2.29,15.65,4.09,21.11
2004,105,0.73,0.74,0.77,95.1,2.15,185.75,0.03,67.31,6.16,2.73,22.05,5.84,23.3
2004,106,0.73,0.74,0.77,94.67,2.6,158.25,5.16,80.0,8.79,9.73,19.47,10.96,9.49
2004,107,0.73,0.74,0.77,94.15,4.26,220.38,1.32,69.19,7.75,11.05,21.01,9.11,22.3
2004,108,0.73,0.73,0.76,94.68,3.7,253.81,0.01,72.38,7.39,9.9,20.03,8.58,23.82
2004,109,0.73,0.73,0.77,94.36,2.55,292.38,5.41,77.06,6.84,8.57,17.73,7.38,17.78
2004,110,0.73,0.74,0.77,94.34,3.43,287.06,4.12,80.75,6.59,5.61,14.7,6.86,12.95
2004,111,0.73,0.73,0.76,94.98,3.23,287.25,0.0,77.56,6.35,4.05,17.63,6.34,25.0
2004,112,0.73,0.73,0.75,95.1,1.37,216.12,0.0,69.38,6.9,4.31,23.56,7.55,26.79
2004,113,0.72,0.73,0.74,94.89,2.48,273.06,1.33,69.06,7.69,9.94,22.03,9.21,25.23
2004,114,0.72,0.72,0.76,94.69,3.91,282.56,3.47,82.06,6.96,7.33,14.99,7.69,15.09
2004,115,0.72,0.73,0.77,94.89,4.08,313.25,5.03,88.56,7.81,8.23,14.73,9.4,8.51
2004,116,0.72,0.73,0.75,94.96,3.44,312.75,0.47,82.44,7.93,9.68,18.17,9.73,20.92
2004,117,0.72,0.72,0.75,94.96,2.28,136.0,0.82,72.94,6.59,7.33,17.51,6.89,25.84
2004,118,0.71,0.72,0.74,94.77,1.52,193.31,0.0,67.5,6.1,4.93,21.02,5.75,28.94
2004,119,0.71,0.71,0.73,94.05,2.88,187.56,0.01,61.44,7.39,8.7,26.01,8.26,12.86
2004,120,0.7,0.7,0.73,93.87,2.51,294.75,1.53,77.69,8.24,10.3,20.89,10.06,12.47
2004,121,0.7,0.7,0.73,94.26,1.91,258.88,1.75,78.31,7.51,9.04,16.58,8.76,10.82
2004,122,0.7,0.7,0.73,94.7,1.88,197.94,1.83,68.69,6.65,5.97,21.28,6.87,27.8
2004,123,0.7,0.7,0.72,94.12,3.93,165.06,0.79,59.56,7.51,9.83,26.7,8.61,22.52
2004,124,0.7,0.7,0.71,93.32,3.21,244.75,2.17,62.69,7.08,9.68,19.39,7.73,16.14
2004,125,0.69,0.69,0.71,93.63,3.55,251.38,1.95,67.31,6.47,6.79,20.19,6.38,25.27
2004,126,0.69,0.69,0.71,93.82,3.23,266.62,0.49,73.56,7.26,7.94,19.19,8.19,16.81
2004,127,0.69,0.69,0.7,94.29,4.13,272.19,0.92,76.19,7.26,8.62,16.86,8.23,17.21
2004,128,0.69,0.68,0.7,94.59,2.66,284.75,0.19,73.38,7.26,7.91,20.05,8.4,21.22
2004,129,0.68,0.68,0.7,94.8,2.28,253.06,0.48,77.56,7.26,8.92,18.68,8.43,19.03
2004,130,0.68,0.68,0.69,94.91,1.7,204.62,0.04,67.56,5.86,6.72,18.09,5.18,27.99
2004,131,0.67,0.67,0.68,94.64,2.11,178.94,0.02,60.19,6.23,5.83,24.81,5.87,27.15
2004,132,0.67,0.66,0.66,94.09,3.68,195.19,0.21,60.69,7.02,8.66,28.15,7.65,25.4
2004,133,0.66,0.66,0.69,94.24,4.78,258.94,6.18,73.31,6.96,5.98,18.7,7.5,14.16
2004,134,0.67,0.68,0.73,94.91,2.77,302.94,9.62,81.56,7.69,9.36,16.15,9.21,13.54
2004,135,0.67,0.68,0.7,95.19,1.7,149.25,1.55,73.56,7.39,7.14,20.7,8.57,23.43
2004,136,0.67,0.68,0.7,95.46,0.84,54.12,3.85,80.25,8.3,10.73,18.51,10.51,19.02
2004,137,0.68,0.69,0.72,95.29,1.46,51.31,6.82,81.62,8.48,10.66,19.04,10.76,18.67
2004,138,0.68,0.69,0.72,95.27,1.95,84.62,4.55,81.62,8.48,9.42,18.68,10.82,17.35
2004,139,0.68,0.69,0.7,95.61,2.23,87.19,0.0,71.38,7.45,8.87,21.91,8.83,25.81
2004,140,0.67,0.68,0.69,95.77,1.43,149.69,0.04,69.12,7.75,8.89,23.24,9.49,25.04
2004,141,0.67,0.67,0.69,95.32,1.58,215.12,2.55,62.69,8.67,11.05,26.12,11.01,25.35
2004,142,0.67,0.67,0.68,94.96,2.68,236.44,1.06,64.19,8.91,13.55,24.08,11.4,20.52
2004,143,0.66,0.66,0.68,94.83,1.22,158.62,2.8,65.62,9.77,13.94,28.14,12.71,22.14
2004,144,0.66,0.66,0.69,94.85,2.3,127.81,3.2,77.5,10.86,14.93,27.37,14.4,21.43
2004,145,0.67,0.68,0.75,94.71,3.11,72.12,25.89,87.5,10.8,14.23,20.2,14.36,9.73
2004,146,0.7,0.73,0.81,94.67,2.23,135.94,23.3,81.56,10.13,13.0,21.95,13.33,4.29
2004,147,0.71,0.73,0.76,94.96,2.71,283.38,2.61,79.56,9.09,12.01,22.01,11.74,15.75
2004,148,0.71,0.72,0.75,95.26,1.84,316.69,2.6,84.94,9.46,11.78,19.21,12.4,16.68
2004,149,0.71,0.72,0.76,95.6,2.44,230.94,4.55,86.81,9.46,11.22,18.02,12.41,11.24
2004,150,0.71,0.72,0.73,95.72,1.54,196.12,0.01,65.56,7.51,9.12,22.39,8.9,29.7
2004,151,0.7,0.71,0.72,95.68,1.73,131.12,0.0,59.44,7.69,12.01,24.71,9.19,29.02
2004,152,0.7,0.7,0.71,95.6,1.52,97.81,0.0,58.0,8.18,12.37,26.69,10.12,27.68
2004,153,0.7,0.7,0.7,95.6,1.77,211.38,0.0,60.62,9.52,14.33,27.9,12.49,28.0
2004,154,0.69,0.69,0.69,95.54,1.8,231.19,0.0,61.94,10.07,15.15,29.74,13.33,29.45
2004,155,0.68,0.68,0.68,95.48,2.47,329.62,0.0,72.62,9.22,12.08,23.08,11.98,27.75
2004,156,0.68,0.67,0.68,95.35,2.52,319.38,0.0,75.75,8.54,10.27,21.4,10.88,24.14
2004,157,0.67,0.67,0.67,95.16,1.66,239.06,0.0,67.12,8.36,11.6,24.23,10.44,28.51
2004,158,0.67,0.66,0.66,94.99,1.71,166.19,0.0,57.25,8.61,12.62,28.76,10.85,29.52
2004,159,0.66,0.66,0.66,95.23,1.2,157.69,0.02,59.44,10.31,16.8,30.01,13.65,24.51
2004,160,0.66,0.66,0.66,95.41,1.35,122.0,3.69,61.44,11.11,17.01,32.37,14.62,23.36
2004,161,0.66,0.66,0.67,95.56,1.05,137.44,1.76,72.69,12.39,17.6,27.33,16.55,20.13
2004,162,0.66,0.66,0.66,95.54,1.73,65.88,0.44,68.81,10.56,15.72,28.14,14.11,27.57
2004,163,0.66,0.66,0.66,95.46,1.59,109.75,3.58,71.69,10.5,14.19,26.87,14.0,22.81
2004,164,0.66,0.65,0.65,95.44,1.61,108.56,0.0,66.25,9.7,13.62,27.08,12.82,28.44
2004,165,0.65,0.64,0.64,95.44,2.37,61.06,0.07,66.5,9.95,14.57,27.47,13.15,28.52
2004,166,0.65,0.64,0.66,95.43,1.7,68.06,4.41,67.0,8.61,13.86,22.08,10.95,18.21
2004,167,0.66,0.66,0.73,95.11,2.03,163.94,19.08,87.0,10.19,12.51,19.48,13.51,14.69
2004,168,0.67,0.68,0.73,94.94,2.97,175.75,12.34,87.5,9.95,13.6,19.31,13.15,7.14
2004,169,0.68,0.69,0.71,95.01,4.12,301.75,5.43,81.31,10.01,13.04,21.45,13.23,19.32
2004,170,0.67,0.68,0.68,95.0,1.7,254.12,0.0,60.25,8.85,12.32,27.82,11.32,30.18
2004,171,0.67,0.67,0.67,94.68,2.81,253.75,0.35,58.94,9.34,15.45,27.57,12.05,23.31
2004,172,0.66,0.66,0.66,94.73,1.76,214.81,0.0,58.56,8.79,14.21,28.49,11.01,30.12
2004,173,0.66,0.66,0.66,95.12,1.44,166.0,0.0,67.31,10.8,15.34,30.01,14.34,28.22
2004,174,0.66,0.65,0.64,95.23,1.38,171.38,0.0,59.62,11.41,15.55,35.16,15.19,28.73
2004,175,0.65,0.64,0.64,95.27,2.32,274.62,0.0,64.0,12.33,17.95,30.7,16.37,28.91
2004,176,0.65,0.64,0.63,95.21,1.53,219.75,0.0,61.38,10.86,17.44,31.94,14.29,29.33
2004,177,0.64,0.63,0.62,95.22,1.79,103.62,0.0,58.0,11.23,18.6,34.47,14.91,29.09
2004,178,0.63,0.62,0.62,95.37,1.5,181.06,0.0,56.94,12.39,19.38,36.53,16.44,28.49
2004,179,0.63,0.62,0.61,95.49,1.8,99.5,0.0,55.19,12.33,21.33,36.2,16.39,29.15
2004,180,0.62,0.62,0.61,95.58,1.86,96.88,0.0,56.88,11.54,20.34,33.23,15.37,23.4
2004,181,0.62,0.61,0.6,95.57,1.65,84.81,0.0,56.69,11.05,19.65,32.42,14.64,28.82
2004,182,0.62,0.61,0.6,95.41,1.5,131.5,0.0,51.75,10.93,18.48,35.33,14.48,29.36
2004,183,0.61,0.6,0.59,95.16,1.7,217.38,0.0,44.0,10.19,20.28,35.87,13.33,26.04
2004,184,0.61,0.59,0.59,95.16,1.99,184.19,0.0,52.81,11.23,19.47,36.16,14.81,28.08
2004,185,0.6,0.59,0.59,95.4,2.21,61.5,0.04,66.81,11.72,17.92,30.94,15.69,27.49
2004,186,0.59,0.59,0.58,95.35,1.41,174.25,0.01,57.94,11.29,17.91,35.24,14.98,28.72
2004,187,0.59,0.58,0.57,95.3,1.82,195.12,0.0,48.62,10.8,20.05,36.27,14.26,27.86
2004,188,0.59,0.58,0.56,95.07,1.59,207.75,0.06,43.56,10.86,21.42,38.14,14.23,27.5
2004,189,0.59,0.57,0.55,94.96,2.02,231.0,0.03,47.25,11.78,22.18,37.94,15.45,26.09
2004,190,0.58,0.56,0.55,95.16,2.22,276.31,0.07,56.5,11.96,18.61,36.33,15.82,26.57
2004,191,0.58,0.56,0.55,95.44,2.33,108.69,0.03,69.44,12.08,17.64,29.54,16.22,25.01
2004,192,0.57,0.56,0.55,95.14,1.48,153.25,0.0,58.62,11.54,16.95,34.51,15.37,26.58
2004,193,0.57,0.55,0.55,94.92,1.87,170.44,0.23,62.62,11.72,17.81,32.36,15.58,19.93
2004,194,0.57,0.55,0.54,94.97,2.76,34.06,0.1,68.62,10.74,15.41,27.87,14.25,19.49
2004,195,0.56,0.55,0.54,95.23,2.38,94.81,0.02,66.5,9.46,14.58,25.67,12.36,25.26
2004,196,0.56,0.55,0.52,95.4,2.29,44.44,0.0,64.06,8.85,13.39,26.4,11.37,28.52
2004,197,0.56,0.55,0.52,95.39,1.62,136.06,0.0,58.12,8.48,13.15,28.73,10.65,29.83
2004,198,0.55,0.55,0.5,95.09,2.76,238.38,0.0,52.75,10.01,16.57,32.9,13.07,28.65
2004,199,0.55,0.55,0.49,95.14,1.94,200.06,0.58,46.56,10.01,18.75,34.41,13.12,24.58
2004,200,0.55,0.54,0.47,95.14,2.4,232.62,0.05,41.19,10.07,21.96,37.05,13.19,23.18
2004,201,0.55,0.54,0.46,95.07,2.16,227.12,0.34,47.69,11.47,21.12,36.45,15.15,24.58
2004,202,0.55,0.54,0.46,95.08,1.95,215.94,0.95,51.12,12.08,20.69,36.26,16.04,27.72
2004,203,0.55,0.53,0.45,95.17,1.59,204.38,0.0,47.06,11.41,21.55,37.96,15.15,25.61
2004,204,0.54,0.53,0.44,95.34,1.85,191.81,0.0,39.0,10.01,22.48,38.85,13.02,27.91
2004,205,0.54,0.52,0.42,95.51,1.75,115.94,0.0,32.12,8.24,23.88,38.38,10.09,28.04
2004,206,0.54,0.52,0.41,95.44,1.88,274.44,0.0,43.12,10.07,22.23,37.15,12.98,24.05
2004,207,0.53,0.52,0.41,95.16,2.16,293.56,0.04,58.75,11.41,18.55,32.12,15.12,26.06
2004,208,0.53,0.52,0.41,95.01,2.62,324.81,0.0,62.0,10.44,16.17,29.26,13.83,26.79
2004,209,0.53,0.52,0.41,95.09,2.09,247.56,0.0,58.25,9.89,16.01,29.05,13.0,28.04
2004,210,0.53,0.52,0.41,95.09,1.94,175.25,0.0,54.56,9.7,17.76,31.59,12.71,28.25
2004,211,0.53,0.52,0.4,95.03,1.77,199.31,0.0,50.5,9.77,16.88,33.51,12.68,27.57
2004,212,0.52,0.52,0.4,95.2,2.28,206.56,0.4,58.38,11.84,19.78,32.51,15.72,20.05
2004,213,0.52,0.52,0.4,95.39,2.05,73.31,0.51,60.5,11.17,17.98,32.51,14.77,26.2
2004,214,0.52,0.52,0.39,95.3,1.72,156.19,0.07,49.31,9.83,18.06,34.33,12.85,26.8
2004,215,0.52,0.51,0.38,95.1,2.11,234.31,0.45,45.88,10.62,19.54,35.99,14.0,26.85
2004,216,0.52,0.51,0.38,94.93,1.85,265.88,0.0,46.69,10.31,21.19,34.69,13.33,27.18
2004,217,0.52,0.51,0.38,94.79,1.96,286.5,0.5,47.56,10.25,19.74,35.79,13.33,21.56
2004,218,0.52,0.52,0.44,94.92,1.95,215.0,4.82,63.25,12.39,19.89,31.39,16.44,25.63
2004,219,0.52,0.52,0.45,95.0,2.22,69.69,0.1,63.06,12.27,18.74,32.06,16.28,26.46
2004,220,0.52,0.52,0.42,94.95,1.75,199.56,0.0,54.06,11.96,19.5,35.43,15.88,18.4
2004,221,0.52,0.51,0.41,94.78,2.16,241.25,0.01,43.06,10.38,21.8,37.4,13.62,21.83
2004,222,0.52,0.51,0.39,94.74,2.22,218.5,0.04,41.06,10.68,23.57,38.57,14.05,24.51
2004,223,0.52,0.5,0.38,94.95,1.99,265.56,0.05,48.69,11.23,22.12,37.12,14.8,25.83
2004,224,0.51,0.5,0.38,95.18,1.66,203.56,0.01,52.38,11.6,20.82,35.25,15.48,26.37
2004,225,0.51,0.5,0.38,95.1,2.07,198.25,0.17,50.56,11.6,20.66,37.56,15.37,25.26
2004,226,0.51,0.5,0.38,95.24,1.87,193.19,0.91,58.75,13.24,22.05,34.33,17.62,25.94
2004,227,0.51,0.5,0.38,95.51,1.98,69.56,0.02,59.44,12.02,19.76,33.75,15.95,26.12
2004,228,0.51,0.5,0.37,95.42,1.52,91.06,0.0,46.25,8.91,17.97,33.68,11.35,24.77
2004,229,0.51,0.49,0.36,95.01,1.87,199.06,0.0,38.62,8.54,19.17,36.8,10.67,26.84
2004,230,0.5,0.49,0.35,94.84,2.33,240.94,0.0,40.19,10.07,21.06,38.25,13.07,25.06
2004,231,0.5,0.49,0.34,95.08,2.37,212.56,0.0,37.31,9.95,22.56,39.27,12.95,24.0
2004,232,0.5,0.49,0.34,95.21,2.81,242.56,0.01,35.0,9.95,25.51,40.04,12.88,20.96
2004,233,0.5,0.49,0.33,95.21,2.05,268.75,0.01,47.44,11.11,22.73,35.55,14.71,21.52
2004,234,0.5,0.49,0.35,95.4,2.48,112.38,1.4,66.19,13.37,20.69,32.26,17.78,19.86
2004,235,0.5,0.49,0.36,95.5,2.2,140.19,0.37,58.12,11.78,18.71,34.95,15.81,24.88
2004,236,0.5,0.48,0.34,95.51,1.8,213.56,0.0,41.38,10.31,21.66,38.87,13.6,23.86
2004,237,0.49,0.48,0.34,95.49,2.16,239.5,0.01,34.12,9.09,23.55,39.84,11.69,22.07
2004,238,0.49,0.48,0.32,95.38,2.76,227.38,0.04,36.94,9.95,24.59,39.87,12.9,20.06
2004,239,0.49,0.48,0.34,95.42,2.78,184.06,1.43,60.06,12.27,19.37,31.71,16.35,18.75
2004,240,0.49,0.48,0.35,95.38,2.14,43.06,0.1,59.44,10.19,17.92,30.58,13.36,23.87
2004,241,0.49,0.48,0.35,95.09,1.41,193.25,0.36,52.75,10.56,17.67,33.99,13.94,21.33
2004,242,0.49,0.49,0.45,95.18,1.66,167.81,8.11,65.06,12.33,20.06,29.52,16.43,14.78
2004,243,0.5,0.5,0.5,95.3,1.6,84.75,2.01,65.88,12.21,19.37,31.26,16.23,23.79
2004,244,0.5,0.5,0.48,95.14,1.29,196.88,1.76,60.12,12.02,18.68,31.99,15.99,19.73
2004,245,0.5,0.5,0.49,95.0,1.68,209.88,3.01,58.88,12.08,19.64,31.85,16.07,22.93
2004,246,0.5,0.5,0.46,95.08,2.74,200.56,0.02,47.62,10.25,21.38,33.44,13.52,14.78
2004,247,0.5,0.49,0.42,95.43,1.59,230.19,0.0,42.94,10.25,21.02,37.35,13.5,18.1
2004,248,0.49,0.49,0.41,95.76,1.52,153.75,0.0,45.12,11.47,23.37,35.39,15.37,19.53
2004,249,0.49,0.49,0.39,95.51,1.5,157.44,0.01,40.75,10.13,23.05,37.66,13.36,16.93
2004,250,0.49,0.49,0.4,95.35,2.24,128.94,1.63,55.88,11.47,20.98,31.81,15.28,15.67
2004,251,0.49,0.49,0.45,95.37,1.62,219.31,5.12,57.88,11.6,19.36,32.38,15.46,20.85
2004,252,0.5,0.49,0.41,95.58,1.59,124.06,0.1,54.31,10.99,20.13,32.89,14.71,20.78
2004,253,0.49,0.49,0.38,95.67,1.58,79.56,0.0,50.06,9.03,18.91,33.15,11.4,22.98
2004,254,0.49,0.49,0.37,95.65,1.66,106.38,0.0,43.44,7.69,17.75,34.16,8.69,20.83
2004,255,0.49,0.48,0.36,95.62,1.52,183.75,0.0,37.25,7.63,19.26,35.14,9.08,21.76
2004,256,0.49,0.48,0.34,95.48,1.77,248.94,0.15,43.62,9.28,19.73,34.94,12.09,18.67
2004,257,0.49,0.48,0.38,95.33,1.97,248.69,2.47,47.44,9.95,20.0,34.32,13.0,20.38
2004,258,0.49,0.48,0.37,95.2,2.3,213.0,0.08,43.62,8.79,18.83,34.41,11.08,18.8
2004,259,0.49,0.48,0.35,95.28,2.52,194.31,0.03,49.88,9.52,18.83,33.63,11.98,18.27
2004,260,0.49,0.49,0.45,95.36,2.44,108.5,5.68,78.88,12.63,17.83,26.44,16.85,13.12
2004,261,0.49,0.49,0.48,95.47,3.38,256.0,1.2,69.38,9.7,16.35,23.16,12.67,19.64
2004,262,0.5,0.5,0.54,95.39,3.23,332.38,8.06,80.75,10.8,15.04,22.25,14.42,9.46
2004,263,0.5,0.51,0.51,95.36,2.09,318.81,0.52,76.25,10.62,15.55,24.32,14.15,17.92
2004,264,0.5,0.5,0.48,95.56,1.27,167.88,0.0,70.75,9.52,13.48,26.62,12.47,21.78
2004,265,0.5,0.5,0.48,95.63,1.75,182.44,0.0,65.75,9.46,13.65,28.8,12.34,21.0
2004,266,0.5,0.5,0.47,95.64,2.25,317.88,0.22,77.94,10.99,14.91,25.23,14.73,17.37
2004,267,0.5,0.49,0.47,95.42,1.95,276.19,0.01,71.38,10.31,15.4,26.47,13.69,21.02
2004,268,0.5,0.49,0.45,94.91,2.16,292.19,0.0,62.38,8.79,13.49,27.37,10.9,20.86
2004,269,0.5,0.5,0.5,94.98,3.59,324.75,4.14,74.31,9.4,14.38,20.34,12.01,7.57
2004,270,0.5,0.5,0.51,95.35,3.59,330.25,3.49,74.38,8.3,12.1,19.45,10.38,11.36
2004,271,0.51,0.51,0.56,95.46,3.2,265.19,8.03,74.69,8.67,13.7,19.99,11.1,9.64
2004,272,0.51,0.52,0.5,95.62,1.21,201.81,0.11,66.88,7.39,10.51,23.33,8.58,18.5
2004,273,0.51,0.51,0.48,95.45,1.79,209.5,0.0,56.31,7.02,10.3,27.18,7.87,20.21
2004,274,0.51,0.51,0.48,95.49,1.4,190.12,0.0,49.0,6.9,11.88,29.67,7.52,19.93
2004,275,0.5,0.5,0.48,95.64,1.55,183.81,0.0,50.88,7.26,12.83,29.58,8.29,18.35
2004,276,0.5,0.5,0.47,95.71,1.61,113.81,0.0,51.56,7.69,15.21,30.36,9.31,19.59
2004,277,0.5,0.49,0.46,95.72,1.7,119.75,0.0,48.19,7.32,15.71,30.55,8.38,19.17
2004,278,0.5,0.49,0.45,95.56,1.52,133.12,0.0,44.0,7.26,15.89,32.65,8.23,19.08
2004,279,0.49,0.49,0.43,95.47,1.41,235.44,0.0,49.0,8.79,16.72,32.32,11.16,18.1
2004,280,0.49,0.49,0.41,95.37,1.96,235.81,0.0,42.81,7.63,16.62,33.24,9.05,17.85
2004,281,0.49,0.48,0.4,95.3,2.04,222.75,0.0,42.25,7.39,17.46,30.76,8.59,13.86
2004,282,0.49,0.48,0.38,95.14,3.39,217.5,0.0,34.56,6.41,18.25,33.12,6.55,17.42
2004,283,0.49,0.48,0.37,95.17,3.18,221.69,0.0,33.31,6.35,18.32,33.57,6.19,15.1
2004,284,0.49,0.48,0.39,95.28,1.53,278.56,1.47,68.06,10.07,15.73,24.78,13.12,6.02
2004,285,0.49,0.49,0.49,95.29,0.91,274.69,7.79,79.62,10.68,15.02,20.29,14.26,4.48
2004,286,0.5,0.5,0.52,95.27,1.28,223.06,5.48,74.5,9.58,13.94,24.3,12.44,15.86
2004,287,0.5,0.51,0.52,95.19,2.06,287.69,0.0,76.44,9.22,13.08,21.71,11.93,15.55
2004,288,0.5,0.51,0.48,94.97,1.71,239.62,0.0,68.0,7.57,10.41,21.66,8.91,13.77
2004,289,0.5,0.5,0.48,94.84,2.04,267.94,0.0,66.81,7.75,10.42,24.09,9.04,13.36
2004,290,0.5,0.5,0.48,94.83,1.84,275.81,0.0,69.56,8.12,12.12,22.8,9.86,17.01
2004,291,0.5,0.5,0.47,94.98,1.61,220.38,0.0,61.19,7.51,10.85,25.82,8.67,17.11
2004,292,0.5,0.49,0.45,94.92,3.37,208.44,0.0,46.31,6.84,13.05,30.83,7.42,16.37
2004,293,0.5,0.49,0.44,95.09,2.56,214.75,0.0,43.19,7.32,17.56,28.56,8.48,13.18
2004,294,0.49,0.49,0.43,95.23,1.36,244.62,0.0,45.0,8.0,16.49,32.47,9.8,15.32
2004,295,0.49,0.49,0.41,95.43,1.52,188.94,0.0,50.0,8.61,19.1,29.58,10.91,14.55
2004,296,0.49,0.49,0.41,95.57,1.95,259.88,0.0,51.81,8.97,17.76,29.13,11.54,14.3
2004,297,0.49,0.48,0.4,95.66,1.72,233.0,0.02,48.25,8.67,17.42,32.37,10.93,14.52
2004,298,0.49,0.48,0.39,95.54,3.37,214.69,0.0,47.75,8.85,19.91,32.59,11.3,9.95
2004,299,0.49,0.48,0.38,95.17,2.2,210.44,0.0,38.75,6.53,16.94,33.12,6.45,15.45
2004,300,0.49,0.49,0.47,94.97,2.69,276.94,7.54,73.25,8.61,11.88,18.61,10.75,3.88
2004,301,0.5,0.5,0.48,94.61,2.28,222.69,0.04,65.5,7.2,8.67,23.63,8.05,15.02
2004,302,0.49,0.49,0.47,94.33,3.17,216.75,0.01,53.62,7.39,13.9,26.57,8.36,10.24
2004,303,0.49,0.49,0.47,94.25,2.01,179.94,0.48,69.31,8.79,13.84,23.03,10.84,8.67
2004,304,0.49,0.49,0.5,94.09,1.3,192.25,3.26,82.38,9.77,13.24,22.13,12.57,9.27
2004,305,0.5,0.5,0.52,94.52,1.52,226.81,4.49,82.69,8.61,12.01,18.23,10.8,3.98
2004,306,0.52,0.53,0.64,94.71,1.45,67.44,22.25,81.69,8.48,11.64,17.75,10.59,9.86
2004,307,0.53,0.55,0.62,94.67,3.71,283.5,9.81,84.75,8.06,10.95,15.65,9.83,1.7
2004,308,0.54,0.56,0.59,94.99,4.14,313.25,5.94,85.88,8.79,11.35,16.17,11.23,3.22
2004,309,0.55,0.57,0.64,95.14,2.72,326.06,13.59,92.56,9.95,12.45,17.62,13.11,4.08
2004,310,0.55,0.58,0.59,95.24,1.09,203.44,1.08,86.56,9.58,12.45,20.36,12.58,11.4
2004,311,0.55,0.57,0.58,95.21,1.5,283.56,3.12,84.38,9.22,11.3,20.61,11.91,12.52
2004,312,0.56,0.57,0.59,94.94,1.59,323.75,2.78,86.25,8.85,11.83,17.79,11.33,10.31
2004,313,0.56,0.58,0.61,94.81,2.33,317.06,4.95,85.31,7.87,9.03,15.35,9.55,5.95
2004,314,0.57,0.58,0.59,94.47,2.59,262.62,2.16,84.0,7.14,6.39,14.95,8.03,6.18
2004,315,0.57,0.59,0.63,94.2,2.78,286.75,9.34,83.06,7.69,9.15,15.12,9.02,6.6
2004,316,0.58,0.59,0.63,94.17,1.48,106.75,6.34,87.0,6.65,8.1,11.21,6.98,7.59
2004,317,0.59,0.59,0.61,94.38,1.03,53.12,1.29,82.5,6.47,7.74,13.8,6.58,8.1
2004,318,0.62,0.66,0.88,93.69,2.38,175.44,110.33,93.75,7.02,4.98,12.76,7.41,1.61
2004,319,0.7,0.77,0.84,94.37,6.98,313.06,21.03,85.0,6.96,5.52,13.18,7.55,5.86
2004,320,0.7,0.74,0.79,95.16,3.38,302.44,4.54,88.62,5.68,4.55,9.17,4.83,8.18
2004,321,0.7,0.73,0.77,95.85,2.52,314.81,1.37,86.88,5.68,4.69,10.69,5.03,5.86
2004,322,0.7,0.73,0.76,96.16,1.75,311.0,0.7,91.38,6.77,7.04,10.62,7.57,3.12
2004,323,0.7,0.72,0.75,96.02,1.2,232.75,0.04,78.94,6.1,5.23,16.14,6.03,12.14
2004,324,0.7,0.71,0.74,95.67,2.37,270.56,0.0,81.19,5.98,3.69,16.63,5.57,12.93
2004,325,0.7,0.71,0.74,95.81,2.01,315.69,0.12,90.25,7.2,6.55,15.38,8.36,8.97
2004,326,0.7,0.71,0.74,95.98,1.27,145.06,0.0,82.5,6.47,5.7,17.99,6.71,12.76
2004,327,0.7,0.7,0.73,96.01,1.79,218.44,0.0,75.19,5.86,4.78,18.51,5.4,11.65
2004,328,0.7,0.7,0.73,95.81,1.47,196.56,0.0,76.81,6.1,4.76,18.3,5.77,12.33
2004,329,0.7,0.7,0.73,95.78,0.91,122.69,0.0,84.94,6.77,6.66,16.33,7.4,11.66
2004,330,0.7,0.7,0.73,95.93,0.95,184.12,0.0,86.62,6.9,7.8,16.51,7.74,10.46
2004,331,0.7,0.7,0.73,96.12,1.71,240.06,0.0,82.12,6.59,6.3,16.89,7.17,11.48
2004,332,0.69,0.7,0.73,95.91,1.8,235.38,0.05,80.06,6.1,4.73,17.12,6.03,11.7
2004,333,0.69,0.7,0.73,95.59,2.2,215.38,0.0,79.5,5.92,4.13,16.98,5.47,11.69
2004,334,0.69,0.7,0.73,95.1,4.13,211.62,0.0,81.12,6.29,5.87,15.96,6.29,8.74
2004,335,0.69,0.7,0.73,94.62,2.27,220.56,0.06,76.31,6.35,6.75,17.48,6.37,8.53
2004,336,0.69,0.69,0.72,94.23,4.47,199.12,0.0,64.0,5.55,7.68,19.4,4.37,9.8
2004,337,0.68,0.69,0.72,94.87,2.29,196.44,0.0,73.19,6.84,6.76,20.5,7.33,10.5
2004,338,0.68,0.69,0.72,94.99,1.77,206.69,0.8,68.5,7.2,10.55,22.45,8.26,6.08
2004,339,0.69,0.7,0.75,95.02,1.59,224.81,6.25,81.88,8.12,10.24,19.46,10.01,6.91
2004,340,0.69,0.7,0.77,95.3,0.94,176.62,10.36,91.69,7.75,8.93,13.22,9.42,3.24
2004,341,0.7,0.72,0.77,94.98,1.35,201.56,7.82,89.62,7.81,8.8,16.65,9.49,8.86
2004,342,0.7,0.72,0.74,95.13,1.48,236.12,0.09,79.81,6.47,5.37,16.31,6.7,9.79
2004,343,0.71,0.73,0.8,94.82,1.82,170.12,19.7,92.88,6.71,5.19,10.55,7.23,2.52
2004,344,0.72,0.74,0.79,94.62,2.31,248.44,8.15,90.12,6.23,4.52,11.25,6.04,7.74
2004,345,0.73,0.76,0.83,94.74,2.36,320.12,15.79,93.0,7.32,8.13,12.41,8.43,3.71
2004,346,0.74,0.77,0.8,95.22,0.92,143.69,3.93,87.31,6.59,6.31,13.62,7.02,6.18
2004,347,0.74,0.76,0.78,95.44,1.56,197.38,0.32,82.44,5.98,4.9,15.39,5.53,8.57
2004,348,0.74,0.76,0.78,95.78,1.3,189.0,0.0,76.06,5.43,2.98,15.88,4.33,11.03
2004,349,0.74,0.75,0.77,95.81,1.31,216.31,0.0,75.06,5.55,3.9,15.89,4.61,9.31
2004,350,0.74,0.75,0.77,95.56,1.68,196.56,0.42,88.19,6.23,5.03,12.6,6.2,3.93
2004,351,0.74,0.76,0.8,95.13,1.16,258.38,9.61,88.69,6.29,5.65,12.67,6.29,3.56
2004,352,0.76,0.77,0.81,95.07,3.47,299.5,8.06,94.19,7.02,7.43,10.94,7.94,3.85
2004,353,0.76,0.78,0.81,95.17,3.69,311.56,6.44,91.06,6.96,6.01,13.05,7.68,1.87
2004,354,0.77,0.78,0.8,95.02,2.17,278.5,0.1,84.12,6.16,5.94,14.08,5.99,10.94
2004,355,0.77,0.77,0.8,94.7,3.47,283.69,5.41,87.81,6.53,5.76,13.48,6.68,5.43
2004,356,0.77,0.78,0.81,95.2,2.09,243.94,5.11,88.38,6.23,6.44,10.85,6.19,5.58
2004,357,0.77,0.78,0.8,95.51,1.02,71.62,0.26,82.69,5.43,4.72,9.83,4.26,9.71
2004,358,0.77,0.78,0.8,95.78,1.55,329.75,0.79,85.12,5.07,3.58,9.06,3.35,8.13
2004,359,0.77,0.78,0.8,95.48,1.09,190.44,0.05,75.56,4.39,0.91,12.59,1.15,9.59
2004,360,0.77,0.79,0.84,94.16,2.36,209.94,14.94,87.12,4.7,0.83,7.67,1.86,1.53
2004,361,0.78,0.8,0.82,93.42,3.84,241.0,2.41,87.38,4.7,1.64,6.73,1.88,3.93
2004,362,0.78,0.8,0.81,94.76,2.36,265.69,0.92,84.62,4.03,-0.65,6.31,-0.12,8.07
2004,363,0.78,0.8,0.81,95.36,3.52,271.31,2.7,79.81,4.33,0.85,8.22,0.87,8.2
2004,364,0.8,0.82,0.89,94.8,7.8,312.69,41.33,84.25,4.94,4.4,6.59,2.77,3.93
2004,365,0.84,0.88,0.91,95.22,4.87,180.12,31.65,91.0,5.98,5.3,9.31,5.65,3.33
2004,366,0.84,0.88,0.88,95.8,3.15,311.38,6.55,89.19,5.37,4.08,8.3,4.16,5.92
2005,1,0.85,0.88,0.88,96.08,3.49,321.0,8.68,95.56,6.65,6.35,8.69,7.26,3.85
2005,2,0.86,0.88,0.87,96.39,2.26,316.19,1.63,91.75,6.35,5.68,11.63,6.71,4.77
2005,3,0.86,0.88,0.86,96.5,2.51,334.12,1.98,89.81,6.04,6.08,10.91,6.03,4.03
2005,4,0.86,0.87,0.86,96.85,0.92,73.25,0.23,80.81,5.0,1.32,11.68,3.34,11.49
2005,5,0.85,0.87,0.85,96.91,1.52,252.69,0.0,71.0,4.03,-0.26,13.31,0.15,12.2
2005,6,0.85,0.87,0.85,96.87,1.34,283.38,0.0,75.0,4.27,0.79,12.73,0.83,12.17
2005,7,0.85,0.87,0.85,96.82,1.51,145.25,0.0,86.0,5.07,0.1,14.01,3.24,10.27
2005,8,0.85,0.86,0.85,96.58,1.77,227.12,0.0,72.81,4.39,0.6,14.73,1.32,12.11
2005,9,0.85,0.86,0.85,96.44,1.3,198.56,0.0,76.0,4.46,-0.07,15.17,1.45,12.15
2005,10,0.84,0.86,0.85,96.41,1.73,250.5,0.0,76.69,4.46,-0.08,13.76,1.51,11.99
2005,11,0.84,0.86,0.85,96.34,1.14,196.56,0.02,80.25,5.0,1.92,13.23,2.98,11.36
2005,12,0.84,0.86,0.85,96.27,0.87,240.25,0.1,83.12,5.43,5.09,11.93,4.44,7.85
2005,13,0.84,0.86,0.85,96.18,1.36,285.25,0.18,86.81,5.31,4.19,10.37,4.0,8.19
2005,14,0.84,0.85,0.84,96.09,1.56,310.19,0.22,87.12,5.55,3.48,11.0,4.66,8.16
2005,15,0.84,0.85,0.84,95.97,1.47,179.38,0.01,73.38,4.03,-1.1,13.45,-0.16,12.93
2005,16,0.84,0.85,0.84,95.88,1.35,191.38,0.0,72.44,4.03,-0.02,12.71,-0.11,13.02
2005,17,0.84,0.85,0.84,95.84,1.05,214.0,0.0,79.75,4.33,-0.09,11.89,0.83,11.32
2005,18,0.84,0.85,0.84,95.34,1.99,264.94,0.55,81.12,4.64,0.27,12.61,1.76,12.16
2005,19,0.84,0.86,0.88,94.74,7.55,317.81,14.67,77.69,5.0,4.73,8.58,2.96,4.89
2005,20,0.85,0.87,0.87,95.41,5.48,331.19,7.23,83.56,5.92,5.87,10.31,5.31,10.67
2005,21,0.85,0.87,0.86,95.54,3.48,298.56,1.08,87.25,6.71,5.02,14.58,7.2,12.43
2005,22,0.85,0.87,0.85,95.35,1.56,232.06,0.06,88.62,6.35,4.16,13.86,6.33,12.98
2005,23,0.85,0.86,0.85,95.16,1.64,209.44,0.06,81.25,5.37,3.44,15.46,3.98,13.17
2005,24,0.85,0.86,0.87,94.49,2.66,296.69,8.61,87.44,5.62,1.42,11.98,4.36,6.75
2005,25,0.86,0.88,0.88,94.05,4.56,315.75,15.04,87.12,4.09,-0.52,4.48,-0.11,5.45
2005,26,0.86,0.88,0.87,93.78,4.69,285.19,6.14,85.0,3.23,-1.9,0.84,-3.12,5.24
2005,27,0.87,0.88,0.88,94.14,2.74,285.69,10.19,92.25,3.66,-1.58,1.75,-1.52,4.88
2005,28,0.87,0.88,0.88,94.39,2.8,309.5,2.64,91.88,3.91,-1.17,2.58,-0.63,4.89
2005,29,0.88,0.9,0.9,94.28,3.53,290.88,12.61,94.94,4.52,-0.52,4.43,1.3,4.69
2005,30,0.88,0.91,0.89,95.08,2.52,318.0,4.63,90.06,4.33,-0.04,4.53,0.89,7.22
2005,31,0.89,0.91,0.89,95.74,2.55,320.69,5.74,91.44,4.58,1.3,5.58,1.9,5.14
2005,32,0.89,0.91,0.89,95.66,3.27,293.69,2.14,87.81,4.7,0.86,6.95,2.13,7.34
2005,33,0.9,0.91,0.89,95.69,3.73,245.88,5.33,86.56,5.13,2.82,8.56,3.47,9.42
2005,34,0.9,0.91,0.89,95.96,1.96,318.69,3.22,91.94,5.07,2.01,8.19,3.37,6.23
2005,35,0.9,0.91,0.88,95.84,1.85,337.0,1.73,88.5,5.07,2.8,9.26,3.32,5.82
2005,36,0.9,0.91,0.88,95.54,1.04,172.06,0.2,77.5,4.64,2.45,11.37,1.97,8.58
2005,37,0.9,0.91,0.88,95.24,2.29,191.38,0.22,78.0,4.52,1.05,11.72,1.55,10.16
2005,38,0.89,0.91,0.88,95.34,1.87,195.69,0.01,73.88,4.46,0.11,13.26,1.4,11.87
2005,39,0.89,0.91,0.88,95.06,3.09,115.06,4.68,86.12,5.43,3.09,12.3,4.25,8.83
2005,40,0.91,0.92,0.91,95.34,3.12,48.62,21.23,97.5,5.25,2.72,5.87,3.74,4.36
2005,41,0.91,0.92,0.9,96.56,2.18,119.5,1.04,85.38,4.76,2.97,8.96,2.62,12.62
2005,42,0.91,0.92,0.89,96.83,1.62,300.62,0.17,87.0,5.0,1.13,10.48,3.26,11.1
2005,43,0.91,0.92,0.89,96.17,1.86,254.12,0.0,74.56,4.39,-0.56,14.54,1.27,15.89
2005,44,0.91,0.91,0.88,95.03,2.88,265.12,0.0,73.69,5.13,2.23,15.36,2.99,15.27
2005,45,0.91,0.92,0.91,94.03,7.3,309.81,11.82,81.94,4.7,2.97,7.33,1.94,7.82
2005,46,0.91,0.92,0.9,93.89,4.04,318.56,5.87,85.56,4.09,-0.03,4.22,0.12,3.43
2005,47,0.91,0.93,0.91,94.08,3.66,302.0,12.49,91.62,4.15,-0.36,3.51,0.31,7.13
2005,48,0.92,0.94,0.91,94.66,4.25,312.94,12.72,91.25,4.46,1.28,3.93,1.33,4.12
2005,49,0.93,0.95,0.91,95.02,2.77,330.81,7.15,91.56,4.64,1.51,5.81,2.05,5.78
2005,50,0.93,0.95,0.91,94.98,1.91,278.44,0.88,82.44,4.15,0.7,8.32,0.39,11.67
2005,51,0.93,0.95,0.91,94.49,2.52,282.5,0.99,90.94,4.94,1.18,7.69,2.6,8.06
2005,52,0.93,0.94,0.91,93.95,2.31,237.56,2.39,86.5,4.76,-0.04,8.98,2.02,11.02
2005,53,0.93,0.95,0.91,94.13,2.59,256.94,2.75,83.31,4.03,-0.67,6.08,-0.12,11.99
2005,54,0.93,0.94,0.9,94.62,3.13,241.94,0.0,70.19,4.27,-0.27,13.33,0.4,17.22
2005,55,0.92,0.94,0.9,94.41,1.83,207.56,0.3,70.56,4.94,0.62,15.54,2.44,14.64
2005,56,0.92,0.94,0.9,94.01,1.04,201.06,2.81,86.19,6.35,5.47,14.11,6.22,11.03
2005,57,0.92,0.94,0.9,94.38,3.1,282.44,2.62,88.81,5.25,1.26,8.07,3.58,10.06
2005,58,0.92,0.94,0.91,94.3,1.87,280.5,5.91,86.5,4.7,0.01,9.69,1.9,6.11
2005,59,0.93,0.95,0.91,93.62,1.91,105.56,9.38,92.5,5.07,2.35,7.6,3.05,4.75
2005,60,0.94,0.95,0.92,93.41,3.04,59.81,11.2,93.94,5.13,1.84,7.26,3.08,4.77
2005,61,0.94,0.95,0.91,94.34,1.39,110.25,1.95,84.56,5.13,3.26,10.4,3.37,11.01
2005,62,0.94,0.95,0.91,94.59,3.4,213.62,0.04,83.75,5.31,1.59,11.96,3.77,14.82
2005,63,0.94,0.95,0.91,93.92,3.5,160.0,8.86,80.5,5.86,3.8,15.71,4.98,8.66
2005,64,0.94,0.96,0.92,94.58,2.94,271.5,7.0,86.44,4.64,0.36,7.54,1.82,9.72
2005,65,0.94,0.95,0.91,94.77,3.16,279.56,2.98,83.0,4.64,-0.72,10.3,1.78,12.85
2005,66,0.94,0.95,0.91,95.07,2.79,318.06,3.46,83.94,4.27,1.12,6.26,0.91,12.86
2005,67,0.95,0.96,0.92,95.63,4.66,316.19,10.51,88.56,4.39,0.93,5.56,1.31,6.81
2005,68,0.95,0.96,0.92,96.02,2.02,266.75,3.26,85.62,4.7,1.08,9.22,2.23,8.77
2005,69,0.95,0.96,0.91,95.69,1.73,207.06,0.0,74.12,4.21,-0.99,14.12,0.57,20.88
2005,70,0.94,0.95,0.91,95.24,1.65,227.12,0.07,65.31,4.09,-0.13,14.99,0.05,18.89
2005,71,0.94,0.95,0.91,94.86,1.66,210.94,0.02,78.88,5.0,2.02,12.23,2.94,17.51
2005,72,0.94,0.95,0.91,94.66,1.79,212.75,0.08,77.06,6.29,4.05,15.8,6.03,9.75
2005,73,0.93,0.95,0.91,94.97,1.62,202.25,0.05,70.75,7.08,6.24,21.39,7.81,19.23
2005,74,0.93,0.95,0.9,95.44,1.52,106.94,0.04,74.0,7.51,9.72,20.23,8.75,15.24
2005,75,0.92,0.94,0.9,95.91,1.52,87.75,0.07,86.38,8.0,8.15,18.76,9.98,12.51
2005,76,0.92,0.94,0.9,96.09,1.46,141.12,0.07,82.19,7.32,7.23,18.55,8.69,15.27
2005,77,0.92,0.93,0.89,96.0,1.36,124.88,0.07,70.62,6.35,6.9,19.55,6.37,14.85
2005,78,0.91,0.93,0.89,95.63,1.37,237.12,0.0,76.44,7.14,7.51,19.78,8.15,19.0
2005,79,0.91,0.92,0.89,95.32,1.69,230.69,0.0,76.0,7.02,7.67,19.47,7.86,20.15
2005,80,0.91,0.92,0.88,95.04,1.42,200.25,0.09,71.62,7.75,8.53,22.73,9.23,20.12
2005,81,0.9,0.91,0.88,95.14,1.84,211.75,0.09,66.69,8.06,10.9,23.62,9.83,17.22
2005,82,0.9,0.91,0.88,95.18,3.62,203.31,0.12,66.25,8.24,12.44,24.71,10.15,12.51
2005,83,0.89,0.91,0.88,95.41,1.79,172.69,0.49,78.62,8.91,11.67,21.16,11.36,13.29
2005,84,0.89,0.91,0.88,95.04,2.66,201.88,0.0,70.31,8.48,10.58,25.67,10.64,19.23
2005,85,0.88,0.9,0.87,94.82,2.21,252.56,0.0,67.25,8.12,11.49,23.73,9.95,15.76
2005,86,0.88,0.89,0.87,94.98,2.45,293.12,0.01,75.69,7.32,9.42,18.24,8.51,21.75
2005,87,0.88,0.89,0.87,95.24,1.68,283.31,0.0,72.94,6.23,7.93,15.55,6.19,18.32
2005,88,0.88,0.88,0.87,95.33,2.21,281.5,0.05,77.81,6.96,5.77,18.67,7.79,19.68
2005,89,0.87,0.88,0.86,95.34,2.74,300.56,0.36,85.5,7.75,7.61,17.4,9.37,15.64
2005,90,0.87,0.88,0.86,95.41,2.33,252.31,0.16,82.5,6.77,6.29,16.03,7.4,19.58
2005,91,0.86,0.88,0.86,95.3,1.48,116.0,0.0,74.56,6.04,5.28,18.53,5.6,24.65
2005,92,0.86,0.87,0.85,94.95,2.06,202.06,0.5,69.31,7.32,7.77,22.49,8.35,20.4
2005,93,0.86,0.88,0.88,95.27,1.45,130.62,8.68,86.12,8.61,10.87,19.2,11.02,11.5
2005,94,0.87,0.88,0.88,95.4,2.08,312.62,12.59,89.25,8.24,10.03,16.17,10.31,6.18
2005,95,0.88,0.89,0.88,95.68,3.37,276.56,7.5,90.94,7.81,9.3,13.83,9.63,8.35
2005,96,0.88,0.89,0.87,95.89,1.18,137.56,0.55,82.31,7.08,7.55,17.48,8.23,19.24
2005,97,0.87,0.88,0.86,95.13,4.7,205.56,0.0,68.5,7.02,7.42,21.13,7.86,23.41
2005,98,0.87,0.88,0.86,94.33,4.07,232.5,0.37,62.81,7.69,12.66,22.8,8.83,14.83
2005,99,0.88,0.89,0.91,94.45,3.12,315.38,36.76,91.25,7.14,5.09,12.29,7.82,4.13
2005,100,0.9,0.92,0.91,94.69,5.95,315.25,14.79,86.25,5.07,4.43,6.75,3.19,11.12
2005,101,0.91,0.92,0.9,94.69,6.46,297.44,6.91,86.94,5.8,4.69,10.18,5.01,6.84
2005,102,0.91,0.92,0.9,95.12,4.43,312.5,4.56,90.69,6.35,5.27,10.58,6.42,5.73
2005,103,0.91,0.92,0.89,94.98,1.73,215.69,0.0,73.44,5.68,2.93,17.98,4.71,25.64
2005,104,0.9,0.91,0.88,94.56,2.21,215.94,0.04,62.81,6.16,4.84,21.73,5.8,21.84
2005,105,0.9,0.91,0.88,94.34,1.62,247.56,0.05,72.56,7.75,10.9,20.85,9.22,14.68
2005,106,0.89,0.91,0.88,94.5,3.22,298.56,0.2,73.12,6.04,5.08,16.35,5.5,24.73
2005,107,0.88,0.9,0.88,94.53,3.35,277.94,0.1,71.38,5.37,3.76,15.9,3.95,25.54
2005,108,0.88,0.89,0.87,94.42,2.14,278.0,0.0,72.31,7.26,4.73,20.18,7.95,18.22
2005,109,0.88,0.89,0.87,94.74,2.29,282.56,0.08,79.56,7.93,8.07,19.56,9.68,22.57
2005,110,0.88,0.88,0.87,95.02,2.21,275.56,0.01,77.25,6.84,6.98,18.84,7.3,23.51
2005,111,0.87,0.88,0.86,94.99,2.09,290.81,0.0,79.62,7.26,7.58,17.3,8.4,12.66
2005,112,0.87,0.88,0.86,94.98,1.65,208.69,0.0,79.62,8.0,8.24,19.65,9.86,24.62
2005,113,0.86,0.87,0.85,94.84,3.41,206.62,0.0,66.12,8.54,10.89,25.23,10.68,26.19
2005,114,0.85,0.86,0.84,94.65,3.18,223.56,0.0,61.31,8.97,13.73,27.26,11.32,20.48
2005,115,0.85,0.86,0.85,95.0,1.13,225.75,0.0,84.81,9.4,12.47,18.03,12.22,11.47
2005,116,0.84,0.85,0.84,95.18,2.27,71.94,0.0,79.31,9.4,11.1,23.1,12.29,25.76
2005,117,0.84,0.85,0.84,95.07,1.07,203.0,0.02,73.06,10.56,13.48,26.3,13.92,18.79
2005,118,0.84,0.84,0.84,95.27,1.13,223.0,0.02,77.12,9.83,12.93,22.15,12.93,12.16
2005,119,0.84,0.84,0.84,95.3,1.22,111.56,0.15,78.94,9.64,11.75,23.52,12.63,23.27
2005,120,0.83,0.84,0.83,95.05,1.55,109.5,0.03,73.19,10.07,11.98,26.69,13.22,26.13
2005,121,0.82,0.83,0.83,95.05,1.55,222.44,0.0,63.62,9.7,13.15,27.69,12.64,27.61
2005,122,0.82,0.82,0.82,95.29,2.04,203.69,0.0,62.38,9.46,13.53,28.26,12.22,27.38
2005,123,0.81,0.81,0.81,95.43,2.09,206.69,0.01,65.69,10.25,14.33,28.36,13.51,24.38
2005,124,0.8,0.8,0.8,95.1,1.73,204.5,0.01,67.25,10.07,14.48,28.95,13.14,24.57
2005,125,0.8,0.8,0.82,94.97,2.62,327.88,3.28,88.06,9.83,10.82,17.78,12.91,11.4
2005,126,0.8,0.8,0.81,95.4,3.21,314.31,0.0,81.62,7.51,7.68,16.93,9.0,20.56
2005,127,0.8,0.8,0.8,95.3,1.34,202.69,0.0,64.19,6.65,7.57,23.58,6.93,29.36
2005,128,0.79,0.79,0.8,94.88,2.06,216.75,0.0,55.81,7.14,9.68,25.58,8.06,27.98
2005,129,0.78,0.79,0.8,94.87,1.55,248.12,0.0,57.62,8.06,11.76,26.62,9.71,23.75
2005,130,0.78,0.78,0.79,94.82,1.94,218.56,0.0,53.88,9.03,13.65,30.64,11.53,27.33
2005,131,0.77,0.77,0.78,94.86,1.97,271.44,0.07,63.81,9.03,14.33,25.14,11.55,22.3
2005,132,0.77,0.77,0.77,94.72,2.49,280.5,0.93,66.88,10.25,14.68,29.34,13.44,19.86
2005,133,0.76,0.76,0.77,94.96,1.59,117.25,0.03,66.38,9.22,14.26,26.49,11.86,27.71
2005,134,0.76,0.76,0.77,95.29,2.38,316.69,0.0,80.38,9.89,12.36,22.61,13.09,23.84
2005,135,0.75,0.75,0.77,95.29,1.3,132.31,0.0,71.88,8.73,10.67,25.43,11.05,25.89
2005,136,0.75,0.75,0.76,94.7,1.87,195.88,0.83,73.06,10.56,14.3,26.19,13.96,24.65
2005,137,0.74,0.74,0.76,94.72,2.62,243.5,0.05,83.06,9.46,10.37,19.67,12.3,23.64
2005,138,0.74,0.74,0.75,95.45,2.91,300.19,0.0,72.12,7.87,10.27,20.96,9.68,26.95
2005,139,0.73,0.73,0.74,95.78,1.8,180.75,0.0,72.06,7.69,9.81,21.48,9.32,30.17
2005,140,0.73,0.73,0.73,95.56,1.59,140.31,0.0,62.31,7.51,9.44,27.24,8.82,30.38
2005,141,0.73,0.72,0.72,95.14,1.59,240.56,0.0,52.75,8.24,12.7,30.05,10.14,28.84
2005,142,0.72,0.71,0.7,94.86,2.71,238.88,0.0,51.81,8.73,15.45,30.83,10.76,26.1
2005,143,0.71,0.7,0.7,95.36,2.16,234.5,0.0,66.19,10.07,14.52,27.69,13.26,23.06
2005,144,0.7,0.7,0.7,95.69,1.89,54.69,0.0,64.06,7.45,10.78,23.84,8.77,29.81
2005,145,0.7,0.7,0.7,95.53,1.66,135.69,0.0,57.06,7.2,9.99,28.19,8.22,29.96
2005,146,0.7,0.69,0.69,95.41,1.8,106.25,0.0,63.44,8.3,11.43,26.9,10.21,30.11
2005,147,0.7,0.69,0.68,95.16,1.64,90.12,0.0,62.0,8.54,12.08,28.7,10.83,29.86
2005,148,0.69,0.68,0.68,95.07,1.38,200.81,0.22,60.62,9.34,14.26,29.01,12.03,29.39
2005,149,0.68,0.67,0.67,95.0,1.37,187.5,0.0,58.5,9.58,15.14,30.7,12.44,28.64
2005,150,0.68,0.67,0.66,95.26,1.73,90.44,0.0,63.19,10.31,16.26,28.76,13.65,27.45
2005,151,0.67,0.66,0.66,95.35,1.81,84.06,0.07,63.81,10.56,16.12,29.75,13.92,19.54
2005,152,0.67,0.66,0.66,95.04,1.83,149.69,0.71,65.12,11.6,17.0,30.15,15.4,10.71
2005,153,0.66,0.66,0.66,94.7,2.02,170.19,0.33,54.31,10.86,17.92,33.85,14.3,17.68
2005,154,0.66,0.66,0.65,94.74,2.02,177.12,0.45,64.12,11.35,18.48,29.87,15.04,17.88
2005,155,0.66,0.66,0.66,95.14,1.73,294.81,0.94,75.12,12.27,16.63,28.76,16.39,26.38
2005,156,0.66,0.65,0.65,95.34,1.71,206.19,1.26,74.12,11.9,16.1,28.73,15.95,25.87
2005,157,0.66,0.65,0.64,95.34,1.92,48.94,0.0,70.19,10.99,15.74,29.08,14.64,28.64
2005,158,0.65,0.64,0.64,95.56,1.93,98.69,0.0,64.06,9.03,14.26,26.52,11.68,28.03
2005,159,0.64,0.64,0.63,95.62,1.78,263.94,0.0,60.44,8.0,13.5,25.85,9.84,30.17
2005,160,0.64,0.63,0.63,95.38,2.16,216.81,0.0,68.12,8.61,11.87,25.02,10.99,27.23
2005,161,0.64,0.63,0.63,95.19,1.78,226.5,0.08,63.38,7.93,10.76,26.7,9.57,29.51
2005,162,0.63,0.62,0.62,94.82,2.44,214.88,0.01,50.44,8.12,12.86,30.37,9.89,26.48
2005,163,0.62,0.62,0.62,94.58,2.45,214.31,0.02,50.62,10.07,17.8,31.79,13.07,20.75
2005,164,0.62,0.62,0.62,94.63,2.04,261.0,3.2,58.88,11.17,17.94,31.75,14.69,20.54
2005,165,0.62,0.62,0.64,95.09,1.88,322.25,4.13,70.38,11.11,16.24,27.68,14.76,27.84
2005,166,0.62,0.62,0.62,95.54,2.39,243.5,0.1,68.94,9.89,14.94,25.62,13.08,28.04
2005,167,0.62,0.62,0.62,95.61,2.89,308.25,0.07,69.0,9.89,15.06,25.35,13.05,24.5
2005,168,0.62,0.62,0.64,95.6,2.75,121.88,4.38,78.38,10.99,15.74,23.27,14.7,20.18
2005,169,0.62,0.62,0.62,95.47,1.38,93.94,1.21,69.19,10.25,14.69,26.71,13.58,24.39
2005,170,0.62,0.61,0.61,95.22,1.67,178.62,0.06,61.88,9.95,15.26,28.8,13.06,27.38
2005,171,0.62,0.61,0.6,95.15,1.83,175.25,0.0,58.06,9.83,15.49,30.44,12.9,29.32
2005,172,0.61,0.6,0.6,95.29,1.84,84.0,0.0,52.38,8.97,14.95,32.47,11.37,29.69
2005,173,0.6,0.59,0.59,95.51,1.59,123.62,0.0,56.62,10.62,17.53,31.85,14.08,28.34
2005,174,0.6,0.59,0.59,95.51,1.57,133.75,0.47,58.62,11.47,18.05,32.59,15.34,28.56
2005,175,0.59,0.59,0.58,95.24,1.59,206.75,0.0,54.5,11.23,18.99,34.55,14.9,27.58
2005,176,0.59,0.58,0.57,95.21,1.97,210.0,0.0,46.06,10.74,19.91,35.78,14.23,28.08
2005,177,0.59,0.58,0.55,95.4,1.71,212.19,0.03,47.38,11.54,22.3,37.23,15.3,26.94
2005,178,0.59,0.57,0.55,95.37,1.76,106.56,0.0,47.88,11.72,22.24,36.45,15.58,28.11
2005,179,0.58,0.57,0.53,95.13,1.62,176.62,0.34,42.06,10.25,21.05,38.48,13.36,28.3
2005,180,0.58,0.56,0.55,94.92,2.02,239.81,3.37,53.5,12.57,22.01,35.66,16.58,25.59
2005,181,0.58,0.56,0.55,94.95,1.53,202.06,0.25,58.25,13.12,21.65,35.11,17.19,27.92
2005,182,0.58,0.56,0.55,95.27,2.15,184.0,1.38,67.0,13.61,19.15,31.99,17.97,28.22
2005,183,0.57,0.56,0.54,95.45,2.13,118.62,0.03,65.44,11.23,18.0,29.37,14.97,29.14
2005,184,0.57,0.56,0.52,95.23,1.7,174.62,0.0,58.62,10.5,17.01,31.52,13.94,29.25
2005,185,0.57,0.55,0.5,94.86,1.8,184.19,0.0,48.94,10.07,17.27,36.46,13.05,29.22
2005,186,0.56,0.55,0.49,94.92,3.52,246.06,0.75,64.81,12.63,19.15,31.33,16.7,27.57
2005,187,0.56,0.55,0.49,95.14,2.31,34.12,0.34,64.0,10.5,16.8,29.36,13.86,27.08
2005,188,0.56,0.55,0.48,94.99,2.01,85.38,0.0,54.5,9.77,15.73,33.84,12.63,28.98
2005,189,0.56,0.55,0.5,94.89,2.4,142.94,2.54,63.31,12.76,20.13,32.81,16.94,21.12
2005,190,0.56,0.55,0.55,94.99,2.47,64.0,5.06,68.81,13.24,19.12,31.76,17.55,17.96
2005,191,0.56,0.55,0.58,95.22,2.02,52.19,2.64,78.0,12.63,17.96,26.48,16.89,15.38
2005,192,0.56,0.55,0.55,95.64,2.36,58.06,0.0,63.81,9.77,15.83,27.33,12.81,29.14
2005,193,0.56,0.55,0.53,95.58,1.87,79.0,0.0,56.0,8.61,14.09,29.6,10.94,29.37
2005,194,0.55,0.55,0.51,95.5,1.72,126.38,0.0,45.81,8.24,17.2,32.26,10.21,29.43
2005,195,0.55,0.55,0.48,95.45,2.05,163.81,0.0,44.94,8.73,17.48,34.29,11.14,28.93
2005,196,0.55,0.54,0.47,95.57,1.65,100.12,0.0,37.06,7.45,17.58,36.74,8.23,28.52
2005,197,0.55,0.54,0.45,95.36,1.73,251.56,0.0,34.94,9.34,21.01,40.34,11.88,25.05
2005,198,0.55,0.53,0.43,95.18,1.99,228.81,0.0,35.12,9.52,22.3,40.83,12.26,25.58
2005,199,0.54,0.53,0.42,95.13,2.36,253.88,0.0,41.5,10.44,22.79,39.8,13.57,24.22
2005,200,0.54,0.52,0.42,95.68,2.06,116.44,0.0,57.31,12.45,21.36,34.17,16.61,27.23
2005,201,0.54,0.52,0.41,95.83,2.06,58.12,0.0,54.44,10.68,18.98,34.21,14.13,27.51
2005,202,0.53,0.52,0.41,95.39,1.6,159.31,0.0,41.81,8.42,19.23,35.95,10.32,27.88
2005,203,0.53,0.52,0.4,94.86,1.75,240.38,0.0,41.62,9.22,20.68,37.3,11.74,28.34
2005,204,0.53,0.52,0.39,94.81,1.77,244.12,0.0,47.12,9.95,19.15,34.0,12.89,28.2
2005,205,0.53,0.52,0.38,94.72,1.99,223.0,0.0,35.0,8.85,20.37,39.04,10.95,26.61
2005,206,0.52,0.52,0.38,94.69,1.77,212.94,0.0,42.06,10.5,22.55,39.05,13.42,22.94
2005,207,0.52,0.52,0.38,94.82,1.77,193.44,0.03,56.94,13.0,20.96,36.08,17.12,23.17
2005,208,0.52,0.51,0.37,94.78,1.5,191.88,0.01,49.38,12.7,22.55,39.9,16.64,23.19
2005,209,0.52,0.51,0.36,94.88,1.37,212.94,0.01,46.38,12.39,23.9,40.92,16.06,23.06
2005,210,0.52,0.51,0.36,94.99,1.87,240.81,0.22,50.88,12.27,21.98,38.06,15.91,23.12
2005,211,0.52,0.51,0.36,95.06,1.8,194.75,0.06,59.69,12.88,20.67,35.44,17.09,26.8
2005,212,0.52,0.5,0.36,94.86,1.96,75.19,0.01,58.25,12.94,20.07,38.8,16.94,25.48
2005,213,0.52,0.5,0.35,94.76,2.59,227.06,1.59,50.44,11.84,22.35,39.05,15.11,20.88
2005,214,0.52,0.51,0.41,95.03,2.58,124.0,1.5,68.88,13.98,20.76,31.05,18.3,15.14
2005,215,0.52,0.51,0.42,95.59,2.8,143.0,0.97,66.19,11.23,16.44,28.03,14.88,23.55
2005,216,0.52,0.51,0.41,95.66,2.16,287.31,0.0,59.62,9.34,15.33,29.03,12.12,27.39
2005,217,0.52,0.5,0.41,95.6,2.5,320.31,0.0,60.38,9.28,15.29,29.58,11.82,28.38
2005,218,0.51,0.5,0.4,95.36,2.32,218.62,0.0,59.62,9.89,15.46,30.31,12.94,26.98
2005,219,0.51,0.5,0.38,94.98,1.95,210.0,0.0,46.0,8.61,16.98,34.8,10.69,27.15
2005,220,0.51,0.5,0.38,94.92,1.58,90.19,0.0,41.69,8.24,18.21,35.13,9.69,27.15
2005,221,0.51,0.5,0.36,94.84,2.41,238.69,0.0,30.56,7.75,20.74,40.21,9.05,22.27
2005,222,0.5,0.49,0.34,94.82,3.1,224.38,0.0,23.12,7.02,26.0,41.4,7.65,20.07
2005,223,0.5,0.49,0.34,94.78,3.55,271.12,0.0,38.75,8.97,20.84,37.86,10.58,24.29
2005,224,0.5,0.49,0.34,95.16,2.66,140.44,0.0,63.75,11.9,19.26,30.07,15.77,23.0
2005,225,0.5,0.49,0.34,95.37,2.25,70.0,0.0,54.88,10.38,18.05,33.22,13.81,22.32
2005,226,0.5,0.49,0.34,95.36,1.94,154.0,0.51,49.94,10.44,19.69,35.98,13.83,22.99
2005,227,0.5,0.48,0.34,95.2,2.2,53.0,0.01,57.06,11.41,19.51,33.23,15.21,23.85
2005,228,0.5,0.48,0.34,94.96,1.99,93.25,0.03,51.38,10.19,17.76,36.32,13.29,23.67
2005,229,0.49,0.48,0.32,94.78,2.34,216.06,0.38,34.56,8.85,22.55,41.11,10.92,22.57
2005,230,0.51,0.51,0.54,94.9,2.38,145.88,15.39,53.44,12.45,23.3,33.28,16.38,20.98
2005,231,0.51,0.51,0.48,95.27,1.76,119.69,0.25,61.44,12.94,21.19,32.75,17.14,24.48
2005,232,0.51,0.51,0.52,95.26,1.31,131.06,5.02,80.56,14.28,19.97,26.88,18.81,9.76
2005,233,0.52,0.52,0.55,95.15,2.62,239.88,7.5,78.69,12.39,17.01,25.5,16.53,15.37
2005,234,0.52,0.52,0.51,95.33,2.19,302.75,0.09,66.5,9.7,15.86,25.47,12.69,24.55
2005,235,0.52,0.52,0.49,95.31,1.98,221.12,0.0,65.0,9.64,15.02,27.44,12.65,25.56
2005,236,0.52,0.51,0.48,95.12,1.98,188.0,0.0,60.88,9.22,13.83,31.17,11.68,25.95
2005,237,0.51,0.51,0.48,95.13,2.09,224.44,0.0,53.5,8.85,15.42,30.99,11.15,24.58
2005,238,0.51,0.5,0.47,95.23,1.59,200.31,0.0,43.62,8.36,17.77,35.08,10.32,25.31
2005,239,0.51,0.5,0.45,95.14,2.25,268.44,0.0,49.31,10.5,19.52,35.62,13.74,24.57
2005,240,0.5,0.5,0.47,95.19,2.51,219.62,1.81,68.5,12.45,19.08,29.72,16.58,21.94
2005,241,0.5,0.5,0.48,95.36,1.98,127.25,0.83,71.31,11.66,17.68,27.37,15.6,20.4
2005,242,0.5,0.5,0.48,95.48,2.12,209.56,1.33,71.31,11.11,16.83,27.03,14.82,20.73
2005,243,0.5,0.5,0.48,95.26,1.65,146.5,1.35,70.25,11.35,17.05,27.36,15.2,19.85
2005,244,0.5,0.5,0.46,95.19,1.98,127.44,0.0,59.62,10.19,15.67,32.08,13.4,23.46
2005,245,0.5,0.49,0.43,95.45,2.02,157.12,0.0,50.94,9.58,17.29,34.34,12.6,23.5
2005,246,0.5,0.49,0.41,95.6,1.94,149.62,0.0,44.19,8.85,18.33,35.52,11.31,23.54
2005,247,0.49,0.49,0.41,95.55,1.69,206.0,1.07,52.75,11.11,20.19,33.19,14.72,20.89
2005,248,0.49,0.49,0.43,95.15,1.56,220.25,1.77,55.69,11.35,20.71,32.65,15.03,20.64
2005,249,0.49,0.49,0.41,94.71,3.3,262.56,0.19,46.38,9.58,21.04,33.98,12.22,20.44
2005,250,0.49,0.48,0.4,94.86,2.76,208.75,0.3,51.38,10.25,19.14,33.33,13.4,16.0
2005,251,0.49,0.48,0.41,94.99,1.12,176.94,1.41,60.31,11.66,19.24,30.21,15.36,9.84
2005,252,0.49,0.48,0.44,95.14,2.16,248.0,0.39,65.75,11.9,19.01,30.0,15.84,21.09
2005,253,0.49,0.48,0.41,95.09,1.83,181.69,0.0,59.56,10.19,16.2,30.99,13.36,23.06
2005,254,0.49,0.48,0.4,94.98,1.89,216.5,0.43,60.81,10.5,17.05,31.98,13.74,21.55
2005,255,0.49,0.49,0.48,95.09,1.35,125.94,6.51,76.06,12.02,18.51,25.21,16.03,4.01
2005,256,0.51,0.51,0.58,95.38,2.19,45.94,12.02,81.5,12.7,17.59,25.07,16.93,16.35
2005,257,0.51,0.52,0.52,95.82,2.09,141.56,1.25,76.31,11.6,16.17,26.17,15.54,15.18
2005,258,0.51,0.51,0.49,95.7,1.3,120.94,0.01,64.06,9.16,13.99,29.3,11.75,22.67
2005,259,0.51,0.51,0.48,94.96,2.02,238.44,0.01,55.69,9.89,16.9,30.87,12.84,21.38
2005,260,0.51,0.51,0.54,94.58,2.76,248.75,8.96,72.69,11.66,17.05,26.32,15.41,14.34
2005,261,0.52,0.52,0.52,94.94,2.66,272.94,2.94,72.62,10.62,14.8,28.12,13.94,19.45
2005,262,0.52,0.52,0.51,95.52,2.26,277.69,1.04,71.31,9.64,14.42,24.99,12.71,19.03
2005,263,0.52,0.52,0.49,95.53,2.09,229.0,0.03,71.0,9.28,13.83,24.51,12.12,18.21
2005,264,0.51,0.51,0.48,95.29,1.65,160.25,0.0,68.56,8.67,12.66,26.62,10.9,21.42
2005,265,0.51,0.51,0.48,95.3,1.79,150.31,0.0,68.25,9.03,12.62,28.7,11.67,21.37
2005,266,0.51,0.51,0.48,95.25,1.4,79.19,0.01,68.25,9.34,13.54,26.25,12.2,17.56
2005,267,0.51,0.5,0.48,95.23,1.41,141.81,0.08,74.62,10.01,14.83,25.53,13.22,14.1
2005,268,0.51,0.5,0.5,95.09,1.39,190.62,2.2,73.38,9.83,13.71,26.14,12.76,19.26
2005,269,0.51,0.51,0.52,95.31,1.28,179.75,3.93,74.06,10.62,14.95,27.42,14.08,17.24
2005,270,0.51,0.51,0.52,95.63,0.74,162.81,2.28,67.25,10.19,14.69,27.44,13.44,17.02
2005,271,0.51,0.51,0.49,95.72,1.14,168.5,0.2,66.5,10.01,15.23,26.89,13.15,12.36
2005,272,0.51,0.51,0.49,95.72,1.36,91.44,0.5,77.25,11.29,16.47,24.62,15.12,12.0
2005,273,0.51,0.51,0.51,95.61,2.38,339.75,2.71,80.12,10.68,15.01,22.76,14.29,11.55
2005,274,0.51,0.51,0.5,95.46,1.82,317.81,0.12,76.75,9.7,13.36,22.96,12.78,11.49
2005,275,0.51,0.51,0.49,95.27,2.02,198.0,1.45,75.75,10.31,13.26,25.75,13.6,17.4
2005,276,0.52,0.52,0.56,95.38,2.25,34.31,7.81,86.19,10.01,12.94,18.69,13.27,8.22
2005,277,0.52,0.52,0.52,95.47,1.64,42.31,0.67,76.75,8.48,11.86,21.48,10.82,14.21
2005,278,0.52,0.52,0.5,95.4,1.73,174.88,0.15,72.88,8.18,10.18,23.78,10.25,17.35
2005,279,0.52,0.52,0.5,95.27,1.62,104.44,0.81,74.81,8.67,12.11,23.14,11.01,16.38
2005,280,0.52,0.52,0.5,95.34,1.52,161.56,0.89,77.31,8.79,11.96,21.4,11.25,17.05
2005,281,0.52,0.52,0.49,95.43,1.89,182.62,0.0,71.0,8.3,10.47,25.99,10.4,18.81
2005,282,0.52,0.51,0.49,95.6,1.97,84.5,0.0,75.0,8.3,11.05,24.02,10.4,18.22
2005,283,0.51,0.51,0.48,95.45,1.49,110.75,0.02,67.19,8.0,9.81,26.44,9.69,17.69
2005,284,0.51,0.51,0.5,95.22,2.05,229.25,1.14,70.06,9.52,13.91,24.81,12.44,11.73
2005,285,0.51,0.51,0.52,95.19,1.55,258.19,2.61,72.94,10.19,14.68,24.47,13.47,12.8
2005,286,0.51,0.51,0.5,95.21,1.67,215.44,0.88,72.56,10.01,13.39,25.99,13.17,13.7
2005,287,0.52,0.52,0.55,95.33,1.2,143.88,7.49,73.31,10.68,14.15,26.71,14.18,13.2
2005,288,0.52,0.52,0.52,95.5,1.62,169.75,0.67,67.38,10.13,13.85,28.53,13.41,13.3
2005,289,0.52,0.52,0.5,95.48,1.38,219.0,0.02,64.31,10.5,16.76,29.49,13.97,15.75
2005,290,0.52,0.52,0.49,95.23,1.51,215.44,0.0,60.81,9.7,15.14,29.55,12.74,13.98
2005,291,0.52,0.52,0.48,95.11,2.7,212.75,0.0,55.38,9.7,18.61,30.72,12.69,14.78
2005,292,0.51,0.51,0.48,95.35,1.84,225.31,0.06,61.69,9.4,16.76,28.37,12.16,5.27
2005,293,0.51,0.51,0.49,95.1,1.45,253.5,0.7,69.38,10.13,16.14,28.25,13.08,11.77
2005,294,0.51,0.51,0.51,95.0,1.23,303.94,2.11,81.06,11.05,15.29,23.87,14.73,12.62
2005,295,0.51,0.51,0.49,95.11,1.7,217.12,0.0,71.88,9.09,13.19,25.2,11.58,16.12
2005,296,0.51,0.51,0.5,95.34,2.1,199.31,1.77,65.75,8.85,13.3,24.64,11.0,10.69
2005,297,0.52,0.52,0.55,95.63,0.78,207.44,6.36,86.12,10.62,14.01,21.56,14.21,9.88
2005,298,0.52,0.52,0.52,95.63,1.3,150.19,0.95,79.06,9.34,12.48,22.68,12.23,14.53
2005,299,0.52,0.52,0.5,95.6,1.1,148.81,0.0,67.69,8.36,10.81,25.9,10.4,15.16
2005,300,0.52,0.52,0.49,95.6,1.9,219.69,0.0,64.31,7.93,11.26,25.62,9.78,14.82
2005,301,0.52,0.52,0.49,95.53,2.26,226.0,0.0,63.75,8.24,12.48,26.24,10.3,14.94
2005,302,0.52,0.51,0.49,95.49,2.38,232.19,0.0,61.5,7.93,12.46,25.96,9.79,14.55
2005,303,0.51,0.51,0.48,95.39,2.09,236.38,0.0,56.0,7.87,13.37,28.8,9.58,14.4
2005,304,0.51,0.51,0.48,95.3,2.88,263.5,0.01,62.69,8.67,14.37,27.19,10.68,12.31
2005,305,0.51,0.51,0.52,95.78,1.27,266.69,3.63,84.94,10.74,14.44,21.93,14.42,9.92
2005,306,0.51,0.51,0.5,95.72,1.73,233.12,0.02,70.25,9.34,12.96,26.41,12.21,14.29
2005,307,0.51,0.51,0.49,95.52,2.27,220.19,0.0,63.56,8.61,13.72,26.94,10.9,13.25
2005,308,0.51,0.51,0.48,95.39,2.0,265.44,0.02,63.88,8.42,14.6,26.21,10.39,13.59
2005,309,0.51,0.51,0.5,95.66,1.92,294.75,1.59,85.94,9.95,13.48,20.2,13.23,7.58
2005,310,0.51,0.51,0.52,95.93,1.66,212.38,2.18,84.31,8.67,12.35,17.55,11.22,11.47
2005,311,0.51,0.51,0.5,96.03,1.18,88.0,0.06,78.0,7.75,9.26,20.42,9.49,13.64
2005,312,0.51,0.51,0.49,95.89,1.55,217.25,0.0,65.44,6.35,7.86,23.29,6.35,13.99
2005,313,0.51,0.51,0.49,95.68,2.7,278.0,1.7,73.38,7.93,10.23,22.33,9.66,12.52
2005,314,0.52,0.52,0.6,95.85,1.8,106.31,13.13,89.94,8.36,11.02,13.79,10.59,5.06
2005,315,0.52,0.53,0.55,95.95,1.54,138.94,2.39,79.19,7.75,10.44,21.39,9.46,12.8
2005,316,0.52,0.53,0.52,95.32,1.9,209.81,1.01,71.12,6.96,9.34,20.37,7.68,11.68
2005,317,0.52,0.53,0.52,94.6,2.14,204.12,0.1,70.19,6.59,8.46,21.15,6.85,12.03
2005,318,0.52,0.52,0.51,94.66,3.32,181.31,0.0,53.38,5.07,7.46,24.27,3.15,12.53
2005,319,0.52,0.52,0.51,94.65,1.23,281.62,0.0,68.12,6.71,9.77,22.27,6.83,10.78
2005,320,0.52,0.52,0.52,94.45,2.11,267.62,2.73,74.12,6.71,8.34,18.62,7.03,12.47
2005,321,0.52,0.52,0.52,94.77,3.59,288.88,0.96,82.19,7.39,8.05,16.19,8.51,8.05
2005,322,0.52,0.52,0.52,94.97,1.66,255.25,0.27,82.06,7.08,6.63,16.93,8.01,5.43
2005,323,0.52,0.52,0.52,95.34,1.59,296.19,0.58,84.25,7.51,7.72,16.48,8.83,7.86
2005,324,0.52,0.52,0.51,95.71,1.12,170.19,0.02,74.56,6.59,7.91,19.13,6.98,11.25
2005,325,0.52,0.52,0.51,95.44,2.47,236.25,0.0,65.25,6.1,8.73,19.97,5.86,10.73
2005,326,0.52,0.52,0.52,94.9,2.74,296.44,2.32,79.19,6.77,8.55,15.69,7.39,6.68
2005,327,0.53,0.53,0.55,94.87,2.25,330.19,4.02,81.12,5.74,5.57,11.38,4.94,6.95
2005,328,0.53,0.54,0.57,94.87,3.41,314.94,7.78,83.62,5.49,5.58,9.65,4.33,8.14
2005,329,0.54,0.55,0.55,94.49,2.95,247.44,0.52,72.12,4.7,3.92,13.28,1.91,11.54
2005,330,0.54,0.54,0.52,93.76,4.98,228.75,0.47,65.44,4.52,3.76,14.29,1.38,10.22
2005,331,0.54,0.54,0.54,94.18,3.2,254.38,1.43,80.94,4.58,1.4,9.37,1.68,6.74
2005,332,0.54,0.54,0.52,94.68,2.5,235.31,0.02,73.06,4.03,0.19,12.52,-0.17,11.65
2005,333,0.54,0.54,0.53,94.43,2.91,207.56,1.31,66.31,4.46,3.25,14.43,1.12,3.35
2005,334,0.54,0.55,0.59,94.36,1.61,226.56,10.91,91.88,5.98,5.12,8.1,5.39,3.85
2005,335,0.55,0.57,0.62,94.79,1.52,156.0,6.53,86.12,5.62,3.86,9.63,4.7,5.9
2005,336,0.55,0.56,0.56,94.98,4.06,215.25,0.0,69.5,4.33,1.11,15.06,0.92,10.52
2005,337,0.55,0.56,0.55,95.19,3.96,246.25,0.15,70.31,5.92,5.26,18.13,4.8,9.27
2005,338,0.55,0.55,0.55,95.33,2.38,233.62,0.0,81.38,6.65,6.2,17.64,7.12,10.41
2005,339,0.55,0.55,0.55,94.78,3.02,241.0,0.02,77.44,6.35,6.37,15.26,6.37,9.01
2005,340,0.55,0.55,0.55,94.8,2.01,290.62,0.04,84.69,6.65,6.41,15.09,6.98,8.93
2005,341,0.55,0.55,0.55,95.44,1.48,232.81,0.58,85.12,6.35,7.11,11.62,6.52,7.43
2005,342,0.55,0.55,0.55,95.68,1.5,235.19,0.18,74.81,5.43,6.26,14.96,4.21,10.23
2005,343,0.56,0.57,0.63,95.32,3.2,311.06,17.03,86.06,5.8,5.83,10.26,5.12,7.02
2005,344,0.58,0.59,0.66,95.11,2.14,175.62,12.62,88.88,5.74,5.37,9.76,4.92,7.43
2005,345,0.59,0.62,0.7,95.24,2.73,248.5,13.4,91.12,5.92,4.8,8.53,5.49,4.95
2005,346,0.6,0.62,0.64,95.2,1.12,271.81,0.87,81.0,4.82,3.92,9.94,2.55,9.53
2005,347,0.6,0.62,0.66,94.93,3.48,332.0,9.41,91.62,5.98,4.03,8.37,5.48,3.19
2005,348,0.63,0.66,0.81,94.71,5.76,327.12,36.08,94.19,6.65,7.15,8.73,7.07,2.38
2005,349,0.65,0.67,0.73,95.23,1.92,322.12,2.98,89.19,5.8,5.61,8.8,5.13,1.93
2005,350,0.65,0.66,0.71,95.36,1.48,297.12,0.29,86.0,5.31,1.82,11.0,3.86,7.8
2005,351,0.65,0.66,0.7,94.95,2.72,280.62,0.46,86.88,5.43,1.14,12.3,3.89,10.73
2005,352,0.65,0.66,0.7,95.32,2.6,335.56,2.29,85.5,5.49,3.9,8.96,4.35,3.11
2005,353,0.65,0.66,0.7,95.79,1.13,225.62,0.13,80.88,4.64,2.87,10.65,2.08,8.19
2005,354,0.65,0.66,0.69,95.74,1.27,256.81,0.19,85.56,5.13,1.26,11.23,3.47,7.55
2005,355,0.65,0.66,0.69,95.93,1.25,182.44,0.14,84.25,5.13,2.76,10.44,3.5,8.71
2005,356,0.65,0.65,0.69,96.21,1.27,158.25,0.0,77.62,4.27,0.51,12.05,0.94,9.61
2005,357,0.65,0.65,0.69,95.98,1.33,254.06,0.0,73.81,4.09,0.01,12.91,0.19,11.37
2005,358,0.64,0.65,0.69,95.64,1.62,230.0,0.0,73.44,4.09,-0.36,13.9,0.28,11.15
2005,359,0.64,0.65,0.68,95.28,2.48,239.31,0.0,83.0,5.31,1.58,14.44,3.8,10.45
2005,360,0.64,0.65,0.68,94.74,2.91,238.56,0.93,78.0,5.74,4.94,14.73,4.92,8.67
2005,361,0.64,0.65,0.68,94.31,4.05,244.0,0.28,80.88,6.16,5.58,14.63,5.93,5.09
2005,362,0.64,0.65,0.7,94.6,2.72,219.44,4.16,88.94,6.23,5.22,11.8,6.06,6.02
2005,363,0.65,0.66,0.74,95.01,2.25,316.62,9.83,91.75,5.31,2.33,7.33,3.81,4.6
2005,364,0.66,0.66,0.7,95.61,1.73,254.75,0.11,82.56,4.82,0.45,11.19,2.52,8.6
2005,365,0.65,0.66,0.7,95.55,2.8,226.62,0.01,74.25,5.25,4.52,15.15,3.68,9.52
2006,1,0.65,0.66,0.7,95.09,3.81,257.5,2.67,80.19,5.55,4.33,13.64,4.49,6.92
2006,2,0.66,0.66,0.7,95.15,3.16,283.75,3.61,79.81,5.0,2.67,10.87,2.94,7.64
2006,3,0.66,0.67,0.74,95.17,4.61,313.81,10.3,86.56,5.25,4.57,8.28,3.77,5.95
2006,4,0.67,0.69,0.77,95.0,3.57,312.69,12.26,92.56,5.43,4.37,6.87,4.21,4.22
2006,5,0.68,0.7,0.75,94.93,2.31,281.56,4.13,89.94,4.88,0.06,7.26,2.62,5.09
2006,6,0.68,0.7,0.73,94.96,2.75,208.06,0.0,72.94,3.66,-1.01,11.95,-1.42,11.41
2006,7,0.68,0.69,0.72,94.89,2.67,207.81,0.0,67.81,3.78,0.44,12.93,-0.91,10.16
2006,8,0.68,0.69,0.75,94.7,1.7,251.06,9.96,82.62,4.7,0.62,10.83,1.73,2.41
2006,9,0.69,0.71,0.77,95.31,1.77,122.81,6.53,93.06,5.92,3.86,9.71,5.42,2.6
2006,10,0.7,0.7,0.74,95.81,1.39,111.44,0.2,87.44,5.25,2.25,11.55,3.83,9.77
2006,11,0.7,0.7,0.74,95.97,1.64,314.5,2.28,89.75,5.0,1.73,8.62,3.13,4.85
2006,12,0.7,0.7,0.74,96.07,1.27,222.81,1.02,81.88,4.7,2.9,9.66,2.39,6.87
2006,13,0.7,0.7,0.73,95.89,1.19,188.25,0.11,77.25,4.27,0.67,10.55,1.05,8.98
2006,14,0.7,0.7,0.73,95.8,1.2,215.12,0.09,81.62,4.39,0.09,9.47,1.23,10.42
2006,15,0.69,0.7,0.73,95.6,1.06,210.25,0.1,78.44,4.33,1.38,9.73,1.11,10.13
2006,16,0.69,0.7,0.73,95.4,2.12,206.5,0.0,72.25,3.91,-1.04,12.06,-0.45,11.83
2006,17,0.69,0.7,0.73,95.4,2.14,240.5,0.0,69.56,4.21,1.21,13.73,0.58,10.63
2006,18,0.69,0.7,0.73,95.31,1.36,284.25,0.0,77.38,4.76,0.98,14.05,2.15,12.2
2006,19,0.69,0.7,0.73,94.99,1.8,119.75,2.73,92.56,6.04,4.07,10.66,5.65,6.33
2006,20,0.7,0.7,0.77,95.29,1.52,120.81,9.68,93.25,5.68,2.52,9.69,4.76,6.41
2006,21,0.7,0.71,0.77,95.41,2.03,224.44,5.49,94.94,7.08,6.54,11.57,8.02,5.83
2006,22,0.7,0.72,0.76,95.45,3.62,323.5,2.84,89.69,6.16,6.11,10.76,6.11,5.52
2006,23,0.7,0.72,0.75,95.6,3.3,297.56,0.56,78.38,4.82,4.11,9.62,2.52,9.23
2006,24,0.7,0.71,0.75,95.73,3.08,261.5,1.27,82.12,4.39,1.68,6.62,1.3,5.19
2006,25,0.7,0.71,0.74,95.41,1.13,147.44,0.04,73.31,3.66,0.43,8.98,-1.31,10.68
2006,26,0.7,0.71,0.74,94.67,3.08,217.56,0.82,74.81,3.78,0.13,10.15,-0.85,9.46
2006,27,0.7,0.71,0.75,94.6,3.28,211.88,1.65,77.69,4.7,0.51,12.98,1.97,11.76
2006,28,0.7,0.71,0.73,94.49,4.84,184.19,0.19,67.44,4.94,3.48,15.92,2.74,8.3
2006,29,0.7,0.71,0.76,94.56,2.52,229.62,12.13,79.62,5.86,5.81,14.67,5.09,5.8
2006,30,0.73,0.75,0.82,94.04,2.3,278.69,18.08,92.69,5.37,1.67,6.9,3.89,3.61
2006,31,0.73,0.74,0.78,94.23,1.84,184.81,3.38,87.12,5.68,1.48,11.78,4.48,4.12
2006,32,0.73,0.75,0.78,95.18,1.7,157.5,2.84,90.44,6.77,7.14,13.44,7.41,9.75
2006,33,0.73,0.74,0.77,95.24,1.25,229.88,0.48,84.94,6.23,4.65,15.23,6.06,11.25
2006,34,0.73,0.74,0.77,94.76,2.37,215.38,0.0,76.06,5.55,4.09,15.69,4.41,10.27
2006,35,0.73,0.74,0.8,94.58,1.59,252.62,14.35,87.62,6.16,4.39,12.48,5.9,6.5
2006,36,0.75,0.77,0.81,94.99,2.91,326.19,9.41,94.44,6.47,5.87,9.58,6.67,5.34
2006,37,0.75,0.77,0.8,95.47,3.26,323.81,2.96,89.06,5.43,4.4,8.54,4.26,4.86
2006,38,0.75,0.77,0.8,95.7,2.3,324.5,2.46,91.31,5.55,4.1,8.98,4.67,5.67
2006,39,0.75,0.77,0.79,95.18,1.55,244.94,0.04,74.62,4.76,2.99,14.27,2.3,14.09
2006,40,0.75,0.76,0.78,94.99,2.01,265.69,0.0,72.69,4.58,0.92,15.01,1.55,15.57
2006,41,0.75,0.76,0.78,94.99,1.55,209.06,0.0,78.44,5.31,2.39,13.83,3.37,11.93
2006,42,0.75,0.76,0.78,95.2,1.31,91.81,0.01,86.31,5.8,4.74,11.91,5.17,9.19
2006,43,0.75,0.76,0.78,95.44,1.78,335.0,0.19,85.38,5.49,4.78,10.62,4.48,8.27
2006,44,0.75,0.76,0.78,95.54,2.13,324.69,0.59,86.81,5.13,3.59,8.06,3.49,7.65
2006,45,0.74,0.76,0.78,95.67,1.47,205.69,0.16,84.0,5.13,2.44,12.33,3.39,12.99
2006,46,0.74,0.75,0.77,95.49,1.88,218.62,0.0,75.56,4.88,0.26,15.46,2.73,16.16
2006,47,0.74,0.75,0.77,94.9,3.26,233.94,0.0,65.31,4.82,3.41,17.73,2.34,15.89
2006,48,0.74,0.75,0.77,94.89,2.33,242.69,0.34,82.75,6.16,3.42,15.21,5.81,14.38
2006,49,0.73,0.74,0.77,94.98,1.8,269.0,0.01,82.25,6.04,4.87,15.31,5.57,14.3
2006,50,0.73,0.74,0.77,94.79,2.24,227.56,1.08,72.25,5.25,3.5,16.98,3.59,17.22
2006,51,0.73,0.74,0.77,94.67,2.49,240.38,0.04,74.88,4.52,0.62,13.48,1.39,15.76
2006,52,0.73,0.74,0.77,94.61,3.17,234.62,0.28,74.38,4.52,1.85,11.5,1.5,13.14
2006,53,0.73,0.74,0.77,94.43,1.86,101.69,2.63,77.06,4.88,1.09,12.8,2.39,5.03
2006,54,0.76,0.78,0.88,93.98,4.29,314.25,42.34,95.5,5.98,5.13,6.95,5.44,3.57
2006,55,0.77,0.8,0.82,94.2,2.92,279.5,2.77,84.38,5.25,1.56,10.5,3.54,10.67
2006,56,0.77,0.79,0.8,94.6,3.35,268.75,0.6,79.62,4.33,0.44,8.77,0.84,10.05
2006,57,0.77,0.79,0.8,94.24,4.27,200.31,0.97,73.38,4.33,-0.16,12.32,0.76,6.46
2006,58,0.77,0.78,0.8,93.91,3.9,255.38,2.25,84.62,4.88,0.5,7.95,2.34,10.61
2006,59,0.77,0.78,0.8,94.69,1.86,261.0,0.74,73.19,4.82,4.08,13.32,2.34,15.32
2006,60,0.77,0.78,0.8,94.41,2.6,215.25,0.88,68.12,5.37,4.5,16.42,3.7,8.12
2006,61,0.77,0.79,0.81,94.91,2.88,282.0,5.78,83.94,5.68,1.78,11.26,4.74,12.09
2006,62,0.77,0.78,0.8,95.21,2.24,241.44,0.02,71.25,4.82,0.76,16.32,2.41,18.08
2006,63,0.77,0.78,0.8,94.89,2.8,231.38,0.01,69.44,5.13,2.22,18.23,3.34,19.36
2006,64,0.77,0.77,0.79,94.05,6.0,244.69,3.19,67.12,5.25,3.99,16.54,3.4,12.42
2006,65,0.77,0.78,0.81,94.95,5.29,318.75,5.25,81.75,4.58,3.0,7.68,1.75,8.67
2006,66,0.77,0.78,0.8,95.55,4.88,323.69,1.73,82.0,4.82,3.66,8.26,2.65,8.35
2006,67,0.77,0.77,0.8,95.56,2.98,283.0,0.06,86.31,6.59,2.79,15.26,6.93,8.11
2006,68,0.77,0.77,0.79,95.28,2.15,262.0,0.0,71.5,6.1,4.45,20.44,5.83,20.27
2006,69,0.77,0.77,0.8,95.28,3.1,296.94,2.19,85.25,6.59,4.29,12.76,6.87,8.56
2006,70,0.77,0.77,0.8,94.86,5.34,294.56,3.7,80.88,5.37,3.06,13.98,3.86,8.98
2006,71,0.77,0.77,0.79,95.01,4.98,324.19,0.44,83.19,6.1,4.81,12.15,5.84,10.6
2006,72,0.76,0.77,0.79,94.99,4.07,322.69,0.05,76.0,4.76,3.33,10.34,2.24,16.59
2006,73,0.76,0.77,0.79,95.15,1.73,247.75,0.01,70.62,4.39,1.36,14.46,1.2,20.5
2006,74,0.76,0.77,0.78,94.93,1.63,212.06,0.0,63.56,4.76,0.88,19.22,2.04,21.56
2006,75,0.75,0.76,0.77,94.79,2.08,219.75,0.0,68.25,5.86,5.33,21.12,5.12,21.07
2006,76,0.75,0.75,0.77,94.63,1.36,202.69,0.0,68.5,6.47,6.13,22.2,6.54,21.36
2006,77,0.74,0.75,0.77,94.0,3.05,214.25,0.23,61.38,6.47,9.83,20.36,6.37,9.75
2006,78,0.74,0.75,0.77,94.4,1.87,283.19,0.17,80.31,7.45,7.44,19.81,8.66,21.06
2006,79,0.74,0.74,0.77,94.47,1.78,189.69,0.13,69.94,7.51,7.52,24.06,8.73,20.76
2006,80,0.74,0.75,0.81,94.16,2.56,272.81,19.11,73.44,7.39,9.15,22.03,8.39,19.44
2006,81,0.75,0.77,0.79,94.48,3.88,286.75,0.56,79.94,6.53,6.87,14.76,6.69,14.71
2006,82,0.75,0.76,0.78,94.94,2.95,269.0,0.0,72.31,6.04,5.48,16.67,5.58,21.42
2006,83,0.74,0.75,0.77,94.94,2.94,268.25,0.0,68.81,6.96,7.96,22.0,7.63,19.88
2006,84,0.74,0.74,0.77,95.43,2.62,288.69,0.0,79.62,7.63,8.14,19.17,9.17,21.01
2006,85,0.73,0.74,0.77,95.62,1.2,146.88,0.0,67.25,7.02,7.09,24.62,7.84,22.93
2006,86,0.73,0.73,0.75,95.35,3.0,225.19,0.0,58.56,7.45,10.87,26.44,8.73,23.42
2006,87,0.73,0.73,0.75,95.25,3.17,271.38,0.08,69.19,7.63,10.53,22.16,8.98,18.52
2006,88,0.72,0.73,0.75,95.38,1.89,202.81,0.0,75.38,7.39,7.18,22.1,8.76,21.18
2006,89,0.72,0.72,0.75,95.63,1.44,215.38,0.0,64.69,6.1,7.37,22.26,5.79,21.7
2006,90,0.71,0.72,0.74,95.46,1.75,212.88,0.0,57.75,6.96,9.34,24.92,7.72,23.19
2006,91,0.71,0.71,0.73,95.21,2.16,256.88,0.0,58.56,8.0,10.97,27.65,9.65,24.0
2006,92,0.7,0.7,0.73,95.4,2.03,288.75,0.0,65.69,7.75,11.49,22.89,9.33,21.65
2006,93,0.7,0.7,0.73,95.49,1.49,130.38,0.0,70.38,7.63,10.75,22.21,9.06,21.96
2006,94,0.7,0.7,0.72,94.87,1.41,178.38,0.0,61.31,7.93,11.64,26.41,9.62,22.03
2006,95,0.7,0.69,0.72,94.32,2.55,265.12,0.0,61.94,8.3,12.9,25.19,10.1,12.06
2006,96,0.69,0.69,0.72,94.51,2.03,302.5,0.13,71.75,7.26,9.65,19.8,8.2,19.52
2006,97,0.69,0.69,0.71,94.99,1.91,245.56,0.0,73.5,7.2,8.05,20.7,8.23,22.77
2006,98,0.68,0.68,0.7,94.98,1.52,207.0,0.0,68.12,7.63,7.94,24.3,9.08,25.05
2006,99,0.67,0.67,0.69,94.65,4.19,208.69,0.0,48.5,7.02,12.54,28.36,7.73,22.75
2006,100,0.67,0.66,0.68,94.7,2.66,224.5,0.04,61.19,8.24,14.48,27.88,9.86,18.33
2006,101,0.66,0.66,0.69,95.15,2.6,140.31,0.16,82.62,8.0,8.02,15.8,9.66,10.63
2006,102,0.66,0.66,0.68,95.12,1.64,187.0,0.0,62.56,5.25,6.62,19.05,3.77,25.73
2006,103,0.66,0.66,0.68,95.32,2.38,325.31,0.0,75.94,6.1,5.55,16.1,5.9,16.12
2006,104,0.66,0.66,0.67,95.32,1.6,214.5,0.0,59.94,5.68,4.16,24.6,4.66,26.08
2006,105,0.66,0.65,0.66,95.32,3.18,215.5,0.0,49.38,6.71,11.09,28.26,7.11,19.42
2006,106,0.65,0.64,0.66,95.11,1.82,236.94,0.81,54.25,7.51,12.66,27.65,8.64,18.23
2006,107,0.65,0.64,0.67,94.55,2.42,301.12,2.34,83.56,8.54,10.48,16.48,10.68,10.07
2006,108,0.65,0.66,0.7,94.7,3.73,316.62,7.14,83.5,7.57,8.14,16.23,8.84,15.32
2006,109,0.65,0.66,0.67,95.0,1.2,203.75,0.03,69.38,6.71,7.58,21.51,7.08,25.36
2006,110,0.65,0.65,0.66,95.0,1.67,174.56,0.49,69.81,7.63,10.73,21.27,9.11,23.48
2006,111,0.64,0.64,0.66,95.09,1.7,201.94,0.0,66.44,7.08,9.37,22.25,7.98,25.22
2006,112,0.64,0.64,0.65,94.9,1.93,169.0,0.02,58.38,7.02,9.74,26.08,7.8,23.43
2006,113,0.63,0.63,0.63,94.37,2.6,141.25,0.0,54.5,7.32,10.88,29.29,8.37,25.02
2006,114,0.63,0.62,0.65,94.23,3.3,184.94,4.8,55.38,7.75,12.23,30.78,9.08,21.53
2006,115,0.64,0.64,0.7,94.43,2.92,117.94,14.12,78.38,9.4,12.44,21.72,12.14,12.13
2006,116,0.65,0.66,0.71,94.67,2.87,156.81,10.17,89.69,9.16,11.78,16.19,11.8,7.64
2006,117,0.66,0.66,0.7,95.04,3.05,325.12,4.56,83.56,8.42,10.33,18.47,10.58,14.91
2006,118,0.66,0.66,0.68,94.76,1.95,306.62,0.72,76.94,7.69,9.36,19.21,9.17,20.03
2006,119,0.66,0.66,0.68,94.72,2.04,271.94,2.33,77.56,7.39,7.82,17.44,8.63,17.26
2006,120,0.65,0.66,0.66,94.7,1.62,204.62,0.0,64.69,6.59,7.57,22.38,6.83,26.49
2006,121,0.65,0.65,0.66,94.68,2.26,212.94,0.01,63.31,8.48,9.3,25.83,10.51,27.53
2006,122,0.64,0.64,0.65,94.72,2.31,184.19,0.22,62.56,9.03,14.56,26.43,11.52,23.37
2006,123,0.64,0.64,0.68,94.14,2.69,156.56,11.34,65.19,9.28,12.96,28.69,11.65,16.0
2006,124,0.66,0.66,0.73,94.15,1.95,182.56,15.45,83.38,9.83,13.37,19.92,12.77,12.49
2006,125,0.67,0.69,0.77,94.67,2.26,108.81,17.83,84.0,9.58,11.58,19.73,12.44,13.3
2006,126,0.67,0.69,0.71,95.25,2.25,69.12,1.1,80.19,8.73,10.71,20.16,11.19,18.28
2006,127,0.67,0.68,0.7,95.27,1.09,201.94,0.2,71.38,8.61,9.89,23.21,10.98,22.09
2006,128,0.67,0.67,0.69,95.1,2.12,213.81,0.74,66.56,9.03,12.89,25.05,11.53,25.32
2006,129,0.66,0.67,0.7,95.16,2.11,210.69,3.25,76.62,9.7,12.18,23.93,12.76,16.79
2006,130,0.66,0.66,0.68,94.85,1.55,127.25,0.6,70.88,9.22,11.01,26.11,11.9,23.48
2006,131,0.66,0.66,0.68,94.8,1.65,70.69,1.06,72.5,9.83,13.73,24.4,12.87,22.96
2006,132,0.66,0.66,0.7,95.19,1.25,192.81,5.31,85.0,11.6,14.48,23.16,15.47,21.38
2006,133,0.66,0.66,0.67,95.37,1.45,207.0,0.88,68.0,11.05,14.41,28.73,14.75,27.0
2006,134,0.66,0.66,0.67,95.4,1.66,160.75,1.42,68.56,11.41,16.73,28.08,15.23,26.93
2006,135,0.65,0.65,0.66,95.32,1.51,109.12,1.17,64.75,11.23,16.62,30.6,14.99,26.23
2006,136,0.65,0.64,0.64,95.43,1.66,189.44,0.0,58.88,11.05,16.94,32.67,14.74,27.0
2006,137,0.64,0.63,0.63,95.6,1.63,243.62,0.0,49.38,10.31,19.3,33.27,13.66,27.51
2006,138,0.63,0.62,0.62,95.5,1.52,216.38,0.0,42.62,9.28,18.41,36.15,12.0,27.76
2006,139,0.63,0.62,0.62,95.34,2.17,266.25,0.56,60.31,10.8,17.73,31.65,14.33,22.37
2006,140,0.62,0.62,0.63,95.06,1.37,202.88,1.45,72.62,11.47,16.05,28.91,15.29,24.08
2006,141,0.62,0.62,0.61,94.75,1.75,224.81,0.01,55.19,11.23,17.46,32.69,14.83,27.76
2006,142,0.62,0.61,0.59,94.82,2.91,218.88,0.0,44.44,9.34,19.4,34.51,11.65,20.3
2006,143,0.62,0.6,0.59,94.9,2.57,256.31,0.05,61.56,10.74,17.38,33.02,13.88,17.52
2006,144,0.61,0.6,0.6,95.6,3.53,93.62,0.46,76.06,9.64,13.87,21.99,12.72,15.44
2006,145,0.61,0.6,0.6,95.76,2.45,64.38,0.03,71.25,7.75,12.6,20.1,9.44,14.16
2006,146,0.61,0.6,0.6,95.84,1.85,81.06,0.31,66.62,8.79,12.23,28.05,11.4,22.28
2006,147,0.6,0.59,0.59,95.91,1.51,97.69,0.01,54.31,8.91,15.51,30.76,11.56,25.29
2006,148,0.6,0.59,0.59,95.68,1.09,197.81,0.05,55.5,10.5,19.31,30.62,13.96,22.56
2006,149,0.59,0.59,0.59,94.93,2.08,204.94,1.72,55.5,10.99,18.94,33.05,14.49,23.54
2006,150,0.59,0.59,0.62,94.64,2.42,76.31,6.11,74.19,11.05,13.97,24.24,14.62,21.83
2006,151,0.6,0.59,0.6,94.82,3.12,37.69,2.09,72.06,8.36,11.52,21.24,10.53,16.44
2006,152,0.6,0.59,0.61,95.4,3.31,217.88,1.07,66.25,6.59,9.98,18.81,6.9,25.99
2006,153,0.59,0.59,0.59,95.44,2.83,317.44,0.1,63.44,6.35,7.62,21.82,6.25,30.88
2006,154,0.59,0.59,0.59,95.55,2.95,286.06,0.13,63.19,6.35,9.02,19.55,6.51,27.91
2006,155,0.59,0.59,0.59,95.67,2.19,274.81,0.14,62.94,6.53,8.13,21.18,6.86,27.95
2006,156,0.59,0.59,0.58,95.46,1.82,201.62,0.0,54.5,6.41,7.78,27.27,6.39,30.81
2006,157,0.59,0.58,0.56,95.43,2.25,182.12,0.0,45.94,6.77,12.88,29.86,7.38,29.73
2006,158,0.58,0.57,0.56,95.52,1.92,114.88,0.0,45.81,6.71,13.27,30.18,7.21,30.75
2006,159,0.58,0.57,0.55,95.43,1.86,185.62,0.0,46.5,7.63,13.05,32.76,8.83,29.37
2006,160,0.57,0.56,0.55,95.15,2.34,187.75,0.0,49.0,8.79,17.17,32.9,11.05,24.32
2006,161,0.57,0.56,0.56,95.33,1.61,99.44,0.86,72.81,10.5,14.83,27.6,14.01,21.99
2006,162,0.57,0.56,0.57,95.44,2.33,64.25,1.61,65.56,9.58,13.68,26.94,12.51,28.61
2006,163,0.56,0.55,0.55,95.53,2.62,94.88,0.01,54.0,8.06,12.72,29.44,9.9,26.02
2006,164,0.56,0.55,0.58,95.42,1.43,211.69,4.06,65.06,11.23,16.68,28.28,14.98,21.85
2006,165,0.56,0.56,0.57,95.17,1.54,241.38,2.3,54.69,10.86,17.8,33.55,14.4,25.87
2006,166,0.56,0.55,0.55,95.24,2.2,220.38,0.0,53.19,10.74,19.21,37.46,14.26,18.09
2006,167,0.56,0.55,0.54,95.11,1.53,177.44,0.45,46.38,10.31,19.02,38.08,13.48,22.14
2006,168,0.55,0.55,0.53,94.94,1.27,145.69,0.21,49.12,10.07,18.75,36.83,13.05,26.1
2006,169,0.55,0.55,0.54,95.02,1.58,184.56,2.78,43.75,9.09,19.44,36.75,11.48,15.45
2006,170,0.55,0.54,0.52,95.12,2.78,171.81,0.0,34.38,7.08,17.54,35.61,7.73,23.83
2006,171,0.55,0.54,0.5,95.19,1.8,177.12,0.0,33.44,7.08,18.0,37.1,7.65,29.14
2006,172,0.54,0.53,0.48,95.1,1.48,154.94,0.0,32.12,7.51,20.67,37.96,8.48,24.7
2006,173,0.54,0.52,0.45,95.03,2.7,236.06,0.0,33.38,8.12,21.55,38.23,9.65,26.3
2006,174,0.54,0.52,0.44,95.0,2.61,218.31,0.0,35.12,8.42,21.65,38.18,10.33,21.56
2006,175,0.53,0.52,0.42,94.93,2.26,245.94,0.0,32.44,8.61,23.24,39.42,10.58,22.87
2006,176,0.53,0.52,0.42,95.02,1.47,175.56,0.59,46.19,10.68,22.71,38.05,13.94,24.7
2006,177,0.53,0.52,0.41,95.03,1.8,193.38,0.0,40.56,9.4,21.4,38.92,11.75,25.34
2006,178,0.52,0.52,0.4,95.1,2.11,201.06,0.03,33.5,8.67,22.11,42.12,10.48,24.1
2006,179,0.52,0.51,0.39,95.13,2.16,266.19,0.06,45.5,9.95,19.9,37.76,12.67,23.76
2006,180,0.52,0.51,0.4,95.34,2.24,168.88,0.1,60.75,11.23,18.81,31.12,15.02,26.18
2006,181,0.52,0.51,0.41,95.5,1.98,93.19,1.11,61.62,11.84,18.61,32.63,15.89,28.49
2006,182,0.52,0.51,0.4,95.41,2.05,56.44,0.0,48.38,9.58,18.68,34.53,12.42,29.0
2006,183,0.52,0.51,0.38,95.29,2.02,219.69,0.0,36.69,7.57,17.94,36.1,8.79,29.45
2006,184,0.52,0.51,0.38,95.12,2.02,236.56,0.0,41.62,10.07,21.53,34.15,12.94,24.62
2006,185,0.52,0.5,0.38,95.16,2.19,234.62,0.02,41.88,10.44,22.24,37.86,13.7,25.23
2006,186,0.52,0.5,0.37,95.26,1.81,224.12,0.09,45.69,11.29,23.4,38.51,14.85,23.75
2006,187,0.52,0.5,0.38,95.32,2.06,223.31,1.39,49.44,11.78,22.73,37.98,15.54,17.94
2006,188,0.52,0.5,0.4,95.42,2.55,200.62,0.84,66.81,12.76,19.14,30.66,16.95,25.39
2006,189,0.51,0.5,0.4,95.38,2.4,55.88,0.0,59.81,10.31,17.34,30.29,13.61,29.25
2006,190,0.51,0.5,0.38,95.57,1.86,137.94,0.0,48.0,8.36,16.32,32.16,10.36,28.95
2006,191,0.51,0.5,0.38,95.67,2.11,57.75,0.0,43.19,8.54,19.4,33.54,10.73,26.38
2006,192,0.51,0.5,0.37,95.53,2.09,96.44,0.0,52.56,9.89,18.12,31.87,12.87,27.44
2006,193,0.51,0.49,0.36,95.38,1.86,148.88,0.0,54.38,10.19,17.9,32.66,13.38,27.26
2006,194,0.5,0.49,0.35,95.19,2.05,161.62,0.02,50.69,10.07,18.25,33.86,13.19,26.41
2006,195,0.5,0.49,0.34,95.22,1.72,135.5,0.01,45.94,10.01,20.25,35.4,13.15,25.57
2006,196,0.5,0.49,0.35,95.37,1.82,109.0,0.95,54.06,11.47,21.01,34.67,15.29,21.7
2006,197,0.5,0.49,0.38,95.35,1.78,67.56,1.1,56.81,12.27,21.64,32.43,16.37,18.82
2006,198,0.5,0.49,0.38,95.47,1.73,60.88,0.71,63.12,12.39,20.17,30.77,16.5,24.48
2006,199,0.5,0.49,0.38,95.43,2.12,84.19,0.02,54.25,10.93,19.0,33.73,14.42,26.36
2006,200,0.5,0.49,0.36,95.41,2.12,162.12,0.0,45.88,9.95,19.19,35.39,13.12,27.44
2006,201,0.5,0.49,0.34,95.45,2.22,86.19,0.0,37.56,7.93,19.85,35.57,9.59,28.28
2006,202,0.5,0.48,0.33,95.45,1.97,93.81,0.0,29.19,6.16,19.54,37.54,5.61,29.43
2006,203,0.49,0.48,0.32,95.29,1.97,89.75,0.0,30.44,6.77,20.73,36.83,6.96,29.21
2006,204,0.49,0.48,0.31,95.26,1.86,84.06,0.0,36.44,8.06,19.77,36.63,9.76,28.61
2006,205,0.49,0.48,0.31,95.21,1.72,102.31,0.04,40.31,9.28,20.83,36.03,11.83,26.31
2006,206,0.49,0.48,0.3,95.23,1.91,152.44,0.0,45.62,10.44,21.76,35.54,13.77,26.15
2006,207,0.49,0.48,0.3,95.21,2.04,175.31,0.0,40.38,9.22,21.26,36.95,11.75,27.9
2006,208,0.49,0.48,0.3,95.22,2.06,177.94,0.0,34.44,7.87,20.58,36.83,9.3,28.04
2006,209,0.48,0.48,0.29,94.88,2.16,244.31,0.0,33.44,8.3,20.62,38.62,9.7,25.75
2006,210,0.48,0.48,0.31,94.85,2.39,208.06,1.34,56.88,12.51,21.33,34.76,16.41,27.58
2006,211,0.48,0.48,0.32,95.11,2.02,160.5,0.0,49.81,10.31,20.38,34.58,13.46,28.18
2006,212,0.48,0.48,0.31,95.19,1.91,89.0,0.0,37.69,8.06,19.94,36.34,9.82,27.71
2006,213,0.48,0.48,0.3,95.02,1.92,237.94,0.0,33.0,7.75,21.12,38.33,8.87,27.99
2006,214,0.48,0.48,0.34,94.96,1.91,259.62,3.15,61.38,13.12,19.99,34.01,17.25,27.19
2006,215,0.48,0.48,0.37,94.59,1.86,231.75,0.2,47.19,10.62,21.22,37.24,13.63,27.52
2006,216,0.49,0.48,0.44,94.84,2.87,44.0,4.84,73.31,12.94,18.43,27.17,17.11,16.61
2006,217,0.49,0.48,0.44,95.07,2.11,200.12,0.02,63.0,10.93,17.12,29.69,14.49,26.05
2006,218,0.48,0.48,0.41,95.15,2.31,117.69,0.0,63.75,10.93,16.88,29.98,14.55,27.13
2006,219,0.48,0.48,0.39,95.11,2.18,161.62,0.0,57.94,9.64,17.12,29.76,12.48,27.08
2006,220,0.48,0.48,0.38,94.72,2.17,69.0,1.61,57.25,9.77,15.89,31.63,12.65,20.15
2006,221,0.48,0.48,0.43,94.75,3.09,323.81,2.28,72.25,11.17,17.01,23.63,14.85,18.54
2006,222,0.48,0.48,0.41,95.1,2.42,242.31,0.05,61.0,10.19,16.25,28.69,13.36,22.79
2006,223,0.48,0.48,0.39,94.94,2.31,180.19,0.0,50.06,8.91,15.98,33.7,11.32,26.56
2006,224,0.48,0.48,0.37,94.67,1.92,265.06,0.0,44.75,8.79,17.72,36.81,10.69,26.52
2006,225,0.48,0.48,0.35,94.76,2.44,70.44,0.07,60.19,11.29,18.54,30.53,15.02,22.91
2006,226,0.48,0.48,0.34,94.84,1.84,161.88,0.25,51.44,10.01,16.6,34.79,13.15,24.79
2006,227,0.48,0.48,0.34,94.76,2.41,265.56,0.24,52.38,11.29,20.23,36.05,14.92,21.86
2006,228,0.48,0.48,0.34,94.64,2.09,168.62,0.58,57.0,12.27,20.57,34.9,16.25,25.55
2006,229,0.48,0.48,0.34,94.63,2.09,124.0,0.36,55.75,11.78,19.83,36.94,15.55,24.79
2006,230,0.48,0.47,0.34,94.76,2.15,123.62,0.08,60.69,12.7,18.89,38.88,16.51,23.02
2006,231,0.48,0.47,0.33,95.15,2.58,115.25,0.26,64.56,13.43,20.8,36.76,17.47,19.66
2006,232,0.48,0.47,0.33,95.44,2.05,53.5,0.05,55.31,11.72,20.98,37.44,15.01,21.67
2006,233,0.48,0.47,0.32,95.61,2.7,46.44,0.03,61.56,11.9,19.83,32.5,15.87,21.42
2006,234,0.48,0.47,0.31,95.27,1.48,184.94,0.01,48.31,10.5,19.16,37.41,13.86,24.72
2006,235,0.48,0.47,0.3,94.96,2.15,201.88,0.01,40.44,9.7,21.54,38.42,12.56,22.48
2006,236,0.48,0.47,0.3,94.87,2.61,269.12,0.31,40.62,9.64,22.29,37.61,12.01,18.79
2006,237,0.48,0.47,0.3,94.93,2.69,229.62,0.1,61.94,12.21,20.11,32.39,16.1,22.04
2006,238,0.47,0.47,0.3,94.99,1.89,91.38,0.0,56.06,10.44,18.27,31.7,13.75,22.47
2006,239,0.47,0.46,0.29,95.22,2.37,138.81,0.02,62.12,10.74,17.65,29.38,14.36,22.1
2006,240,0.47,0.46,0.29,95.29,1.98,81.88,0.0,60.69,10.01,15.66,31.07,13.19,24.99
2006,241,0.47,0.46,0.28,95.17,2.05,242.31,0.0,49.5,9.03,16.9,31.62,11.66,24.23
2006,242,0.47,0.46,0.27,95.28,2.45,215.44,0.0,50.38,9.4,18.64,32.98,12.01,24.9
2006,243,0.47,0.46,0.27,95.61,2.3,84.31,0.0,62.69,10.07,16.58,30.14,13.23,24.05
2006,244,0.47,0.46,0.27,95.45,1.83,160.44,0.0,53.06,8.48,15.75,31.99,10.68,24.38
2006,245,0.47,0.46,0.27,95.39,1.69,230.06,0.0,49.81,8.12,16.33,31.07,9.85,24.24
2006,246,0.47,0.46,0.26,95.51,1.98,85.5,0.04,40.06,7.26,18.69,33.9,7.9,23.21
2006,247,0.47,0.46,0.25,95.72,1.74,109.44,0.0,44.06,7.93,17.65,33.23,9.46,23.85
2006,248,0.47,0.46,0.24,95.53,1.77,190.94,0.0,39.62,7.69,17.53,33.33,9.15,22.0
2006,249,0.47,0.46,0.23,95.23,1.84,97.06,0.0,36.56,7.45,19.37,34.08,8.55,20.79
2006,250,0.47,0.46,0.23,95.09,1.31,185.75,0.52,37.75,8.24,20.58,35.07,10.15,17.44
2006,251,0.47,0.46,0.25,95.2,1.81,195.56,0.29,48.62,10.01,20.92,31.8,13.17,16.14
2006,252,0.47,0.46,0.26,95.31,2.02,166.62,0.38,51.69,9.77,19.12,31.83,12.78,20.01
2006,253,0.47,0.46,0.28,95.44,1.3,126.12,1.69,61.38,10.99,18.2,30.01,14.55,17.19
2006,254,0.47,0.47,0.38,95.33,1.46,172.19,3.78,66.56,11.72,18.51,29.34,15.58,18.83
2006,255,0.48,0.48,0.46,95.01,1.02,180.69,3.05,62.62,11.47,18.17,29.41,15.23,19.38
2006,256,0.48,0.48,0.48,94.93,2.44,209.56,3.69,64.12,11.66,17.99,28.91,15.48,11.83
2006,257,0.48,0.48,0.52,94.55,2.59,248.94,8.28,73.0,12.08,17.72,26.93,16.02,12.91
2006,258,0.49,0.5,0.54,94.67,2.99,277.5,6.78,67.62,9.22,14.37,24.5,11.62,19.2
2006,259,0.49,0.5,0.51,94.9,2.97,277.0,2.54,66.88,8.36,13.05,23.07,10.29,15.49
2006,260,0.49,0.5,0.48,95.23,2.68,292.69,0.69,69.06,9.22,13.03,25.98,11.7,20.95
2006,261,0.49,0.49,0.47,95.29,1.87,293.94,0.0,66.44,9.46,14.36,26.83,12.22,21.77
2006,262,0.49,0.49,0.46,95.27,1.82,211.69,0.0,62.19,8.73,13.81,28.44,10.88,21.72
2006,263,0.49,0.48,0.46,95.2,1.57,180.0,0.0,59.62,8.73,12.74,31.29,10.94,21.22
2006,264,0.48,0.48,0.45,94.97,1.92,227.19,0.0,49.81,8.97,17.05,31.73,11.36,18.26
2006,265,0.48,0.48,0.45,94.84,2.0,189.38,0.0,50.62,9.64,18.45,33.31,12.44,18.59
2006,266,0.48,0.48,0.45,94.55,1.69,194.56,0.0,46.88,9.28,18.51,34.14,11.8,20.08
2006,267,0.48,0.48,0.48,94.63,2.36,295.06,5.8,65.06,11.41,18.45,30.9,14.82,17.19
2006,268,0.48,0.48,0.49,94.96,3.66,301.19,1.11,70.69,10.5,16.13,26.2,13.76,17.89
2006,269,0.48,0.48,0.48,95.01,4.2,317.25,1.67,73.5,9.77,15.05,22.46,12.81,10.25
2006,270,0.48,0.48,0.48,94.97,3.36,321.06,1.35,73.75,9.4,14.63,21.5,12.23,13.02
2006,271,0.48,0.48,0.47,94.94,1.38,208.38,0.0,58.31,7.39,12.08,26.88,8.04,20.1
2006,272,0.48,0.48,0.45,95.08,1.66,210.06,0.0,56.75,8.54,14.37,29.65,10.51,18.83
2006,273,0.48,0.48,0.45,95.19,1.72,227.81,0.0,49.62,7.93,15.12,31.4,9.44,19.9
2006,274,0.48,0.48,0.44,95.34,2.19,232.0,0.0,41.31,7.69,16.44,33.74,8.98,19.25
2006,275,0.48,0.48,0.42,95.33,2.6,221.81,0.0,37.38,7.57,17.75,35.71,8.96,18.83
2006,276,0.48,0.47,0.39,95.15,3.28,240.0,0.06,36.12,7.51,20.57,36.13,8.3,17.96
2006,277,0.48,0.47,0.41,95.2,3.24,286.56,2.08,59.69,9.34,16.78,27.58,12.05,12.46
2006,278,0.48,0.48,0.48,95.58,2.43,176.44,3.67,71.5,8.91,14.2,21.98,11.44,11.68
2006,279,0.48,0.48,0.49,95.68,2.68,337.81,1.89,72.44,8.48,13.13,20.6,10.76,15.61
2006,280,0.48,0.48,0.47,95.48,1.17,196.0,0.36,67.88,8.67,13.62,24.63,11.11,17.86
2006,281,0.48,0.48,0.45,95.39,1.58,180.94,0.0,65.88,8.67,13.55,26.26,10.92,17.76
2006,282,0.48,0.48,0.45,95.37,1.59,119.56,0.0,64.69,8.42,13.06,27.37,10.54,18.43
2006,283,0.48,0.48,0.43,95.24,1.46,179.38,0.0,53.62,7.08,12.55,28.62,7.98,18.19
2006,284,0.48,0.47,0.41,95.08,2.23,282.62,0.0,61.69,8.73,13.45,26.56,10.69,14.04
2006,285,0.48,0.47,0.41,95.26,1.48,213.12,0.0,76.0,10.8,15.92,24.46,14.34,15.71
2006,286,0.48,0.48,0.46,95.27,2.1,257.06,3.54,71.69,10.07,15.55,26.5,13.16,9.89
2006,287,0.48,0.48,0.51,95.21,1.86,276.56,4.41,81.62,10.01,14.31,20.67,13.19,10.58
2006,288,0.48,0.48,0.5,95.18,2.02,226.88,2.58,80.69,9.77,13.31,21.55,12.9,9.09
2006,289,0.48,0.48,0.48,95.13,1.41,80.5,0.06,73.38,8.97,12.55,24.2,11.52,16.15
2006,290,0.48,0.48,0.46,94.91,1.45,204.06,0.0,58.5,7.81,12.12,28.82,9.4,15.07
2006,291,0.48,0.48,0.45,94.55,3.59,213.06,0.01,48.81,8.12,15.58,30.95,9.92,11.41
2006,292,0.48,0.48,0.48,94.54,2.52,276.81,1.75,68.94,10.19,16.11,24.26,13.38,10.58
2006,293,0.48,0.48,0.47,94.75,2.09,266.5,0.03,67.81,9.09,14.52,24.24,11.66,14.34
2006,294,0.48,0.48,0.45,94.89,2.37,235.69,0.0,61.75,9.03,14.33,26.43,11.55,14.41
2006,295,0.48,0.48,0.44,95.01,2.49,221.38,0.0,50.88,7.63,14.17,29.41,8.99,15.49
2006,296,0.48,0.47,0.41,94.98,3.99,210.69,0.0,35.31,6.23,17.75,30.81,6.03,15.64
2006,297,0.48,0.47,0.39,95.05,2.04,230.44,0.0,43.38,7.26,17.48,30.43,8.15,15.29
2006,298,0.47,0.47,0.38,94.89,3.36,191.94,0.0,36.19,6.04,17.28,31.24,5.62,15.29
2006,299,0.47,0.47,0.35,94.95,2.41,205.31,0.0,35.69,5.86,16.3,32.49,5.19,15.7
2006,300,0.47,0.47,0.34,95.5,1.68,146.62,0.0,40.19,6.29,15.43,31.48,6.23,15.7
2006,301,0.47,0.47,0.33,95.9,1.48,131.44,0.0,42.56,6.53,15.78,29.47,6.8,15.23
2006,302,0.47,0.46,0.31,95.53,1.81,274.38,0.0,46.81,6.65,15.15,29.58,7.0,14.24
2006,303,0.47,0.46,0.31,95.08,2.33,293.62,0.0,52.25,7.26,14.44,26.73,8.07,14.69
2006,304,0.47,0.46,0.3,95.08,1.68,280.25,0.0,46.56,6.53,14.39,28.76,6.46,14.62
2006,305,0.47,0.46,0.3,95.14,2.31,282.0,0.0,65.44,8.36,13.03,25.2,10.13,14.01
2006,306,0.47,0.47,0.38,95.22,2.59,318.25,3.74,82.38,9.7,12.58,21.01,12.67,6.97
2006,307,0.48,0.47,0.45,95.24,1.26,188.56,1.53,77.5,8.54,12.25,19.08,10.88,5.65
2006,308,0.48,0.48,0.48,95.58,3.27,90.94,3.17,79.94,8.12,11.91,16.71,10.1,5.7
2006,309,0.48,0.48,0.46,95.99,1.89,211.69,0.38,72.31,7.69,10.68,20.19,9.38,9.26
2006,310,0.48,0.48,0.45,95.91,1.63,218.12,0.17,71.69,7.2,8.57,20.98,8.41,13.37
2006,311,0.48,0.48,0.43,95.79,2.57,204.88,0.0,64.62,6.1,7.78,21.33,5.99,13.59
2006,312,0.48,0.48,0.42,96.0,2.62,216.31,0.0,55.81,5.07,7.73,21.25,3.33,13.79
2006,313,0.48,0.47,0.41,96.22,1.23,202.5,0.0,57.81,5.0,5.66,20.86,2.83,13.86
2006,314,0.48,0.47,0.41,96.19,1.58,307.06,0.09,74.19,7.08,8.82,20.41,8.03,13.68
2006,315,0.47,0.47,0.41,96.2,1.32,299.94,0.29,79.94,7.81,9.18,19.68,9.67,10.97
2006,316,0.48,0.47,0.42,95.72,2.45,295.62,3.19,85.44,8.3,8.93,19.18,10.37,8.3
2006,317,0.48,0.48,0.52,95.36,2.81,307.94,5.15,87.0,8.48,11.12,17.15,10.77,4.88
2006,318,0.48,0.48,0.5,95.52,1.18,251.88,1.19,75.81,7.26,8.91,18.17,8.4,9.74
2006,319,0.48,0.48,0.47,95.48,3.25,210.31,0.0,69.0,6.53,7.51,22.0,6.9,12.94
2006,320,0.48,0.48,0.46,95.32,3.92,206.94,0.0,53.38,5.07,9.12,21.88,3.07,12.8
2006,321,0.48,0.48,0.45,95.27,3.33,221.06,0.0,46.31,4.88,10.15,23.59,2.33,9.77
2006,322,0.48,0.48,0.46,95.78,1.41,231.06,0.0,69.94,6.84,8.85,21.12,7.43,12.74
2006,323,0.48,0.48,0.45,95.9,1.81,239.19,0.0,60.25,5.92,8.05,23.51,5.56,12.28
2006,324,0.48,0.48,0.45,95.75,1.66,278.69,0.0,71.0,6.53,8.29,18.78,6.65,10.53
2006,325,0.48,0.48,0.45,95.22,2.55,276.44,0.0,80.38,7.39,8.83,17.51,8.69,7.29
2006,326,0.48,0.48,0.52,94.58,4.27,282.81,7.34,89.19,8.54,9.76,15.92,10.68,4.02
2006,327,0.48,0.48,0.49,94.76,1.73,246.06,0.11,79.19,7.57,8.5,19.41,8.86,11.32
2006,328,0.48,0.48,0.48,94.95,2.01,216.62,0.0,70.88,6.53,6.95,21.88,6.78,11.98
2006,329,0.48,0.48,0.47,95.09,3.45,207.25,0.0,53.38,5.49,9.93,24.88,4.35,11.96
2006,330,0.48,0.48,0.46,95.4,2.27,268.38,0.03,57.62,6.35,10.39,24.46,6.08,11.3
2006,331,0.48,0.48,0.48,95.73,1.56,330.5,0.57,90.69,9.34,11.9,17.23,12.26,6.98
2006,332,0.48,0.48,0.48,95.64,1.2,321.94,0.27,88.0,8.54,10.49,17.43,10.86,9.22
2006,333,0.48,0.48,0.47,95.86,1.18,93.06,0.07,82.12,7.57,9.13,17.55,9.12,9.86
2006,334,0.48,0.48,0.47,96.1,1.46,115.44,0.05,83.75,7.26,8.4,17.55,8.51,6.85
2006,335,0.48,0.48,0.47,96.13,1.57,131.06,0.04,71.62,5.92,6.99,18.65,5.54,10.0
2006,336,0.48,0.48,0.47,95.74,1.87,234.69,0.01,75.38,6.29,5.44,18.76,6.4,10.77
2006,337,0.48,0.48,0.48,95.57,2.68,231.31,1.86,83.94,6.96,7.06,14.68,7.84,5.31
2006,338,0.48,0.48,0.52,95.87,1.95,287.94,3.61,89.25,7.81,8.32,15.64,9.55,6.39
2006,339,0.48,0.48,0.48,95.67,2.13,223.0,0.0,76.19,6.96,6.55,20.63,7.89,11.04
2006,340,0.48,0.48,0.49,94.8,5.48,231.31,9.52,61.94,5.25,7.92,16.82,3.52,5.83
2006,341,0.51,0.52,0.6,94.91,5.16,311.12,12.42,84.69,6.77,8.54,12.47,7.38,4.22
2006,342,0.51,0.52,0.52,94.87,2.66,241.0,1.32,75.81,6.41,7.57,16.2,6.59,6.78
2006,343,0.51,0.52,0.51,95.33,2.52,288.19,0.44,67.38,5.13,6.58,13.63,3.28,9.5
2006,344,0.51,0.52,0.51,96.0,1.08,228.44,1.69,81.75,5.43,5.83,9.2,4.26,3.81
2006,345,0.51,0.52,0.5,96.05,1.14,122.69,0.14,80.0,5.74,5.11,16.1,5.07,9.47
2006,346,0.51,0.52,0.5,95.65,1.89,105.94,0.53,83.25,6.16,5.26,16.47,6.08,8.45
2006,347,0.52,0.52,0.59,95.31,2.16,110.31,33.32,90.56,6.29,5.55,11.95,6.27,3.97
2006,348,0.55,0.59,0.66,95.3,1.16,183.0,7.66,81.19,5.98,5.6,13.26,5.58,3.79
2006,349,0.55,0.58,0.58,95.69,1.72,143.62,0.01,80.44,5.68,2.91,16.58,4.79,10.03
2006,350,0.55,0.58,0.6,95.69,1.59,328.81,7.4,95.56,7.75,7.3,12.51,9.43,3.05
2006,351,0.58,0.6,0.71,95.7,4.3,309.0,22.88,94.0,7.69,9.4,11.87,9.31,1.36
2006,352,0.59,0.62,0.71,95.38,2.52,309.31,11.2,91.25,7.32,7.65,13.36,8.63,3.52
2006,353,0.6,0.63,0.69,95.27,1.73,256.19,4.56,83.5,5.8,3.57,11.26,5.09,8.01
2006,354,0.6,0.62,0.66,95.43,2.03,223.88,1.5,79.56,5.25,3.12,13.75,3.79,4.21
2006,355,0.61,0.62,0.65,95.52,1.84,256.88,0.8,83.62,5.13,2.37,11.44,3.27,9.63
2006,356,0.61,0.62,0.65,95.62,1.06,226.5,1.03,89.06,6.1,5.97,11.08,5.97,6.03
2006,357,0.61,0.62,0.66,95.54,1.23,248.0,4.07,87.56,5.8,4.73,10.08,5.19,5.75
2006,358,0.61,0.62,0.66,95.31,2.21,259.69,7.08,83.88,5.62,3.41,12.03,4.56,8.21
2006,359,0.62,0.65,0.74,95.57,3.25,138.62,12.51,88.12,7.02,7.96,12.74,8.01,4.73
2006,360,0.62,0.64,0.68,96.2,0.91,280.38,0.48,78.81,5.92,6.81,13.37,5.58,8.78
2006,361,0.62,0.64,0.67,96.44,1.18,221.25,0.0,79.38,5.8,4.51,14.69,5.32,10.35
2006,362,0.62,0.63,0.67,96.39,1.59,234.31,0.0,77.69,5.55,3.63,15.21,4.65,10.13
2006,363,0.62,0.63,0.66,96.37,1.5,220.94,0.0,75.62,5.13,3.37,14.94,3.48,9.31
2006,364,0.62,0.63,0.66,96.73,1.11,171.31,0.0,70.25,4.82,3.01,15.4,2.77,10.87
2006,365,0.62,0.63,0.66,97.18,1.2,155.06,0.0,73.62,4.76,2.07,15.48,2.49,11.16
2007,1,0.62,0.62,0.66,96.93,1.99,234.5,0.0,72.12,4.52,1.31,15.98,1.8,11.23
2007,2,0.62,0.62,0.66,96.7,2.01,241.5,1.37,88.5,6.16,4.0,11.83,6.01,3.81
2007,3,0.62,0.63,0.67,96.64,3.0,326.81,2.22,90.75,6.1,5.91,9.89,6.17,5.41
2007,4,0.62,0.63,0.66,96.29,1.54,254.31,0.05,75.5,5.13,2.46,15.24,3.52,9.3
2007,5,0.62,0.63,0.66,96.08,1.84,305.62,0.47,87.06,6.1,2.69,13.88,5.71,6.52
2007,6,0.62,0.62,0.66,96.24,0.95,128.81,0.0,82.0,6.16,5.56,16.08,6.1,11.08
2007,7,0.62,0.62,0.66,96.05,1.61,239.62,0.0,80.69,5.49,3.28,16.15,4.46,10.74
2007,8,0.62,0.62,0.66,95.88,1.75,274.25,0.0,82.69,5.55,2.24,14.69,4.44,9.9
2007,9,0.62,0.62,0.66,96.0,1.02,190.0,0.0,81.69,6.29,5.88,16.94,6.33,10.49
2007,10,0.62,0.62,0.65,96.09,1.7,229.56,0.0,67.62,5.25,3.98,19.65,3.73,11.28
2007,11,0.62,0.62,0.65,96.46,1.5,273.12,0.0,74.06,5.62,4.74,17.42,4.58,10.04
2007,12,0.62,0.62,0.65,96.54,1.89,303.81,0.0,90.62,6.84,7.28,14.37,7.75,11.16
2007,13,0.62,0.62,0.64,96.31,1.23,194.62,0.0,73.0,5.62,4.2,17.77,4.85,11.77
2007,14,0.61,0.62,0.64,96.19,1.27,147.38,0.0,63.69,5.19,6.01,20.08,3.62,12.1
2007,15,0.61,0.62,0.64,95.97,1.29,232.0,0.0,69.06,5.68,5.27,19.43,4.76,11.99
2007,16,0.61,0.62,0.63,95.9,2.01,244.75,0.0,74.5,5.62,5.2,16.67,4.76,8.63
2007,17,0.61,0.61,0.63,96.23,1.38,272.0,0.0,83.31,6.16,4.03,15.74,6.16,10.72
2007,18,0.61,0.61,0.63,96.54,1.16,270.25,0.0,85.5,6.53,4.79,15.11,7.05,11.27
2007,19,0.61,0.61,0.63,96.44,1.75,285.19,0.0,75.88,5.74,3.47,17.89,4.95,11.89
2007,20,0.61,0.61,0.62,96.08,1.31,200.0,0.0,64.38,5.55,6.65,19.81,4.51,12.54
2007,21,0.6,0.61,0.62,95.53,1.39,172.81,0.0,57.62,5.25,6.47,22.5,3.44,12.73
2007,22,0.6,0.6,0.62,94.75,2.8,215.19,0.0,60.75,4.82,5.43,19.83,2.41,11.9
2007,23,0.6,0.6,0.62,94.57,3.75,245.25,0.01,65.31,4.46,3.2,14.0,1.26,8.53
2007,24,0.6,0.6,0.62,94.64,3.23,266.69,0.9,78.56,4.64,1.37,10.07,1.69,5.57
2007,25,0.6,0.6,0.62,94.5,1.87,231.19,0.14,73.75,4.21,1.69,10.42,0.53,9.81
2007,26,0.6,0.6,0.62,94.71,1.45,163.88,0.26,73.94,4.52,1.4,13.69,1.52,11.95
2007,27,0.6,0.6,0.64,95.47,1.77,49.31,4.7,88.12,5.62,2.8,10.65,4.66,9.65
2007,28,0.6,0.61,0.63,96.09,1.24,159.0,0.09,80.0,5.74,4.83,15.51,5.06,9.49
2007,29,0.6,0.61,0.63,95.45,2.02,198.31,2.52,80.56,6.41,4.44,16.41,6.44,5.72
2007,30,0.6,0.61,0.64,95.22,1.52,265.25,1.82,85.94,7.45,6.99,17.42,8.76,5.0
2007,31,0.6,0.61,0.65,95.53,0.93,238.38,2.7,89.88,7.45,8.33,14.93,8.89,6.27
2007,32,0.61,0.62,0.66,95.81,2.31,309.12,4.04,88.12,6.47,6.76,11.85,6.75,7.67
2007,33,0.61,0.62,0.65,95.97,1.2,154.31,0.38,79.56,5.62,4.52,14.62,4.75,12.95
2007,34,0.61,0.62,0.63,95.57,1.77,242.12,0.33,74.44,6.16,4.51,18.85,5.9,10.99
2007,35,0.61,0.62,0.65,95.43,1.76,125.75,1.68,89.81,6.9,5.94,13.42,7.73,6.69
2007,36,0.61,0.62,0.64,95.4,2.43,199.81,0.68,83.12,5.8,4.73,13.83,5.23,12.73
2007,37,0.61,0.61,0.64,94.6,3.62,221.56,2.12,76.31,5.31,4.61,13.92,3.81,8.99
2007,38,0.61,0.62,0.64,94.5,2.05,281.12,1.01,78.19,5.62,4.34,14.22,4.51,12.81
2007,39,0.61,0.61,0.63,94.68,2.55,234.75,0.12,71.69,5.19,1.56,17.45,3.44,14.11
2007,40,0.61,0.62,0.71,94.35,6.5,272.44,20.94,81.44,7.02,8.53,14.69,7.58,4.8
2007,41,0.62,0.64,0.69,95.04,5.39,304.25,1.45,82.06,6.53,6.15,15.16,6.83,8.81
2007,42,0.62,0.63,0.67,95.46,3.23,291.25,0.19,84.56,6.96,5.85,16.24,7.77,11.09
2007,43,0.62,0.63,0.66,95.33,2.54,260.31,0.0,76.56,6.96,6.24,20.55,7.68,12.55
2007,44,0.62,0.62,0.66,95.55,1.97,286.38,0.02,80.94,7.08,7.22,17.2,7.99,14.39
2007,45,0.62,0.62,0.65,95.34,1.99,258.19,0.0,70.94,6.9,6.32,22.4,7.59,14.66
2007,46,0.62,0.62,0.65,95.51,3.34,295.38,0.18,74.44,5.92,4.51,16.19,5.1,16.13
2007,47,0.62,0.62,0.64,95.28,1.76,191.88,0.0,54.06,4.39,4.07,21.19,0.8,16.6
2007,48,0.61,0.62,0.63,94.97,2.51,264.75,0.07,61.38,5.49,7.46,20.87,3.87,14.25
2007,49,0.61,0.62,0.64,94.96,1.72,195.06,1.38,75.75,5.8,5.73,15.61,5.05,15.0
2007,50,0.62,0.62,0.7,94.58,2.09,287.69,11.3,89.94,6.35,7.05,9.73,6.45,7.69
2007,51,0.62,0.63,0.67,94.57,1.8,223.56,0.76,86.5,6.04,4.69,12.83,5.69,10.78
2007,52,0.62,0.63,0.66,94.72,1.31,136.38,0.09,76.75,5.68,4.07,16.57,4.71,14.57
2007,53,0.62,0.62,0.66,94.96,2.17,311.75,0.68,83.94,6.04,5.6,12.85,5.69,10.69
2007,54,0.62,0.62,0.66,95.02,2.91,290.38,1.13,85.5,6.29,5.16,13.21,6.29,8.3
2007,55,0.62,0.62,0.66,95.27,2.82,281.5,0.84,86.19,6.47,4.55,14.93,6.68,8.03
2007,56,0.62,0.62,0.65,95.32,2.23,271.88,0.06,75.06,5.74,3.83,17.53,4.92,16.47
2007,57,0.62,0.62,0.66,95.38,3.89,304.06,2.21,83.0,6.1,5.72,12.7,5.84,13.89
2007,58,0.62,0.62,0.66,95.68,3.98,312.19,2.98,83.75,5.92,4.42,11.68,5.58,12.94
2007,59,0.62,0.62,0.64,95.58,1.85,250.75,0.0,61.75,4.7,2.62,19.9,1.87,18.81
2007,60,0.62,0.62,0.63,95.38,1.95,256.69,0.0,62.62,5.86,5.08,21.87,5.1,18.38
2007,61,0.61,0.62,0.63,95.52,2.29,268.25,0.0,73.06,6.77,7.05,20.69,7.32,18.36
2007,62,0.61,0.61,0.62,95.65,1.85,260.94,0.0,60.5,6.16,8.06,23.73,5.99,19.01
2007,63,0.61,0.61,0.62,95.52,1.86,222.69,0.0,47.12,5.49,10.62,26.62,4.34,18.54
2007,64,0.6,0.6,0.61,95.54,2.25,286.06,0.01,62.5,6.41,9.19,23.23,6.28,19.26
2007,65,0.6,0.6,0.61,95.58,1.35,230.88,0.08,78.38,7.14,9.06,19.29,8.19,18.15
2007,66,0.6,0.6,0.62,94.7,2.52,265.75,7.03,74.5,6.84,8.26,17.52,7.4,11.92
2007,67,0.61,0.62,0.67,93.98,4.19,146.94,7.86,82.25,6.29,6.87,12.59,6.05,10.52
2007,68,0.62,0.63,0.7,95.32,6.49,318.88,8.78,85.81,7.08,9.06,13.19,8.08,7.37
2007,69,0.62,0.63,0.7,95.25,5.07,257.25,8.41,79.31,5.62,6.04,10.23,4.52,13.13
2007,70,0.64,0.66,0.8,95.23,3.48,222.69,30.22,92.44,6.41,5.44,9.5,6.58,4.62
2007,71,0.67,0.71,0.82,95.39,2.99,320.56,26.39,92.12,6.77,7.59,10.8,7.46,4.72
2007,72,0.68,0.71,0.76,95.9,1.65,230.88,3.95,86.31,6.53,7.17,12.99,7.0,8.56
2007,73,0.68,0.7,0.73,96.01,1.21,161.0,0.18,79.38,6.29,6.2,17.28,6.37,19.3
2007,74,0.68,0.7,0.73,95.72,1.22,193.69,0.06,70.56,6.23,6.04,18.9,6.19,18.52
2007,75,0.68,0.69,0.72,95.46,1.09,120.69,1.3,68.25,6.23,7.94,17.8,6.09,16.85
2007,76,0.69,0.7,0.77,95.58,1.74,174.56,10.87,87.06,6.77,7.15,13.31,7.43,5.63
2007,77,0.69,0.7,0.73,95.52,1.63,255.94,0.92,80.31,6.16,5.55,15.19,6.01,18.46
2007,78,0.68,0.7,0.73,94.04,3.55,265.94,3.3,64.38,5.43,3.42,19.55,3.79,21.0
2007,79,0.69,0.7,0.75,93.65,5.9,292.44,7.98,74.94,4.64,3.7,8.8,1.73,11.49
2007,80,0.7,0.7,0.75,93.84,3.73,291.75,5.35,76.19,4.15,2.29,6.91,0.26,11.66
2007,81,0.7,0.71,0.76,94.41,5.43,308.62,6.15,88.06,4.7,2.37,5.95,2.05,5.86
2007,82,0.7,0.71,0.74,94.72,3.45,276.81,1.53,81.56,4.7,1.46,10.08,2.01,10.27
2007,83,0.7,0.7,0.73,94.45,3.3,274.94,0.18,72.69,5.31,1.76,15.34,3.58,17.11
2007,84,0.7,0.7,0.73,94.48,1.72,213.94,0.17,75.75,5.68,3.55,16.72,4.64,21.42
2007,85,0.69,0.7,0.73,94.73,1.67,146.06,0.42,79.06,6.1,5.13,16.28,5.81,18.86
2007,86,0.69,0.7,0.74,94.6,1.41,165.31,4.41,80.19,6.84,5.53,17.94,7.44,18.85
2007,87,0.7,0.7,0.75,94.36,1.37,223.38,5.44,78.25,6.53,6.77,15.52,6.77,7.37
2007,88,0.7,0.71,0.77,94.48,1.54,286.25,8.99,85.62,6.29,5.83,12.47,6.19,13.23
2007,89,0.71,0.73,0.79,95.11,3.02,298.62,12.5,79.5,6.04,5.3,13.19,5.69,16.58
2007,90,0.71,0.73,0.75,95.06,2.68,211.56,0.0,61.81,5.25,4.34,19.58,3.57,22.5
2007,91,0.7,0.71,0.73,94.89,3.12,165.62,0.0,52.75,5.13,6.55,22.83,3.09,21.45
2007,92,0.7,0.71,0.74,94.81,2.28,247.31,1.42,69.69,6.84,7.85,21.01,7.33,16.94
2007,93,0.7,0.71,0.74,94.61,3.58,293.62,2.25,76.69,6.23,5.55,16.0,5.89,19.03
2007,94,0.7,0.7,0.75,94.24,3.2,289.94,4.51,78.19,5.98,4.69,13.77,5.37,14.12
2007,95,0.7,0.71,0.74,94.53,1.37,267.44,1.21,77.31,5.86,5.9,13.77,5.08,16.56
2007,96,0.7,0.7,0.73,95.03,1.56,196.38,0.7,75.75,5.92,4.41,17.25,5.4,21.11
2007,97,0.7,0.7,0.73,95.21,1.38,137.0,1.46,69.19,6.16,5.98,19.19,5.98,20.78
2007,98,0.7,0.7,0.73,95.3,1.35,111.31,0.7,69.88,6.84,7.78,20.42,7.5,20.41
2007,99,0.7,0.7,0.73,95.11,1.17,194.75,0.0,61.81,7.14,8.21,25.19,7.98,22.8
2007,100,0.69,0.7,0.73,95.0,2.02,171.69,3.69,64.25,7.75,12.37,26.27,9.23,9.26
2007,101,0.69,0.7,0.72,94.91,1.45,158.94,0.09,76.0,8.79,10.72,23.14,11.12,20.6
2007,102,0.7,0.7,0.76,94.53,2.91,254.56,11.42,74.81,9.4,12.46,24.63,12.05,14.48
2007,103,0.7,0.71,0.78,94.4,3.88,267.81,13.39,89.94,8.18,9.44,13.57,10.03,7.41
2007,104,0.7,0.72,0.75,94.66,3.34,260.62,2.64,78.88,7.51,8.89,17.51,8.84,11.34
2007,105,0.7,0.72,0.78,94.71,1.58,175.62,11.95,81.25,7.51,7.69,16.73,8.78,14.22
2007,106,0.72,0.73,0.78,94.93,2.15,37.06,5.82,88.12,8.12,9.77,15.15,10.01,11.65
2007,107,0.72,0.73,0.76,95.13,1.34,72.31,1.23,80.81,7.75,9.4,18.65,9.4,20.95
2007,108,0.71,0.72,0.75,94.79,2.52,112.0,0.22,74.38,8.06,8.9,22.05,9.83,15.06
2007,109,0.71,0.72,0.76,94.49,3.04,62.0,2.75,84.5,8.3,9.77,16.9,10.23,9.12
2007,110,0.71,0.72,0.75,94.85,2.27,53.75,1.43,85.5,8.18,9.54,17.46,10.21,16.14
2007,111,0.71,0.71,0.73,95.05,2.42,118.88,0.04,73.38,7.69,8.25,22.07,9.16,24.94
2007,112,0.7,0.7,0.73,95.17,2.3,115.81,0.0,67.69,7.69,9.83,24.58,9.19,24.27
2007,113,0.7,0.7,0.73,95.2,2.2,109.69,0.0,63.88,7.81,10.37,24.99,9.32,20.07
2007,114,0.7,0.7,0.73,95.0,1.67,120.94,1.76,79.62,8.61,11.37,19.19,10.92,11.47
2007,115,0.7,0.7,0.73,94.71,2.2,85.69,1.11,76.44,8.61,11.07,20.93,10.88,20.43
2007,116,0.7,0.7,0.75,94.71,1.73,98.88,8.1,78.81,8.67,10.61,19.66,10.93,13.94
2007,117,0.7,0.7,0.75,94.91,0.95,161.12,5.03,79.75,9.4,10.51,21.58,12.18,19.12
2007,118,0.7,0.7,0.73,95.15,1.47,208.56,0.6,80.31,9.22,10.81,21.92,11.89,20.32
2007,119,0.7,0.7,0.75,94.94,2.22,272.44,5.63,85.12,9.16,9.94,19.57,11.83,10.6
2007,120,0.7,0.7,0.73,94.75,1.91,283.38,0.13,74.0,7.39,8.14,19.83,8.58,23.95
2007,121,0.7,0.7,0.73,94.76,2.16,217.75,2.27,74.25,8.12,8.58,22.53,9.94,21.94
2007,122,0.7,0.7,0.75,94.77,1.73,182.44,6.71,84.0,8.97,11.15,19.07,11.46,7.15
2007,123,0.7,0.7,0.73,94.35,1.82,214.81,2.16,81.62,8.91,10.94,20.37,11.3,17.52
2007,124,0.7,0.7,0.74,94.36,2.08,309.5,4.89,79.19,7.87,9.79,19.31,9.5,20.12
2007,125,0.7,0.7,0.73,94.64,2.11,308.56,2.01,80.19,7.45,7.98,17.58,8.72,22.86
2007,126,0.7,0.7,0.73,95.16,1.85,305.19,0.56,78.0,7.08,7.65,16.45,8.04,23.34
2007,127,0.69,0.7,0.72,95.49,3.81,305.38,1.38,81.12,7.75,8.81,16.61,9.37,16.44
2007,128,0.69,0.7,0.72,95.86,3.59,308.56,0.47,85.25,8.24,8.94,17.3,10.42,15.54
2007,129,0.69,0.69,0.7,95.98,1.87,305.44,0.0,62.94,7.32,8.61,23.31,8.58,28.72
2007,130,0.68,0.68,0.7,95.67,1.73,201.31,0.0,49.75,6.59,12.3,25.88,6.94,29.92
2007,131,0.67,0.67,0.68,95.36,2.01,262.12,0.0,55.69,7.32,11.69,26.81,8.54,30.21
2007,132,0.66,0.66,0.67,95.25,1.43,140.81,0.0,49.94,7.02,12.05,28.33,7.63,29.91
2007,133,0.66,0.66,0.66,95.09,1.81,206.69,0.0,48.88,8.0,14.07,30.72,9.69,29.78
2007,134,0.66,0.65,0.65,95.21,3.12,276.12,0.0,55.0,7.87,13.73,28.95,9.37,28.11
2007,135,0.65,0.64,0.65,95.54,2.27,111.56,0.06,69.06,7.93,11.32,22.98,9.69,24.51
2007,136,0.65,0.64,0.66,95.36,1.66,85.88,1.0,77.19,8.3,10.12,22.55,10.48,16.57
2007,137,0.65,0.64,0.65,95.34,2.34,316.56,0.0,73.56,8.12,9.75,21.08,10.07,23.3
2007,138,0.64,0.64,0.64,94.99,2.99,304.81,0.11,74.62,9.03,12.55,22.51,11.64,22.96
2007,139,0.64,0.63,0.64,94.79,1.34,142.88,0.0,69.75,9.28,10.76,27.95,11.97,25.44
2007,140,0.63,0.63,0.62,94.61,1.74,209.69,0.0,54.75,9.89,14.08,32.89,12.83,28.93
2007,141,0.63,0.62,0.62,94.73,1.3,142.88,0.6,52.06,9.89,18.29,31.95,12.86,18.93
2007,142,0.62,0.62,0.61,94.83,1.91,163.25,0.01,54.31,10.13,17.51,31.93,13.22,24.54
2007,143,0.62,0.62,0.65,94.83,1.92,120.5,7.97,60.44,11.29,17.66,32.25,14.98,18.37
2007,144,0.62,0.62,0.61,94.67,1.58,194.25,0.14,45.75,9.16,17.92,35.17,11.62,25.1
2007,145,0.62,0.61,0.59,94.47,2.78,249.94,0.04,48.94,9.03,16.89,34.93,11.26,26.56
2007,146,0.61,0.6,0.6,94.45,2.28,187.56,0.0,63.56,9.16,14.29,27.59,11.71,28.29
2007,147,0.61,0.6,0.6,94.45,3.03,299.94,0.78,69.44,8.3,12.37,21.79,10.23,17.55
2007,148,0.61,0.6,0.61,94.63,3.98,288.62,1.42,72.06,8.42,11.61,20.61,10.53,14.53
2007,149,0.6,0.6,0.6,95.04,3.27,306.25,0.01,68.56,7.69,10.17,21.52,9.23,26.41
2007,150,0.6,0.59,0.59,95.17,1.91,217.5,0.0,60.25,7.26,9.7,24.98,8.33,30.22
2007,151,0.59,0.59,0.59,95.05,1.85,196.56,0.0,49.25,7.51,12.26,29.74,8.83,30.21
2007,152,0.59,0.59,0.59,95.19,2.08,270.0,0.08,57.0,8.61,15.84,27.95,10.81,26.55
2007,153,0.59,0.59,0.59,95.25,2.97,180.69,2.18,74.44,8.36,11.87,19.4,10.5,17.05
2007,154,0.59,0.59,0.63,95.06,3.56,310.81,7.1,82.75,8.42,11.05,16.78,10.62,9.17
2007,155,0.6,0.6,0.62,95.08,2.78,321.75,2.91,78.81,8.73,11.01,20.09,11.15,11.28
2007,156,0.59,0.59,0.59,94.83,1.66,221.81,0.0,63.38,8.42,10.26,26.81,10.51,29.59
2007,157,0.59,0.59,0.59,94.51,2.34,202.69,0.11,64.75,9.89,15.69,27.13,12.97,15.15
2007,158,0.59,0.59,0.59,94.74,2.02,45.56,0.01,71.12,10.38,14.01,26.47,13.71,23.85
2007,159,0.59,0.59,0.58,95.14,1.93,170.62,0.0,67.5,8.97,12.96,25.85,11.52,30.16
2007,160,0.59,0.58,0.57,95.12,1.77,153.19,0.0,61.56,8.97,12.11,28.87,11.49,30.19
2007,161,0.58,0.58,0.57,95.03,2.41,240.62,0.84,58.75,10.5,16.55,31.29,13.88,25.54
2007,162,0.58,0.57,0.58,95.12,1.64,143.19,1.52,65.06,11.6,17.99,29.91,15.47,24.07
2007,163,0.58,0.57,0.57,94.89,1.95,204.25,3.86,62.12,11.78,18.32,31.68,15.64,25.74
2007,164,0.58,0.58,0.59,94.68,2.55,205.81,3.15,59.94,11.11,18.54,33.04,14.7,24.88
2007,165,0.58,0.57,0.56,94.72,1.71,201.38,0.0,60.44,11.11,17.46,33.75,14.62,28.77
2007,166,0.57,0.56,0.55,95.03,2.06,300.88,0.0,62.81,10.93,17.42,30.64,14.55,27.84
2007,167,0.57,0.56,0.55,95.05,1.59,206.19,0.0,59.69,10.31,16.56,31.77,13.62,29.58
2007,168,0.56,0.55,0.55,94.81,1.39,161.12,0.0,51.19,10.86,17.2,38.2,14.13,28.86
2007,169,0.56,0.55,0.53,94.56,1.41,168.0,0.0,37.56,8.91,19.97,39.76,10.83,28.23
2007,170,0.55,0.55,0.53,94.72,1.59,204.25,0.0,48.56,10.62,20.12,37.88,13.5,29.13
2007,171,0.55,0.54,0.52,95.01,1.49,254.69,0.0,61.38,11.35,17.42,35.55,15.07,30.02
2007,172,0.55,0.54,0.52,95.06,1.55,249.25,0.0,56.25,10.68,16.68,35.83,14.08,29.43
2007,173,0.55,0.53,0.51,94.99,1.77,202.06,0.0,53.75,10.68,19.08,35.92,13.89,24.75
2007,174,0.54,0.53,0.5,95.03,1.12,161.25,0.0,47.56,10.31,18.54,38.76,13.28,23.84
2007,175,0.54,0.52,0.46,95.04,4.17,196.0,0.0,25.06,6.71,23.62,41.51,6.92,25.04
2007,176,0.53,0.52,0.44,94.97,3.2,207.62,0.01,29.81,7.69,23.24,40.02,8.69,26.36
2007,177,0.53,0.52,0.45,94.79,2.69,205.94,0.79,58.88,11.23,18.59,32.1,14.74,27.64
2007,178,0.53,0.52,0.45,94.86,3.05,61.44,0.04,62.44,10.68,17.04,30.98,14.19,28.57
2007,179,0.53,0.52,0.44,94.96,3.09,72.25,0.0,60.12,9.95,15.34,32.53,13.11,28.61
2007,180,0.52,0.52,0.43,95.2,2.49,64.38,0.01,61.38,10.8,17.05,31.44,14.43,25.18
2007,181,0.52,0.52,0.42,95.18,2.42,85.25,0.01,53.31,10.62,17.87,33.91,14.12,27.52
2007,182,0.52,0.51,0.41,94.76,1.86,226.69,0.5,44.19,10.13,20.2,37.23,13.23,27.76
2007,183,0.52,0.52,0.53,94.89,2.16,310.25,6.97,65.38,11.9,18.75,30.51,15.76,27.47
2007,184,0.52,0.52,0.49,95.1,1.84,235.06,0.02,57.25,10.8,17.95,31.68,14.35,28.52
2007,185,0.52,0.52,0.46,95.1,2.3,216.31,0.0,51.88,9.89,18.34,34.99,12.74,29.82
2007,186,0.52,0.52,0.45,95.52,2.91,31.81,0.0,61.19,10.01,16.07,28.15,13.23,28.78
2007,187,0.52,0.51,0.44,95.46,1.95,69.06,0.0,53.31,8.36,14.62,30.94,10.32,29.95
2007,188,0.52,0.51,0.41,95.17,1.68,181.5,0.0,42.88,9.28,17.3,36.65,11.91,27.31
2007,189,0.52,0.51,0.4,95.1,1.84,198.38,0.0,38.75,9.77,21.54,37.33,12.65,25.12
2007,190,0.52,0.5,0.39,95.08,2.42,310.88,0.06,52.06,11.6,20.44,35.26,15.37,28.25
2007,191,0.52,0.5,0.39,95.3,3.19,26.12,0.46,62.12,10.25,15.38,28.61,13.39,20.49
2007,192,0.51,0.5,0.39,95.42,2.08,163.19,0.0,54.81,8.0,13.51,29.11,9.76,29.65
2007,193,0.51,0.5,0.38,95.54,2.2,68.75,0.0,50.19,7.93,15.55,29.33,9.77,28.59
2007,194,0.51,0.5,0.38,95.28,1.77,181.12,0.0,45.69,8.91,15.97,34.33,11.4,26.7
2007,195,0.51,0.5,0.37,95.22,1.73,203.56,0.0,42.5,9.09,19.13,35.78,11.65,28.39
2007,196,0.51,0.49,0.35,95.14,2.45,200.31,0.0,36.88,8.79,20.35,37.34,11.15,29.11
2007,197,0.5,0.49,0.34,95.19,2.16,201.0,0.0,34.25,8.73,21.87,39.12,11.07,27.21
2007,198,0.5,0.49,0.34,95.25,2.34,185.75,0.0,40.62,10.13,22.2,37.71,13.3,27.61
2007,199,0.5,0.49,0.34,95.17,2.07,200.0,0.0,45.19,10.8,22.21,36.74,14.26,26.89
2007,200,0.5,0.48,0.33,95.06,2.13,197.25,0.0,38.25,9.03,21.27,37.17,11.48,27.84
2007,201,0.5,0.48,0.33,95.09,1.97,186.94,0.0,40.44,9.58,21.74,37.87,12.3,26.99
2007,202,0.49,0.48,0.32,95.06,2.2,211.25,0.05,42.44,10.13,21.32,40.14,12.87,25.78
2007,203,0.49,0.48,0.31,95.0,1.78,173.44,0.01,39.12,9.83,21.74,39.46,12.47,26.34
2007,204,0.49,0.48,0.3,94.78,2.87,211.5,0.0,23.5,6.65,24.53,41.16,6.88,28.33
2007,205,0.49,0.48,0.3,94.94,2.95,196.81,0.0,34.38,8.12,21.11,38.74,9.12,27.7
2007,206,0.49,0.48,0.3,95.14,2.23,58.88,0.0,56.62,11.47,19.3,34.91,15.24,27.52
2007,207,0.49,0.48,0.3,95.14,2.04,51.56,0.0,47.69,9.58,19.12,34.19,12.48,27.82
2007,208,0.48,0.48,0.3,95.27,2.12,77.44,0.0,38.88,7.57,18.58,34.81,8.77,28.59
2007,209,0.48,0.48,0.29,95.35,1.98,81.31,0.0,34.56,6.96,19.08,35.8,7.33,28.34
2007,210,0.48,0.48,0.29,95.34,2.0,214.38,0.0,47.0,9.64,19.91,34.03,12.57,26.92
2007,211,0.48,0.48,0.29,95.09,2.02,58.25,0.0,47.25,9.09,19.4,33.51,11.46,27.81
2007,212,0.48,0.48,0.29,95.05,2.09,56.75,0.0,46.56,9.03,18.9,33.49,11.48,27.55
2007,213,0.48,0.48,0.28,95.02,1.92,164.62,0.0,40.62,8.12,17.9,36.1,9.73,27.6
2007,214,0.48,0.47,0.28,94.98,2.08,141.5,0.0,31.38,6.65,19.3,38.62,6.57,27.46
2007,215,0.48,0.47,0.27,95.18,2.45,154.81,0.0,35.0,8.36,21.39,39.4,9.69,26.02
2007,216,0.48,0.47,0.27,95.43,2.11,149.31,0.0,54.44,10.38,19.15,33.62,13.43,27.31
2007,217,0.48,0.47,0.27,95.08,2.23,171.75,0.0,47.19,8.3,17.72,31.76,10.21,28.15
2007,218,0.48,0.47,0.27,94.71,1.78,93.94,0.0,44.69,7.81,15.16,35.45,8.75,27.52
2007,219,0.48,0.47,0.27,94.65,2.26,234.94,0.0,43.69,9.58,19.98,34.87,12.15,22.77
2007,220,0.48,0.47,0.29,94.87,2.24,224.44,0.64,70.62,13.37,19.4,28.4,17.65,20.33
2007,221,0.48,0.47,0.29,95.04,2.7,41.38,0.28,62.56,11.17,18.72,29.74,14.76,24.18
2007,222,0.48,0.47,0.3,94.89,1.55,120.12,0.94,59.5,10.07,17.81,27.87,13.25,14.51
2007,223,0.48,0.47,0.3,94.88,1.91,179.31,0.0,50.06,9.34,17.43,32.79,12.05,26.06
2007,224,0.48,0.47,0.3,94.77,2.09,199.56,0.4,44.94,9.89,19.62,33.32,12.98,17.64
2007,225,0.48,0.47,0.31,94.89,2.69,278.38,1.06,51.62,11.29,21.04,33.59,14.98,23.87
2007,226,0.48,0.47,0.32,95.1,2.09,198.19,0.24,52.69,10.74,19.62,33.68,14.19,24.98
2007,227,0.48,0.47,0.3,94.92,1.73,171.62,0.0,44.44,9.77,19.12,36.26,12.79,25.39
2007,228,0.48,0.47,0.3,94.88,2.43,254.75,0.0,53.31,11.47,20.75,33.67,15.14,25.83
2007,229,0.48,0.47,0.3,95.26,2.16,99.0,0.72,66.81,12.7,19.14,31.67,16.84,25.72
2007,230,0.48,0.47,0.3,95.03,2.11,164.81,0.06,57.25,11.9,18.24,36.54,15.8,23.42
2007,231,0.47,0.47,0.29,94.71,1.8,107.88,0.0,51.5,11.66,20.15,35.75,15.46,23.07
2007,232,0.47,0.47,0.3,94.64,2.43,44.75,0.55,64.62,12.21,19.64,30.33,16.19,15.49
2007,233,0.47,0.46,0.3,94.26,2.31,183.94,0.0,57.88,11.05,18.48,34.37,14.25,24.73
2007,234,0.47,0.46,0.3,94.45,2.62,153.19,1.33,65.44,12.45,19.04,34.37,16.25,16.16
2007,235,0.47,0.47,0.34,94.93,3.47,56.06,1.3,72.56,13.37,19.73,30.57,17.7,19.43
2007,236,0.47,0.47,0.34,95.08,2.13,132.38,0.08,54.81,11.84,20.77,37.27,15.44,17.56
2007,237,0.47,0.47,0.31,95.42,3.17,135.75,0.0,35.25,8.67,20.93,39.76,10.77,23.51
2007,238,0.47,0.46,0.28,95.55,2.7,128.12,0.0,33.75,8.79,22.38,38.95,11.21,23.76
2007,239,0.47,0.46,0.27,95.37,1.83,130.19,0.0,29.12,7.63,23.04,39.83,8.99,23.57
2007,240,0.47,0.46,0.25,95.14,2.09,219.81,0.0,26.38,7.26,23.06,40.28,8.4,22.38
2007,241,0.47,0.46,0.23,94.98,3.41,217.0,0.0,23.19,6.41,24.12,39.73,6.53,23.24
2007,242,0.47,0.46,0.23,94.87,3.8,255.25,0.19,29.5,7.63,22.76,40.11,8.33,23.02
2007,243,0.47,0.47,0.36,95.19,2.91,49.38,6.23,70.44,13.12,18.76,30.49,17.37,15.71
2007,244,0.48,0.47,0.41,95.36,2.3,68.19,0.04,62.12,9.58,16.73,27.36,12.56,22.91
2007,245,0.47,0.47,0.38,95.28,1.76,172.88,0.02,60.69,9.34,15.98,29.95,12.0,21.51
2007,246,0.47,0.47,0.36,95.14,1.84,155.94,0.35,57.94,8.97,16.05,30.46,11.28,23.51
2007,247,0.47,0.47,0.34,95.12,1.82,62.06,0.0,54.06,8.42,16.01,30.18,10.12,24.11
2007,248,0.47,0.47,0.34,95.36,2.65,231.44,0.19,65.56,9.77,15.41,26.26,12.8,20.5
2007,249,0.47,0.47,0.33,95.45,2.47,311.31,0.03,62.88,8.48,13.75,25.96,10.67,23.08
2007,250,0.47,0.46,0.31,95.37,2.59,283.25,0.0,60.31,7.75,12.23,25.43,9.39,23.98
2007,251,0.47,0.46,0.3,95.36,2.27,304.56,0.02,67.88,9.16,12.65,25.72,11.84,23.33
2007,252,0.47,0.46,0.3,95.19,1.81,172.81,0.0,56.75,8.24,14.75,28.75,10.06,23.42
2007,253,0.47,0.46,0.29,95.15,1.66,164.69,0.02,45.75,7.51,15.55,29.92,8.67,17.38
2007,254,0.47,0.46,0.28,95.15,2.12,199.12,0.01,52.5,9.4,17.72,30.03,12.23,17.92
2007,255,0.47,0.46,0.27,95.12,2.04,169.75,0.2,44.88,9.03,18.44,36.46,11.59,19.36
2007,256,0.47,0.46,0.27,95.23,2.31,156.0,0.79,48.5,10.62,21.61,36.47,13.94,15.71
2007,257,0.47,0.47,0.36,95.31,2.39,212.81,10.13,54.69,11.41,19.99,35.58,15.05,17.29
2007,258,0.48,0.48,0.52,95.53,2.23,187.88,4.02,70.56,12.88,19.4,28.77,17.1,14.24
2007,259,0.48,0.48,0.47,95.48,1.25,218.62,0.0,56.31,11.78,20.09,33.8,15.56,18.77
2007,260,0.48,0.48,0.47,95.31,2.52,214.25,13.15,51.44,11.17,20.69,34.69,14.76,17.14
2007,261,0.51,0.52,0.59,95.22,2.8,203.5,13.74,63.06,12.27,19.48,32.76,16.2,20.31
2007,262,0.52,0.54,0.61,95.47,2.25,73.62,16.64,83.81,13.85,18.4,25.14,18.29,19.36
2007,263,0.52,0.55,0.54,95.69,1.91,59.94,0.79,77.56,11.72,15.78,25.98,15.76,13.43
2007,264,0.52,0.54,0.52,95.67,1.45,148.38,1.79,67.56,10.5,15.51,29.38,13.94,18.31
2007,265,0.52,0.54,0.56,95.48,1.3,127.94,7.58,71.31,11.78,18.0,26.98,15.78,10.32
2007,266,0.53,0.54,0.53,95.31,1.83,114.94,1.57,72.38,11.54,16.33,29.89,15.42,15.96
2007,267,0.53,0.54,0.57,95.23,2.13,254.25,7.26,84.94,12.02,16.65,21.71,16.03,10.82
2007,268,0.54,0.55,0.54,95.23,2.73,313.88,0.72,77.5,10.31,14.3,23.48,13.65,19.03
2007,269,0.53,0.54,0.52,94.91,2.66,278.75,1.78,67.0,9.4,12.64,28.75,11.87,18.97
2007,270,0.53,0.54,0.52,94.69,2.79,312.94,0.73,72.81,9.95,15.03,25.16,12.99,18.83
2007,271,0.53,0.53,0.51,95.02,1.38,170.44,0.03,64.75,9.7,14.05,28.01,12.63,19.79
2007,272,0.53,0.53,0.5,95.19,2.64,224.56,0.0,53.94,9.64,18.33,31.82,12.44,15.0
2007,273,0.52,0.52,0.5,95.59,1.45,131.75,0.0,66.81,10.99,17.04,30.83,14.65,18.88
2007,274,0.52,0.52,0.49,95.49,1.34,171.75,0.0,64.62,11.23,16.61,34.1,14.86,18.38
2007,275,0.52,0.52,0.49,95.17,0.95,133.81,0.08,57.75,11.35,19.79,32.43,14.95,18.11
2007,276,0.52,0.52,0.5,95.29,1.44,126.19,0.68,73.81,12.39,18.9,25.05,16.55,13.71
2007,277,0.52,0.52,0.49,95.2,2.53,178.88,0.0,55.0,10.07,17.91,35.48,13.1,13.68
2007,278,0.52,0.52,0.48,95.31,1.56,230.38,0.14,61.81,10.19,17.75,30.04,13.22,13.89
2007,279,0.52,0.52,0.49,95.27,2.07,312.38,0.26,83.25,11.54,14.44,23.88,15.4,13.78
2007,280,0.52,0.52,0.49,95.32,2.34,319.44,0.7,80.81,10.5,14.16,22.99,13.98,11.84
2007,281,0.52,0.52,0.51,95.58,1.96,329.88,1.72,79.12,10.5,14.93,23.46,14.01,14.33
2007,282,0.52,0.52,0.51,95.7,1.76,323.56,1.92,79.94,10.13,14.19,22.58,13.53,13.24
2007,283,0.52,0.52,0.51,95.46,1.42,238.56,1.59,75.88,9.4,13.8,22.1,12.22,14.55
2007,284,0.52,0.52,0.5,95.03,1.57,144.94,0.33,72.12,8.73,11.88,26.07,10.93,16.96
2007,285,0.52,0.52,0.49,94.86,2.16,183.56,0.98,62.69,8.97,13.85,28.14,11.4,16.97
2007,286,0.52,0.52,0.57,95.04,2.66,319.5,8.92,88.5,10.62,14.29,18.06,14.12,7.37
2007,287,0.52,0.53,0.52,95.31,1.73,149.56,1.19,80.62,9.58,12.6,21.55,12.56,14.05
2007,288,0.52,0.53,0.51,95.32,1.73,183.56,0.11,69.5,8.67,11.36,25.11,11.01,15.64
2007,289,0.52,0.52,0.5,95.38,1.77,199.56,0.17,65.56,8.67,12.8,25.94,10.98,16.09
2007,290,0.52,0.52,0.51,95.37,1.37,177.88,1.19,73.06,9.64,13.84,22.68,12.61,10.64
2007,291,0.52,0.52,0.53,95.37,1.05,126.0,3.11,78.75,10.25,15.03,22.34,13.58,12.61
2007,292,0.52,0.53,0.52,95.4,1.88,216.56,1.41,80.31,9.52,13.26,20.3,12.44,12.39
2007,293,0.52,0.52,0.52,95.23,3.76,324.62,0.81,71.19,7.63,11.46,18.19,9.08,11.35
2007,294,0.52,0.53,0.55,95.28,5.87,333.62,5.47,71.31,6.16,9.7,12.74,6.0,9.99
2007,295,0.53,0.53,0.54,95.03,3.79,309.0,3.14,80.06,8.12,9.25,18.83,9.88,12.74
2007,296,0.53,0.54,0.52,94.85,1.67,252.31,0.21,77.5,8.06,11.42,19.21,9.9,8.05
2007,297,0.53,0.53,0.52,94.6,1.27,231.56,0.01,74.81,8.3,10.51,20.3,10.3,10.05
2007,298,0.53,0.53,0.52,94.42,1.88,219.94,0.15,65.88,7.32,12.26,20.68,8.35,5.6
2007,299,0.53,0.53,0.52,94.85,1.34,151.94,1.45,88.81,9.28,11.74,17.08,12.03,8.35
2007,300,0.53,0.53,0.54,95.27,1.81,70.06,2.37,87.38,10.01,12.76,20.23,13.19,9.08
2007,301,0.53,0.53,0.52,95.37,1.88,130.75,0.5,80.38,9.34,12.44,20.73,12.15,6.55
2007,302,0.53,0.53,0.53,94.64,2.91,182.88,2.95,68.81,8.48,12.31,21.8,10.68,6.73
2007,303,0.55,0.55,0.63,94.4,3.25,315.5,20.45,89.5,8.61,10.07,15.26,10.75,4.71
2007,304,0.56,0.58,0.63,94.72,2.21,305.44,9.34,85.31,7.39,9.43,13.83,8.63,5.82
2007,305,0.57,0.59,0.66,95.21,3.62,305.81,14.02,90.62,9.16,11.4,15.44,11.84,6.4
2007,306,0.59,0.6,0.64,95.57,2.32,320.44,3.11,82.19,7.57,8.89,15.2,9.04,7.14
2007,307,0.59,0.6,0.63,95.39,1.7,299.44,4.26,89.38,7.75,8.58,14.71,9.4,7.57
2007,308,0.59,0.6,0.62,95.23,1.55,302.31,2.51,87.0,8.0,9.73,16.49,9.8,11.54
2007,309,0.59,0.6,0.63,95.68,1.61,321.0,3.33,87.69,8.12,10.37,16.23,10.21,7.65
2007,310,0.59,0.6,0.62,95.92,1.59,319.62,2.16,87.38,8.12,10.28,16.87,10.23,9.13
2007,311,0.59,0.6,0.62,95.87,2.63,331.75,1.15,84.12,7.57,10.01,14.56,9.11,10.2
2007,312,0.59,0.59,0.61,95.73,1.43,285.25,0.08,72.81,6.29,7.37,18.74,6.31,14.06
2007,313,0.59,0.59,0.6,95.63,2.66,285.75,0.08,78.0,6.71,5.71,17.79,7.17,13.14
2007,314,0.59,0.59,0.59,95.9,1.9,335.06,0.02,77.31,6.41,8.05,15.08,6.71,11.29
2007,315,0.59,0.59,0.59,95.67,1.36,276.25,0.0,76.12,5.98,4.95,17.21,5.54,13.78
2007,316,0.59,0.59,0.59,95.34,1.77,291.25,0.03,79.94,6.65,4.98,17.46,6.91,13.58
2007,317,0.59,0.59,0.59,95.18,1.1,249.5,0.34,84.44,7.51,9.65,15.26,8.94,7.88
2007,318,0.59,0.59,0.6,94.59,2.91,264.5,4.3,81.06,7.02,6.65,17.46,7.65,12.99
2007,319,0.59,0.6,0.67,94.45,1.75,137.69,12.09,87.62,6.53,6.52,11.06,6.76,3.11
2007,320,0.6,0.62,0.7,94.89,4.17,316.19,11.57,83.62,5.25,4.62,8.63,3.71,8.43
2007,321,0.62,0.63,0.69,95.32,2.91,313.56,3.11,82.69,5.13,3.8,10.13,3.45,7.59
2007,322,0.61,0.62,0.66,95.04,1.69,238.75,0.0,66.12,4.03,1.0,15.08,-0.15,13.55
2007,323,0.61,0.62,0.64,94.85,2.74,221.75,0.0,56.31,4.58,2.19,20.83,1.33,12.23
2007,324,0.61,0.62,0.63,94.99,3.87,209.56,0.0,50.25,5.43,8.29,24.48,3.9,12.21
2007,325,0.61,0.61,0.62,94.89,4.3,202.0,0.0,44.25,5.07,12.28,21.55,2.96,9.05
2007,326,0.6,0.61,0.62,94.51,3.02,189.5,0.31,51.56,5.31,10.26,20.01,3.45,5.41
2007,327,0.6,0.61,0.62,94.68,1.21,274.81,1.55,81.81,7.08,8.83,16.05,7.93,5.56
2007,328,0.6,0.61,0.62,94.96,1.5,166.69,1.26,79.44,6.47,6.28,18.34,6.53,12.06
2007,329,0.6,0.61,0.63,94.75,2.34,164.5,0.69,77.19,7.08,8.29,20.27,7.72,11.15
2007,330,0.6,0.61,0.62,94.88,1.2,153.5,0.37,77.81,6.9,7.35,18.91,7.1,10.73
2007,331,0.6,0.6,0.62,94.65,1.77,222.25,0.13,75.25,6.04,5.79,16.95,5.27,11.1
2007,332,0.6,0.6,0.62,94.54,1.53,244.88,1.37,73.75,5.31,3.49,14.05,3.68,7.22
2007,333,0.6,0.61,0.66,94.53,2.38,286.62,7.14,93.44,6.9,4.87,11.19,7.48,5.09
2007,334,0.61,0.62,0.67,95.21,1.98,305.62,2.73,88.06,6.71,5.38,12.89,7.3,7.77
2007,335,0.61,0.62,0.64,95.46,1.66,241.44,0.01,76.0,5.49,3.92,16.45,4.4,11.68
2007,336,0.61,0.62,0.64,95.63,1.23,205.62,0.0,78.44,5.86,4.98,15.35,5.07,10.73
2007,337,0.61,0.61,0.63,95.41,2.58,270.06,0.14,86.38,6.77,4.73,14.94,7.36,10.81
2007,338,0.61,0.61,0.63,95.63,2.52,315.38,0.6,89.38,7.63,7.98,15.03,9.22,6.0
2007,339,0.61,0.61,0.63,96.02,1.81,312.31,0.17,91.44,7.51,7.05,14.02,9.11,7.66
2007,340,0.61,0.61,0.63,95.98,2.45,291.69,0.27,91.56,7.08,5.91,14.87,8.14,5.8
2007,341,0.61,0.61,0.64,95.6,1.77,296.56,1.19,89.25,7.39,7.83,15.59,8.69,7.68
2007,342,0.61,0.61,0.64,95.32,4.15,292.0,1.93,85.25,7.32,8.35,14.68,8.55,4.82
2007,343,0.61,0.61,0.63,95.07,3.15,271.31,0.17,81.88,7.39,8.5,19.26,8.62,10.93
2007,344,0.61,0.61,0.64,95.1,3.77,286.38,2.68,84.75,6.84,7.54,13.13,7.38,6.75
2007,345,0.61,0.62,0.68,95.38,3.88,313.19,9.02,84.94,5.86,5.62,9.55,5.28,5.38
2007,346,0.62,0.62,0.68,95.74,3.29,320.06,4.5,86.38,5.31,4.7,8.54,3.87,5.69
2007,347,0.62,0.63,0.67,96.06,1.77,342.19,0.94,82.25,5.13,4.26,10.3,3.53,7.3
2007,348,0.62,0.62,0.66,95.8,1.66,330.12,1.27,87.81,5.43,4.23,9.01,4.33,5.31
2007,349,0.62,0.62,0.66,95.15,1.62,273.31,0.61,81.5,5.07,2.81,10.73,3.0,6.7
2007,350,0.62,0.63,0.7,94.98,3.12,315.94,9.37,92.38,4.88,2.41,6.22,2.53,3.93
2007,351,0.62,0.64,0.68,95.4,1.91,287.94,0.36,81.81,4.21,0.19,8.19,0.65,8.67
2007,352,0.62,0.63,0.67,95.78,1.61,198.88,0.0,72.62,3.78,-1.52,11.73,-0.79,10.94
2007,353,0.62,0.63,0.66,96.17,1.05,193.0,0.0,69.94,4.03,0.59,13.62,0.14,9.69
2007,354,0.62,0.63,0.66,95.89,1.38,185.38,0.0,67.56,4.33,2.4,14.69,0.98,7.31
2007,355,0.62,0.63,0.66,95.35,3.23,184.56,0.01,68.19,4.94,3.29,15.54,2.65,4.35
2007,356,0.62,0.62,0.66,95.14,2.01,215.81,0.01,65.75,5.37,6.41,15.63,3.87,5.26
2007,357,0.62,0.62,0.66,95.34,1.34,207.75,0.0,73.12,5.49,5.29,16.33,4.36,9.87
2007,358,0.62,0.62,0.66,95.46,1.2,178.81,0.25,80.75,6.16,4.87,15.32,5.83,7.85
2007,359,0.62,0.62,0.66,95.66,1.12,316.69,2.06,91.69,7.08,8.08,12.69,8.09,5.61
2007,360,0.62,0.63,0.67,95.81,1.28,162.75,1.99,91.0,6.77,7.34,12.08,7.48,5.33
2007,361,0.62,0.63,0.66,96.03,0.95,257.38,1.46,84.81,5.92,6.33,12.47,5.57,7.97
2007,362,0.62,0.63,0.69,95.91,1.35,291.38,3.51,87.38,5.8,4.57,10.23,5.21,5.16
2007,363,0.64,0.65,0.77,95.63,2.68,340.94,25.63,95.94,6.1,3.7,8.79,5.94,2.96
2007,364,0.68,0.72,0.85,95.48,4.09,205.75,38.18,93.0,6.71,6.85,9.17,7.26,2.21
2007,365,0.7,0.73,0.78,95.34,2.49,316.12,5.68,88.81,5.49,4.34,8.23,4.35,5.98
2008,1,0.7,0.72,0.75,95.55,1.45,295.25,0.3,86.69,5.43,4.36,10.85,4.36,8.54
2008,2,0.7,0.71,0.74,95.07,2.45,221.75,0.11,74.12,4.46,0.48,13.46,1.26,11.47
2008,3,0.7,0.7,0.73,94.27,3.98,215.19,0.35,66.94,5.07,5.48,15.76,2.9,8.73
2008,4,0.7,0.7,0.74,94.21,1.81,211.0,1.39,79.94,5.37,3.23,11.73,3.72,6.69
2008,5,0.7,0.7,0.73,95.35,1.29,297.38,0.32,87.94,6.16,5.01,13.05,6.05,9.15
2008,6,0.69,0.7,0.73,95.87,1.33,242.25,0.0,77.69,5.62,3.92,15.12,4.86,10.95
2008,7,0.69,0.7,0.73,95.89,1.14,137.06,0.0,82.5,6.53,5.42,16.97,6.77,10.9
2008,8,0.69,0.7,0.73,95.68,1.46,133.56,0.0,87.62,6.96,6.82,16.99,7.9,10.66
2008,9,0.69,0.7,0.73,95.59,1.27,196.12,0.0,88.0,6.84,4.54,15.41,7.53,9.16
2008,10,0.69,0.7,0.73,95.65,1.2,212.75,0.0,80.19,6.59,6.69,16.05,7.1,7.96
2008,11,0.69,0.7,0.73,95.41,2.75,214.88,0.0,79.75,6.04,5.41,17.28,5.73,11.19
2008,12,0.69,0.7,0.73,95.34,3.1,264.25,1.26,85.69,5.49,2.92,11.27,4.47,6.6
2008,13,0.69,0.7,0.73,95.42,1.76,235.31,0.0,69.44,3.91,0.32,14.01,-0.49,12.08
2008,14,0.68,0.69,0.72,95.3,2.36,224.81,0.0,73.38,4.88,2.02,16.57,2.66,11.8
2008,15,0.68,0.69,0.72,95.39,2.1,249.44,0.83,80.19,5.55,3.76,14.45,4.33,9.79
2008,16,0.68,0.69,0.73,95.02,3.6,240.56,5.64,81.31,5.62,2.95,13.23,4.56,8.14
2008,17,0.69,0.7,0.73,95.5,4.09,306.62,1.14,81.0,5.68,5.21,11.61,4.87,7.96
2008,18,0.69,0.7,0.76,95.92,2.98,324.12,6.55,93.56,7.08,5.84,12.49,8.13,3.31
2008,19,0.7,0.7,0.75,96.32,2.51,333.31,2.87,92.88,7.39,7.7,13.68,8.83,5.36
2008,20,0.7,0.7,0.74,96.34,1.27,156.38,0.48,88.5,6.96,5.46,15.7,8.03,8.4
2008,21,0.69,0.7,0.73,96.15,1.66,254.75,0.0,80.5,6.16,3.83,17.34,6.14,13.0
2008,22,0.69,0.7,0.73,95.82,2.45,298.56,0.12,87.19,6.71,4.58,14.3,7.19,12.02
2008,23,0.69,0.7,0.73,95.75,4.5,256.75,0.21,82.69,5.98,3.83,12.04,5.7,11.16
2008,24,0.69,0.7,0.73,96.14,1.72,25.75,0.0,76.69,4.33,1.73,10.41,1.19,10.62
2008,25,0.69,0.7,0.73,96.48,1.23,215.19,0.0,81.56,4.52,0.1,11.37,1.83,12.27
2008,26,0.69,0.7,0.73,96.51,0.99,173.75,0.0,79.0,4.82,2.67,10.98,2.68,10.72
2008,27,0.69,0.69,0.73,96.48,1.16,175.0,0.0,75.0,4.7,2.65,15.01,2.16,13.51
2008,28,0.68,0.69,0.72,96.26,1.31,205.44,0.0,77.12,4.94,2.31,15.06,2.78,13.8
2008,29,0.68,0.69,0.72,96.11,1.73,231.12,0.0,60.44,4.21,1.66,19.08,0.65,14.09
2008,30,0.68,0.69,0.72,96.08,1.74,255.25,0.0,65.0,4.46,1.87,17.82,1.29,14.04
2008,31,0.68,0.68,0.72,95.84,1.52,255.0,0.1,76.5,5.19,2.54,13.49,3.25,10.38
2008,32,0.68,0.68,0.72,95.4,1.48,236.0,0.0,75.5,5.25,3.65,15.37,3.76,13.54
2008,33,0.67,0.68,0.71,95.11,2.23,268.56,0.02,72.06,5.07,2.62,15.66,2.94,13.56
2008,34,0.67,0.68,0.71,95.22,1.68,229.81,0.01,67.81,5.43,6.21,16.55,4.09,13.52
2008,35,0.67,0.67,0.7,95.38,3.15,260.69,0.0,64.69,5.13,5.31,17.71,3.01,13.74
2008,36,0.67,0.67,0.7,95.99,1.47,239.0,0.02,83.5,6.41,5.32,14.95,6.73,12.27
2008,37,0.66,0.67,0.7,96.35,1.34,146.88,0.0,76.69,5.37,2.58,16.62,4.25,15.18
2008,38,0.66,0.67,0.7,96.36,1.88,319.12,0.01,83.5,6.1,3.73,14.92,6.02,15.09
2008,39,0.66,0.67,0.7,96.13,1.48,97.81,0.0,79.12,5.37,3.16,13.74,4.17,13.98
2008,40,0.66,0.66,0.7,96.07,1.47,98.25,0.0,74.31,4.39,1.34,11.33,1.29,12.43
2008,41,0.66,0.66,0.7,96.03,1.45,158.81,0.05,79.06,4.39,-0.65,13.33,1.19,14.56
2008,42,0.66,0.66,0.7,95.82,1.48,179.12,0.0,79.31,4.52,0.5,13.41,1.63,14.7
2008,43,0.66,0.66,0.7,95.73,0.78,177.56,0.05,72.94,4.46,0.25,14.17,1.46,14.12
2008,44,0.66,0.66,0.7,95.93,1.24,142.81,0.0,71.56,4.76,1.61,15.79,2.48,14.81
2008,45,0.66,0.66,0.7,95.87,2.15,172.88,2.91,79.31,5.43,3.14,12.31,4.26,7.45
2008,46,0.66,0.66,0.72,95.42,1.98,208.12,5.06,83.62,6.65,5.93,17.7,7.15,4.52
2008,47,0.66,0.67,0.73,96.07,2.38,96.12,6.21,89.06,6.53,6.38,11.87,7.07,5.25
2008,48,0.66,0.67,0.71,96.64,2.2,121.62,0.04,77.19,4.94,2.56,14.62,3.15,16.42
2008,49,0.66,0.67,0.7,96.27,3.02,210.62,0.0,69.62,4.39,2.44,14.66,1.45,14.44
2008,50,0.66,0.66,0.7,95.69,4.44,211.0,0.05,64.31,4.64,5.37,15.18,2.0,12.31
2008,51,0.66,0.66,0.7,95.58,3.39,227.75,0.71,71.5,5.31,5.5,14.72,3.77,7.72
2008,52,0.66,0.66,0.7,95.9,1.63,221.19,1.71,86.25,6.77,6.65,13.81,7.33,9.83
2008,53,0.66,0.66,0.7,96.16,1.12,82.25,0.35,85.19,6.77,7.47,15.45,7.58,10.43
2008,54,0.66,0.66,0.7,96.13,1.38,115.56,0.02,75.31,5.98,6.29,18.55,5.7,16.76
2008,55,0.66,0.66,0.69,95.94,1.8,227.12,0.0,71.81,6.04,5.4,18.41,5.8,15.19
2008,56,0.66,0.66,0.69,95.73,2.01,228.81,0.01,71.25,6.1,5.58,19.5,6.01,15.99
2008,57,0.65,0.66,0.68,95.6,1.22,202.75,0.1,68.25,6.35,7.23,19.19,6.51,14.82
2008,58,0.65,0.66,0.68,95.58,1.48,240.19,0.51,76.25,6.84,7.68,17.37,7.47,16.39
2008,59,0.65,0.65,0.68,95.62,1.32,117.75,0.01,75.88,6.59,5.15,20.42,6.94,18.24
2008,60,0.65,0.65,0.69,95.81,1.26,291.0,3.13,87.06,7.2,7.82,13.91,8.39,10.29
2008,61,0.65,0.66,0.69,95.76,1.4,232.88,0.72,84.94,7.2,7.94,17.29,8.44,15.87
2008,62,0.65,0.65,0.67,95.62,1.5,243.0,0.0,73.12,6.23,6.4,19.07,6.22,18.96
2008,63,0.64,0.65,0.67,95.28,1.47,217.69,0.0,58.69,5.8,6.48,22.66,5.07,19.5
2008,64,0.64,0.64,0.67,94.85,2.44,311.69,3.84,71.12,6.29,7.46,17.73,6.1,16.24
2008,65,0.65,0.66,0.72,94.31,5.16,300.56,9.48,85.69,4.76,1.64,7.01,2.08,7.32
2008,66,0.66,0.68,0.76,94.4,6.01,321.38,15.0,90.88,5.07,3.72,5.62,3.13,3.88
2008,67,0.67,0.68,0.73,94.5,3.62,271.19,6.4,87.69,4.64,2.08,5.51,1.94,7.92
2008,68,0.67,0.69,0.74,94.63,3.02,321.0,4.19,89.44,5.74,3.52,10.44,4.9,5.45
2008,69,0.67,0.69,0.72,94.68,0.9,198.56,0.05,69.44,4.94,3.15,16.33,2.65,18.32
2008,70,0.67,0.68,0.71,94.64,2.53,250.5,0.02,73.56,5.49,3.04,15.08,4.12,16.4
2008,71,0.67,0.68,0.71,95.04,3.23,279.69,0.13,83.19,6.9,5.21,15.83,7.47,8.07
2008,72,0.67,0.67,0.7,95.55,1.79,275.56,0.0,78.19,7.26,6.76,20.9,8.49,20.29
2008,73,0.66,0.67,0.7,95.52,1.45,119.56,0.0,74.81,7.08,7.9,20.87,8.07,20.44
2008,74,0.66,0.66,0.7,95.23,1.34,200.88,0.0,64.19,6.65,9.58,23.51,7.19,20.19
2008,75,0.66,0.66,0.69,94.94,1.7,260.75,0.0,59.69,7.2,10.48,25.65,8.09,19.33
2008,76,0.66,0.66,0.68,95.08,2.31,285.19,0.0,74.88,7.81,8.26,20.77,9.47,16.77
2008,77,0.66,0.66,0.68,94.89,1.73,244.56,0.02,69.25,6.41,7.39,20.04,6.46,21.53
2008,78,0.65,0.65,0.67,94.42,2.54,277.31,0.01,62.56,6.23,8.08,21.52,5.6,20.93
2008,79,0.65,0.65,0.67,94.44,1.67,224.38,0.19,78.5,7.14,8.13,18.26,8.08,16.96
2008,80,0.65,0.65,0.69,94.6,2.36,139.44,3.12,86.69,6.59,6.23,12.38,6.9,7.46
2008,81,0.65,0.65,0.67,94.41,1.69,308.81,0.12,65.5,4.52,3.96,14.56,1.39,20.32
2008,82,0.65,0.65,0.66,93.33,2.73,258.81,0.01,62.25,5.07,2.15,18.18,2.57,21.24
2008,83,0.64,0.65,0.67,93.46,5.23,264.94,3.56,75.62,5.55,4.19,13.65,4.27,13.4
2008,84,0.64,0.65,0.66,94.44,5.72,282.38,0.4,67.88,4.58,3.73,13.37,1.62,17.49
2008,85,0.64,0.64,0.66,94.81,2.94,276.0,0.0,66.88,5.0,2.57,18.11,2.62,23.31
2008,86,0.64,0.64,0.66,94.55,2.24,274.19,0.51,64.25,5.49,4.67,18.85,4.03,20.79
2008,87,0.64,0.64,0.66,94.31,6.48,296.56,3.81,69.19,5.43,6.82,12.97,3.96,16.06
2008,88,0.64,0.65,0.7,94.82,4.52,318.25,6.34,84.19,7.14,6.18,14.49,8.05,13.96
2008,89,0.64,0.65,0.66,95.52,1.41,129.69,0.0,70.94,5.55,5.0,16.25,4.43,18.17
2008,90,0.64,0.64,0.66,95.11,2.44,227.81,0.71,68.19,6.65,7.83,21.25,7.05,14.52
2008,91,0.65,0.66,0.76,94.92,4.69,282.12,27.59,84.0,6.59,6.77,14.9,6.9,8.36
2008,92,0.68,0.71,0.81,94.79,6.05,331.69,25.69,91.5,6.9,5.56,12.07,7.58,6.9
2008,93,0.69,0.71,0.75,95.68,3.42,311.81,0.81,83.88,6.77,5.76,15.16,7.51,18.11
2008,94,0.69,0.7,0.73,95.47,2.97,298.12,0.0,76.44,6.16,5.0,16.8,5.98,22.25
2008,95,0.68,0.7,0.72,95.18,3.53,244.69,0.17,75.94,5.68,4.65,15.08,4.76,19.61
2008,96,0.68,0.69,0.72,94.97,1.8,255.69,0.05,71.5,5.13,3.13,15.19,3.26,17.49
2008,97,0.68,0.68,0.7,94.4,2.84,228.25,0.0,49.31,4.64,3.52,22.71,1.62,25.81
2008,98,0.67,0.67,0.7,94.23,3.08,244.81,0.41,57.75,7.39,10.48,25.69,8.12,18.73
2008,99,0.66,0.67,0.7,94.43,1.91,279.06,0.08,73.88,8.85,11.11,22.07,11.23,16.2
2008,100,0.66,0.66,0.68,94.35,1.98,239.62,0.02,57.44,8.73,11.94,29.73,10.97,24.42
2008,101,0.66,0.66,0.67,94.09,1.71,203.12,0.03,59.38,8.85,13.69,28.37,10.91,15.65
2008,102,0.66,0.66,0.68,94.33,2.49,245.31,2.37,80.12,8.73,10.89,20.58,11.02,11.05
2008,103,0.66,0.66,0.68,95.03,2.66,315.25,0.19,72.31,6.41,7.76,17.54,6.54,23.62
2008,104,0.65,0.65,0.67,95.51,1.86,306.75,0.03,65.5,5.37,6.52,16.87,3.96,18.07
2008,105,0.65,0.65,0.66,95.51,2.19,288.56,0.01,64.44,5.43,4.19,19.9,3.89,25.83
2008,106,0.65,0.64,0.66,95.51,1.68,117.94,0.03,66.62,5.8,6.26,19.44,5.07,27.07
2008,107,0.64,0.64,0.65,94.94,2.53,209.25,0.01,51.38,5.62,6.19,24.8,4.44,15.17
2008,108,0.64,0.63,0.65,94.29,2.57,250.5,0.06,59.94,6.9,10.34,21.19,7.27,18.02
2008,109,0.63,0.63,0.63,94.05,3.16,194.81,0.0,62.62,7.81,11.34,27.34,9.23,23.94
2008,110,0.63,0.62,0.63,94.27,1.46,137.94,0.0,63.06,6.96,9.97,24.14,7.55,26.23
2008,111,0.62,0.62,0.62,93.96,3.5,235.56,0.0,68.38,7.39,9.09,27.91,8.46,24.06
2008,112,0.62,0.62,0.63,94.56,2.86,284.44,1.29,68.94,6.35,7.57,18.46,6.37,24.18
2008,113,0.62,0.62,0.62,95.1,3.0,282.62,0.15,69.81,6.47,6.44,20.04,6.62,26.21
2008,114,0.62,0.61,0.62,95.55,1.63,289.44,0.01,61.81,5.98,6.91,21.73,5.53,28.29
2008,115,0.62,0.61,0.61,95.91,1.74,287.31,0.0,58.06,6.23,9.73,22.75,6.19,27.66
2008,116,0.61,0.61,0.61,96.12,1.98,177.62,0.08,69.62,6.65,7.15,20.82,7.19,28.29
2008,117,0.61,0.6,0.6,95.68,1.64,98.81,0.0,51.06,5.07,7.99,24.8,3.01,28.09
2008,118,0.6,0.6,0.59,95.43,1.86,90.69,0.0,51.5,5.55,9.37,24.09,4.4,28.29
2008,119,0.6,0.59,0.59,94.92,1.94,226.31,0.0,53.5,6.41,8.29,26.12,6.53,28.07
2008,120,0.59,0.59,0.59,94.45,2.2,227.62,0.0,58.44,7.26,11.33,25.54,8.14,26.69
2008,121,0.59,0.59,0.58,94.37,2.27,268.19,0.0,62.25,8.18,12.72,26.56,10.02,23.36
2008,122,0.59,0.59,0.59,94.88,1.65,137.06,1.27,79.81,10.01,12.73,25.48,13.21,19.27
2008,123,0.59,0.59,0.59,95.19,1.66,134.62,1.54,67.25,10.13,15.43,29.11,13.4,18.71
2008,124,0.59,0.59,0.58,95.27,1.55,126.12,0.01,64.88,9.89,15.38,28.86,13.06,22.61
2008,125,0.59,0.58,0.58,95.21,1.85,180.56,0.19,66.5,9.22,13.97,26.73,11.96,23.25
2008,126,0.59,0.58,0.58,95.24,1.56,105.56,0.08,67.0,8.18,12.34,24.44,10.24,22.84
2008,127,0.58,0.58,0.57,95.11,1.81,106.06,0.01,61.25,7.69,11.49,26.19,9.24,25.6
2008,128,0.58,0.57,0.57,94.82,1.62,103.75,0.19,60.81,8.67,12.22,27.23,10.89,21.75
2008,129,0.58,0.57,0.59,94.39,1.45,150.12,2.04,68.31,10.38,15.65,26.21,13.65,17.33
2008,130,0.59,0.59,0.7,94.02,2.73,286.88,38.26,77.81,10.31,13.17,24.45,13.41,15.86
2008,131,0.62,0.64,0.69,94.39,2.48,220.25,6.1,67.5,7.87,12.37,23.23,9.27,21.76
2008,132,0.62,0.63,0.67,94.72,1.89,137.94,5.69,77.94,8.36,11.55,20.27,10.44,17.19
2008,133,0.62,0.63,0.67,94.65,2.3,264.44,6.73,76.75,7.87,9.61,19.33,9.57,18.56
2008,134,0.62,0.63,0.66,94.9,3.8,286.69,3.18,80.56,8.06,9.96,18.44,9.95,14.63
2008,135,0.62,0.62,0.63,95.01,1.84,233.5,0.05,64.06,7.69,8.02,25.16,9.1,28.72
2008,136,0.62,0.62,0.62,94.84,2.45,200.12,0.09,56.12,8.61,14.51,28.4,10.75,24.32
2008,137,0.62,0.61,0.61,94.33,2.7,167.12,0.0,46.88,7.75,15.33,30.9,9.03,20.54
2008,138,0.61,0.61,0.62,94.29,2.98,294.44,1.45,77.62,9.77,12.78,21.8,12.64,19.63
2008,139,0.62,0.62,0.68,94.29,2.59,137.69,24.36,79.56,9.22,11.87,22.71,11.85,15.94
2008,140,0.64,0.66,0.71,94.19,3.35,292.12,7.56,73.0,7.81,10.03,19.35,9.28,16.47
2008,141,0.64,0.65,0.67,94.64,3.27,282.5,2.45,70.88,7.57,9.65,19.78,8.83,18.8
2008,142,0.63,0.64,0.65,94.95,1.91,235.0,0.0,60.56,7.08,9.1,23.75,7.9,29.16
2008,143,0.63,0.63,0.64,95.01,2.05,211.19,0.05,62.25,8.3,10.69,25.79,10.27,25.51
2008,144,0.62,0.62,0.63,94.78,1.59,220.12,0.48,58.62,9.4,13.96,28.76,12.13,25.55
2008,145,0.62,0.62,0.62,94.48,2.38,181.0,0.3,56.81,9.52,16.52,31.76,12.23,19.82
2008,146,0.62,0.62,0.61,94.17,2.98,166.06,0.0,51.81,9.52,14.94,33.79,12.12,24.19
2008,147,0.62,0.61,0.61,94.09,1.8,83.0,0.59,66.25,10.31,14.3,30.65,13.34,19.15
2008,148,0.61,0.61,0.62,94.19,2.28,243.56,4.59,70.94,9.22,12.94,26.87,11.69,13.6
2008,149,0.62,0.62,0.67,94.65,3.15,176.25,11.59,88.75,8.85,11.12,14.68,11.3,6.06
2008,150,0.62,0.62,0.64,94.93,2.17,284.69,0.25,66.81,7.32,8.34,22.9,8.4,27.47
2008,151,0.62,0.62,0.62,94.97,1.87,208.38,0.0,53.75,7.57,10.8,28.3,8.89,23.97
2008,152,0.61,0.61,0.61,94.83,2.51,192.38,0.03,48.0,8.24,15.48,31.84,10.04,23.93
2008,153,0.61,0.61,0.62,94.83,2.86,328.19,2.03,80.88,10.31,14.08,22.56,13.56,15.4
2008,154,0.61,0.61,0.62,95.06,2.4,326.5,1.11,76.94,9.09,11.83,21.57,11.71,16.47
2008,155,0.61,0.6,0.6,95.21,2.09,286.56,0.04,66.0,8.3,10.38,23.86,10.3,28.64
2008,156,0.6,0.6,0.6,95.19,1.51,220.19,0.11,67.44,8.97,12.87,25.27,11.52,24.85
2008,157,0.6,0.59,0.59,95.01,1.5,222.81,0.2,60.19,8.0,13.02,25.44,9.71,26.78
2008,158,0.59,0.59,0.59,94.95,2.72,273.56,0.7,65.12,8.85,13.51,25.81,11.28,21.51
2008,159,0.59,0.59,0.59,95.1,2.34,45.5,0.2,68.81,8.36,12.37,24.12,10.48,28.46
2008,160,0.59,0.59,0.61,95.03,2.0,54.0,3.17,82.56,8.79,10.69,17.51,11.29,14.26
2008,161,0.59,0.59,0.62,94.94,1.51,169.38,5.34,75.19,9.64,9.88,25.58,12.54,25.78
2008,162,0.59,0.59,0.59,95.05,1.93,128.06,0.11,62.88,9.52,14.62,29.96,12.37,23.17
2008,163,0.59,0.59,0.6,95.09,1.7,223.56,0.9,71.0,10.38,16.42,24.8,13.72,9.74
2008,164,0.59,0.59,0.59,95.07,2.62,311.31,0.35,76.25,10.01,13.44,22.97,13.19,22.55
2008,165,0.59,0.59,0.58,95.1,1.7,118.19,0.0,63.06,8.48,12.29,26.26,10.6,27.83
2008,166,0.59,0.58,0.57,95.2,1.85,247.62,0.0,55.94,8.3,13.22,28.6,10.29,28.63
2008,167,0.59,0.58,0.56,94.89,1.52,198.31,0.0,46.44,8.24,14.83,32.32,9.99,28.25
2008,168,0.58,0.57,0.55,94.53,3.06,193.25,0.0,47.75,9.77,18.35,34.05,12.65,28.19
2008,169,0.57,0.56,0.55,94.69,2.7,261.69,0.0,52.44,9.64,17.43,34.81,12.34,28.6
2008,170,0.57,0.56,0.55,95.25,2.38,92.56,0.08,71.12,11.11,15.52,27.57,14.83,26.16
2008,171,0.57,0.55,0.55,95.35,1.93,62.25,0.0,62.56,9.4,13.73,30.1,12.19,30.13
2008,172,0.56,0.55,0.54,95.38,1.86,72.06,0.0,51.94,8.0,14.76,31.25,9.73,30.38
2008,173,0.56,0.55,0.54,95.35,1.48,173.62,0.0,45.38,8.24,15.94,31.2,9.94,28.41
2008,174,0.55,0.55,0.52,95.25,1.82,191.94,0.0,42.69,9.16,19.05,36.14,11.76,27.9
2008,175,0.55,0.54,0.52,95.13,1.74,187.62,0.0,42.25,9.7,20.06,37.58,12.59,29.07
2008,176,0.55,0.54,0.52,95.06,2.23,216.31,0.0,50.31,10.5,19.7,33.58,13.73,29.03
2008,177,0.55,0.53,0.51,95.12,2.02,222.44,0.0,56.56,11.41,19.53,34.22,15.09,28.16
2008,178,0.54,0.53,0.51,95.28,2.09,304.44,0.0,66.69,11.6,16.95,30.04,15.55,28.63
2008,179,0.54,0.53,0.51,95.33,2.4,319.5,0.0,66.81,10.86,15.86,28.69,14.44,29.02
2008,180,0.54,0.52,0.5,95.36,2.14,129.25,0.0,66.38,11.17,16.74,29.77,14.9,28.73
2008,181,0.53,0.52,0.48,95.31,1.73,85.19,0.0,55.38,10.07,16.3,33.01,13.3,28.26
2008,182,0.53,0.52,0.47,95.22,1.76,137.81,0.07,50.94,10.01,18.34,33.94,13.16,28.06
2008,183,0.53,0.52,0.52,95.09,1.6,190.31,5.71,58.56,11.11,18.27,32.41,14.75,25.79
2008,184,0.53,0.52,0.52,94.93,1.82,191.06,0.68,54.62,10.93,18.23,34.12,14.33,28.54
2008,185,0.53,0.52,0.47,94.89,2.82,255.0,0.0,39.81,9.03,19.88,36.86,11.33,28.24
2008,186,0.52,0.52,0.47,95.17,1.99,218.44,1.16,55.5,11.35,19.44,33.98,15.06,28.72
2008,187,0.52,0.52,0.45,95.1,1.8,151.62,0.0,45.44,9.83,19.04,36.61,12.7,27.92
2008,188,0.52,0.52,0.42,94.9,2.22,258.81,0.19,41.81,10.86,23.39,38.19,14.33,24.39
2008,189,0.52,0.51,0.41,94.96,2.24,185.38,0.1,44.81,10.68,22.28,39.01,13.94,25.38
2008,190,0.52,0.51,0.4,95.2,2.06,130.81,0.04,50.38,11.54,21.63,37.74,15.14,26.94
2008,191,0.52,0.51,0.4,95.26,1.78,134.81,0.02,51.25,12.02,21.02,37.25,15.98,24.53
2008,192,0.52,0.5,0.39,95.14,1.63,196.25,0.29,42.81,10.86,23.41,39.03,14.26,22.55
2008,193,0.52,0.51,0.41,94.9,2.24,222.56,2.3,46.44,11.66,22.71,38.66,15.05,21.64
2008,194,0.52,0.5,0.4,94.63,2.02,108.62,0.52,51.06,11.84,21.91,38.0,15.52,26.19
2008,195,0.52,0.51,0.46,94.81,2.62,145.19,3.78,66.44,13.67,20.47,33.08,17.91,22.5
2008,196,0.52,0.51,0.5,95.45,3.85,58.5,3.28,71.31,12.63,18.46,28.82,16.77,16.08
2008,197,0.52,0.51,0.48,95.73,2.34,59.75,0.34,65.44,11.23,17.08,28.99,15.12,20.88
2008,198,0.52,0.51,0.45,95.49,1.51,194.88,0.19,56.44,11.84,19.38,35.5,15.83,23.44
2008,199,0.51,0.51,0.44,95.08,1.34,200.25,0.35,55.69,11.78,20.86,33.26,15.64,24.33
2008,200,0.51,0.5,0.42,95.02,2.99,191.12,0.51,55.94,11.66,19.46,32.77,15.49,25.98
2008,201,0.51,0.5,0.41,95.23,2.31,69.0,0.0,60.81,11.41,17.69,33.26,15.23,28.53
2008,202,0.51,0.5,0.39,95.15,1.54,146.38,0.0,37.94,8.36,19.01,39.63,10.01,26.92
2008,203,0.51,0.49,0.38,95.18,3.5,277.62,0.03,51.12,11.72,20.78,35.74,15.31,23.3
2008,204,0.5,0.49,0.38,95.52,3.02,275.31,0.0,62.25,10.38,16.55,28.76,13.72,28.47
2008,205,0.5,0.49,0.38,95.39,2.09,256.0,0.0,54.31,8.36,15.05,29.31,10.2,28.53
2008,206,0.5,0.49,0.37,95.06,1.66,210.75,0.0,35.75,7.02,16.21,35.65,7.59,28.62
2008,207,0.5,0.49,0.35,94.84,2.56,267.81,0.0,44.62,10.5,21.38,37.47,13.76,26.62
2008,208,0.5,0.48,0.35,94.97,2.36,251.56,0.0,47.0,9.22,18.95,33.5,11.54,28.67
2008,209,0.49,0.48,0.34,95.11,1.76,103.56,0.0,42.25,8.85,19.57,34.3,11.18,27.84
2008,210,0.49,0.48,0.34,95.05,1.81,157.25,0.0,43.38,9.46,19.42,36.1,12.23,27.43
2008,211,0.49,0.48,0.33,95.03,1.79,88.75,0.16,38.88,9.16,20.65,37.76,11.78,25.48
2008,212,0.49,0.48,0.32,95.09,1.58,177.44,0.0,36.38,9.16,22.31,38.75,11.76,26.73
2008,213,0.49,0.48,0.31,95.1,1.89,189.31,0.02,40.56,10.19,22.8,37.45,13.46,24.31
2008,214,0.49,0.48,0.36,95.17,1.44,215.0,3.55,51.44,11.9,22.77,34.73,15.69,25.13
2008,215,0.49,0.48,0.42,95.39,1.85,281.56,2.27,61.88,13.43,20.82,33.92,17.75,26.13
2008,216,0.49,0.48,0.41,95.39,1.95,149.94,0.03,55.62,10.93,19.58,33.3,14.45,27.66
2008,217,0.49,0.48,0.38,95.13,2.11,165.25,0.0,45.06,9.58,18.87,37.19,12.45,27.03
2008,218,0.49,0.48,0.36,95.11,1.96,72.62,0.0,42.56,9.22,20.36,36.29,11.79,27.61
2008,219,0.49,0.48,0.34,94.93,1.95,103.44,0.0,37.56,8.48,19.23,38.81,10.41,27.58
2008,220,0.48,0.48,0.33,94.76,2.7,210.38,0.0,32.62,8.85,23.08,40.05,10.98,25.77
2008,221,0.48,0.48,0.32,94.9,2.64,207.5,0.0,43.88,10.5,22.19,38.4,13.37,24.38
2008,222,0.48,0.48,0.32,95.12,2.62,27.62,0.35,62.88,12.15,19.03,31.3,16.12,23.61
2008,223,0.48,0.48,0.32,94.92,2.08,101.75,0.0,53.56,9.95,17.16,34.04,12.85,26.99
2008,224,0.48,0.48,0.31,94.55,2.17,201.94,0.0,42.31,9.22,19.08,36.78,11.79,26.18
2008,225,0.48,0.48,0.3,94.54,2.67,221.5,0.0,36.0,9.4,22.35,38.54,12.03,25.49
2008,226,0.48,0.47,0.3,94.85,1.48,181.19,0.02,35.69,9.7,24.79,41.84,12.48,22.87
2008,227,0.48,0.47,0.29,94.92,2.55,231.0,0.0,34.94,9.7,24.25,42.46,11.97,20.28
2008,228,0.48,0.47,0.29,95.05,3.97,270.56,0.04,62.31,13.18,19.58,31.15,17.34,20.47
2008,229,0.48,0.47,0.3,94.84,2.12,47.69,0.0,49.5,8.73,17.25,32.75,10.86,26.53
2008,230,0.48,0.47,0.29,94.83,2.32,201.5,0.0,43.31,8.67,18.75,33.75,10.91,20.75
2008,231,0.48,0.47,0.28,94.96,1.97,207.81,0.0,42.06,9.7,19.76,36.87,12.6,24.98
2008,232,0.48,0.47,0.28,94.84,2.34,231.25,0.0,35.69,9.7,23.89,39.89,12.66,22.05
2008,233,0.48,0.47,0.3,95.16,2.82,251.19,1.3,64.12,13.55,20.44,32.09,17.79,23.67
2008,234,0.48,0.47,0.31,95.31,2.1,68.25,0.02,56.44,10.74,18.17,34.48,14.01,25.09
2008,235,0.48,0.47,0.3,95.06,2.45,180.38,0.0,39.25,8.97,18.84,37.12,11.41,24.08
2008,236,0.48,0.47,0.38,94.93,1.51,189.69,5.96,52.5,11.66,22.01,34.81,15.37,20.03
2008,237,0.48,0.48,0.48,95.0,1.71,63.94,2.23,75.25,13.31,18.26,25.38,17.67,16.08
2008,238,0.48,0.48,0.45,95.25,2.01,72.25,0.36,63.62,10.56,16.76,30.48,13.98,22.46
2008,239,0.48,0.48,0.42,95.43,1.98,77.06,0.0,54.56,9.34,16.27,31.52,11.95,25.01
2008,240,0.48,0.48,0.41,95.24,1.43,189.62,0.81,55.81,10.44,17.35,32.08,13.85,20.3
2008,241,0.48,0.48,0.42,95.17,1.02,105.06,1.84,56.25,10.86,19.65,29.95,14.46,20.23
2008,242,0.48,0.48,0.44,95.14,1.55,150.38,2.78,58.31,11.23,17.9,32.19,14.94,21.88
2008,243,0.48,0.48,0.43,95.08,1.89,184.94,1.64,51.94,10.62,19.4,34.64,14.08,22.71
2008,244,0.48,0.48,0.41,95.19,1.95,211.25,0.47,55.69,11.05,19.07,32.94,14.61,21.38
2008,245,0.48,0.48,0.45,95.35,1.93,220.62,3.83,64.19,12.27,19.72,32.0,16.34,21.57
2008,246,0.48,0.48,0.48,95.21,1.71,186.06,3.22,64.88,12.33,18.33,32.3,16.36,19.95
2008,247,0.48,0.48,0.45,94.94,2.26,206.31,0.0,52.19,10.93,20.4,34.84,14.39,22.66
2008,248,0.48,0.48,0.41,94.96,1.56,241.88,0.2,40.75,9.58,21.26,36.46,12.37,16.75
2008,249,0.48,0.48,0.38,94.98,4.2,207.06,0.02,30.88,8.0,24.34,37.13,9.73,19.72
2008,250,0.48,0.47,0.36,94.96,2.96,171.81,0.3,38.75,9.22,22.5,36.29,11.79,16.56
2008,251,0.48,0.48,0.46,95.01,1.65,191.88,5.01,63.56,12.33,20.19,31.39,16.23,18.56
2008,252,0.48,0.48,0.45,95.05,1.09,141.19,0.03,49.25,10.5,19.03,37.09,13.51,19.87
2008,253,0.48,0.47,0.4,95.13,2.88,191.75,0.01,34.75,8.48,21.72,38.58,10.53,17.15
2008,254,0.48,0.47,0.36,95.11,2.57,203.12,0.0,32.5,8.12,22.98,38.32,9.78,18.1
2008,255,0.47,0.47,0.34,94.89,2.63,189.38,0.16,36.56,8.61,23.24,35.63,10.71,15.59
2008,256,0.47,0.47,0.33,94.81,2.7,181.75,0.51,47.06,9.89,20.33,30.85,12.54,11.28
2008,257,0.48,0.47,0.44,94.94,2.38,161.75,5.98,80.31,13.06,17.43,25.52,17.31,12.02
2008,258,0.48,0.48,0.49,95.08,2.91,291.56,1.83,71.25,9.7,15.26,23.01,12.56,15.34
2008,259,0.48,0.48,0.45,95.1,1.84,250.19,0.11,63.31,8.85,15.08,25.63,11.28,19.26
2008,260,0.48,0.48,0.44,94.98,1.88,208.62,0.0,63.44,8.97,14.71,27.39,11.47,22.28
2008,261,0.48,0.48,0.41,95.03,1.54,155.19,0.0,58.38,8.91,14.05,31.8,11.13,19.25
2008,262,0.48,0.47,0.39,95.22,1.25,206.0,0.0,47.19,8.97,17.22,34.37,11.43,19.85
2008,263,0.48,0.48,0.46,95.43,2.24,303.31,8.59,68.38,11.54,18.12,29.05,15.23,9.33
2008,264,0.48,0.48,0.49,95.43,2.94,334.5,0.35,71.62,10.38,15.61,25.14,13.65,19.87
2008,265,0.48,0.48,0.47,95.08,1.72,227.88,1.06,68.38,10.13,14.51,26.86,13.38,16.27
2008,266,0.48,0.48,0.48,94.73,1.62,224.75,2.2,68.12,10.99,16.87,27.9,14.56,15.05
2008,267,0.48,0.49,0.52,94.56,2.57,292.94,7.34,75.31,11.29,16.7,24.89,14.81,17.18
2008,268,0.49,0.5,0.53,94.88,2.12,306.44,4.8,83.56,11.66,16.19,22.25,15.51,13.24
2008,269,0.5,0.51,0.52,95.34,2.11,130.88,3.96,77.0,10.01,14.76,21.52,13.24,9.47
2008,270,0.5,0.51,0.53,95.44,1.02,73.25,6.09,80.31,9.52,14.33,18.8,12.48,10.44
2008,271,0.51,0.52,0.53,95.41,1.77,66.5,3.97,79.12,9.46,13.62,20.83,12.44,7.66
2008,272,0.51,0.52,0.5,95.49,1.45,75.75,0.53,74.38,9.34,12.68,23.77,12.18,17.56
2008,273,0.51,0.52,0.54,95.29,0.91,137.0,8.06,81.56,10.01,13.8,20.21,13.26,12.52
2008,274,0.52,0.53,0.56,95.03,1.87,49.75,4.76,89.5,10.19,13.27,17.96,13.49,6.54
2008,275,0.52,0.53,0.53,95.12,1.88,46.69,1.86,80.38,9.16,12.62,19.47,11.87,6.73
2008,276,0.52,0.52,0.51,95.04,1.34,224.81,0.09,66.06,8.24,13.15,23.97,10.22,17.7
2008,277,0.52,0.52,0.51,94.92,2.51,275.56,3.31,64.12,7.93,11.51,25.49,9.27,17.1
2008,278,0.52,0.53,0.54,95.61,2.7,275.5,2.68,74.0,7.93,10.66,19.46,9.78,12.86
2008,279,0.52,0.52,0.5,95.54,2.49,213.12,0.0,65.75,7.32,8.25,24.96,8.59,18.8
2008,280,0.52,0.52,0.49,95.53,2.15,215.81,0.0,63.5,8.36,12.08,27.4,10.49,18.59
2008,281,0.52,0.52,0.49,95.35,1.72,229.69,0.0,62.75,8.24,12.98,27.02,10.13,17.9
2008,282,0.52,0.52,0.5,95.1,1.36,202.69,1.25,71.88,9.46,12.26,24.98,12.17,12.66
2008,283,0.52,0.52,0.5,95.17,2.38,127.5,1.0,64.88,8.73,14.14,25.05,11.08,12.59
2008,284,0.52,0.52,0.5,95.77,3.0,113.75,0.66,75.06,10.25,13.48,25.82,13.74,13.77
2008,285,0.52,0.52,0.49,95.94,1.85,177.62,0.24,69.31,10.86,14.17,29.83,14.55,11.18
2008,286,0.52,0.52,0.49,95.98,1.34,144.38,0.31,71.88,12.27,16.64,29.4,16.45,13.34
2008,287,0.52,0.52,0.5,95.66,1.6,205.94,0.52,74.06,11.29,16.0,24.85,15.02,13.14
2008,288,0.52,0.52,0.5,95.41,0.71,172.75,0.34,66.19,9.4,15.9,24.81,12.06,15.55
2008,289,0.51,0.51,0.49,95.54,0.98,137.62,0.02,67.88,9.34,14.95,25.87,12.08,13.0
2008,290,0.51,0.52,0.52,95.48,1.99,240.0,3.44,75.12,10.56,14.99,25.42,14.03,10.15
2008,291,0.52,0.52,0.56,95.23,1.8,284.56,8.27,84.88,10.38,13.4,20.83,13.78,12.42
2008,292,0.52,0.52,0.51,95.27,1.18,179.81,0.03,72.06,8.85,12.87,24.42,11.35,14.72
2008,293,0.52,0.52,0.5,95.45,1.12,188.0,0.0,63.38,8.97,12.49,26.89,11.52,15.72
2008,294,0.52,0.52,0.49,95.48,1.12,243.44,0.03,62.88,9.03,14.71,26.93,11.66,11.66
2008,295,0.52,0.52,0.49,95.17,2.12,218.12,0.64,66.38,9.64,15.84,26.71,12.63,12.81
2008,296,0.52,0.52,0.54,94.89,2.51,242.94,5.88,77.5,10.25,14.26,22.44,13.51,12.31
2008,297,0.52,0.52,0.52,95.32,1.62,235.0,0.66,83.75,10.13,13.19,21.94,13.4,11.3
2008,298,0.52,0.52,0.5,95.47,1.62,241.25,0.02,70.69,9.52,12.13,26.94,12.39,10.72
2008,299,0.52,0.52,0.52,95.64,1.16,144.75,4.49,86.31,10.19,14.1,18.35,13.54,11.05
2008,300,0.52,0.53,0.53,95.55,1.73,90.5,1.91,81.56,11.17,14.29,25.51,14.94,10.7
2008,301,0.52,0.53,0.51,95.07,1.84,217.94,0.09,67.31,9.4,14.96,26.17,12.27,10.5
2008,302,0.52,0.52,0.5,94.28,4.4,207.88,0.05,57.38,7.32,13.12,24.98,8.34,14.17
2008,303,0.52,0.52,0.52,94.32,3.23,237.25,2.43,65.75,6.84,7.22,19.83,7.28,7.22
2008,304,0.52,0.52,0.51,94.67,2.65,235.81,0.0,58.75,4.39,4.6,17.74,0.83,15.56
2008,305,0.53,0.53,0.56,94.21,3.93,199.81,8.08,74.75,6.16,5.5,16.32,5.58,3.1
2008,306,0.53,0.54,0.52,94.59,5.8,200.62,0.0,63.62,6.29,9.02,21.85,6.22,14.34
2008,307,0.53,0.53,0.51,94.66,4.33,199.56,0.0,56.25,5.74,9.64,22.71,4.9,13.5
2008,308,0.53,0.53,0.51,94.71,2.36,198.81,0.02,65.69,6.59,7.98,22.79,6.95,11.96
2008,309,0.52,0.53,0.51,94.63,3.48,224.12,0.26,70.25,6.35,7.44,17.77,6.27,12.05
2008,310,0.52,0.52,0.51,95.16,2.11,231.56,0.12,73.56,5.8,5.27,16.56,5.05,7.1
2008,311,0.52,0.52,0.51,95.2,2.26,278.88,0.58,83.44,6.41,5.83,13.3,6.6,9.45
2008,312,0.52,0.52,0.51,95.43,1.65,235.88,0.0,80.31,6.96,8.3,16.46,7.82,10.96
2008,313,0.52,0.52,0.51,95.76,1.19,201.94,0.0,67.94,5.74,6.26,17.82,5.05,12.54
2008,314,0.52,0.52,0.5,96.21,1.42,136.19,0.0,67.88,5.68,7.2,19.49,4.98,12.71
2008,315,0.52,0.52,0.5,96.17,1.45,121.75,0.0,69.56,5.55,5.62,19.62,4.63,13.91
2008,316,0.52,0.52,0.5,95.64,1.86,228.69,0.0,60.75,5.31,6.29,20.94,3.85,13.72
2008,317,0.52,0.52,0.5,95.29,2.66,244.12,0.36,66.06,5.98,7.98,18.18,5.37,9.11
2008,318,0.52,0.52,0.54,95.12,3.45,276.38,6.66,86.31,6.59,6.62,12.99,7.0,6.93
2008,319,0.53,0.54,0.56,95.19,4.02,286.94,6.08,85.44,6.1,6.5,10.94,5.91,7.46
2008,320,0.54,0.55,0.6,95.12,3.39,320.06,10.29,88.69,7.57,7.83,13.76,9.01,8.11
2008,321,0.55,0.57,0.63,95.42,3.23,323.62,17.86,91.81,7.87,8.65,13.75,9.62,6.92
2008,322,0.57,0.59,0.68,95.45,4.33,339.06,12.32,90.56,8.12,9.57,14.48,10.14,5.23
2008,323,0.58,0.6,0.65,95.14,2.26,315.38,4.07,88.06,7.26,7.53,13.18,8.48,5.49
2008,324,0.58,0.59,0.61,95.1,1.83,230.38,0.03,74.56,5.92,6.12,15.91,5.33,11.69
2008,325,0.58,0.59,0.59,95.61,1.23,243.44,0.0,66.44,5.25,4.85,17.26,3.73,12.1
2008,326,0.58,0.59,0.59,95.54,2.04,266.81,0.0,71.69,5.31,4.37,17.07,3.86,12.32
2008,327,0.58,0.59,0.59,94.92,3.57,284.0,1.11,83.12,6.9,5.47,16.0,7.34,11.52
2008,328,0.58,0.59,0.59,94.61,1.55,110.06,1.47,91.25,7.51,8.59,13.21,8.89,6.32
2008,329,0.58,0.59,0.59,93.94,3.3,236.5,0.14,76.0,6.04,7.05,16.12,5.54,11.36
2008,330,0.58,0.59,0.59,94.11,3.2,273.06,0.51,81.5,5.8,5.98,11.87,4.94,8.04
2008,331,0.58,0.59,0.59,95.05,1.37,120.94,0.94,85.5,5.86,5.41,11.39,5.29,8.17
2008,332,0.58,0.58,0.58,94.28,2.99,152.38,0.02,76.44,6.04,5.89,20.23,5.54,10.46
2008,333,0.58,0.58,0.59,94.05,3.95,257.19,1.07,79.69,5.31,4.39,11.05,3.68,6.34
2008,334,0.58,0.58,0.58,94.25,5.69,217.25,0.02,64.56,4.52,3.37,14.9,1.4,11.8
2008,335,0.57,0.58,0.57,94.17,5.83,213.19,0.01,59.19,4.39,4.55,17.01,1.1,10.34
2008,336,0.57,0.58,0.57,94.56,2.84,230.31,0.0,72.5,4.58,2.23,13.56,1.65,11.09
2008,337,0.57,0.58,0.59,94.49,2.19,284.44,6.88,80.31,5.07,4.33,11.01,3.03,3.41
2008,338,0.59,0.59,0.65,94.71,3.58,310.56,7.03,85.19,5.19,3.65,9.05,3.55,6.63
2008,339,0.59,0.59,0.61,94.68,2.32,247.19,0.79,85.75,5.19,2.76,11.75,3.47,8.92
2008,340,0.59,0.59,0.6,94.93,3.49,240.38,0.86,84.94,5.68,1.92,13.33,4.62,7.3
2008,341,0.59,0.59,0.61,95.31,2.21,275.88,1.64,88.12,7.02,6.47,15.32,7.88,8.03
2008,342,0.59,0.59,0.6,95.55,1.27,227.94,0.23,89.88,7.57,6.05,15.47,9.01,8.07
2008,343,0.59,0.59,0.6,95.44,1.02,189.62,0.86,85.06,7.02,6.39,15.95,7.96,8.3
2008,344,0.59,0.59,0.6,94.85,3.21,198.56,0.06,79.75,6.47,6.2,16.82,6.71,8.21
2008,345,0.59,0.59,0.61,94.16,3.45,230.62,7.91,79.44,5.8,4.97,16.0,5.05,8.12
2008,346,0.6,0.62,0.71,94.41,5.54,295.19,13.35,83.31,4.82,4.12,7.22,2.35,5.55
2008,347,0.61,0.62,0.65,94.98,3.61,279.0,0.42,80.12,5.13,3.6,11.08,3.32,7.55
2008,348,0.6,0.62,0.64,94.73,2.83,224.19,0.03,80.19,4.64,0.9,11.7,1.89,9.66
2008,349,0.61,0.62,0.64,93.61,5.02,202.75,1.5,82.38,4.82,2.43,8.98,2.37,3.29
2008,350,0.61,0.62,0.66,93.7,2.53,235.25,3.56,84.88,4.39,-0.19,7.8,1.04,6.71
2008,351,0.61,0.62,0.64,94.3,3.6,233.94,0.02,77.06,3.78,-0.57,8.62,-0.88,10.29
2008,352,0.62,0.62,0.7,94.47,4.2,270.75,11.34,92.38,5.31,1.65,7.13,3.69,4.05
2008,353,0.62,0.63,0.69,95.13,2.7,303.44,4.51,88.81,5.92,5.12,11.01,5.44,8.19
2008,354,0.62,0.64,0.71,95.73,4.1,318.81,7.63,93.56,6.41,5.55,8.83,6.7,3.95
2008,355,0.63,0.65,0.7,96.17,4.55,326.81,3.28,88.69,6.35,7.57,9.43,6.69,4.71
2008,356,0.63,0.65,0.69,96.28,2.45,318.69,0.78,88.75,6.29,6.69,10.64,6.56,7.66
2008,357,0.63,0.64,0.68,96.18,0.91,225.19,0.0,84.69,6.04,4.41,13.98,5.89,9.89
2008,358,0.63,0.64,0.67,96.05,1.45,250.31,0.0,78.31,5.13,1.92,15.8,3.43,10.97
2008,359,0.63,0.64,0.67,95.93,1.31,229.75,0.0,76.31,4.7,1.26,15.81,2.27,11.15
2008,360,0.63,0.63,0.67,95.2,1.99,228.38,0.0,79.25,4.88,1.12,15.16,2.69,11.06
2008,361,0.63,0.63,0.67,94.63,1.82,227.19,0.0,84.5,5.37,2.38,12.71,3.91,4.68
2008,362,0.62,0.63,0.66,94.95,1.85,207.38,0.0,76.94,4.82,1.46,14.68,2.51,10.83
2008,363,0.62,0.63,0.66,94.7,2.28,213.19,0.0,73.69,5.43,4.04,15.08,4.07,6.22
2008,364,0.62,0.63,0.67,95.4,1.38,127.19,1.06,91.12,6.29,4.37,11.76,6.29,5.27
2008,365,0.62,0.63,0.66,96.06,1.19,114.62,0.03,83.75,5.43,2.76,14.24,4.21,10.27
2008,366,0.62,0.63,0.66,95.97,2.29,211.5,0.0,83.62,5.74,2.55,15.63,4.98,10.33
2009,1,0.62,0.63,0.66,95.61,2.87,220.75,0.0,78.94,5.98,6.07,16.01,5.67,9.04
2009,2,0.62,0.63,0.67,95.23,2.5,236.25,3.52,86.38,6.16,5.8,13.23,6.08,5.23
2009,3,0.62,0.63,0.68,94.94,1.88,265.25,1.77,91.88,6.47,5.4,11.58,6.72,5.3
2009,4,0.63,0.64,0.71,94.59,1.82,190.62,10.28,92.44,6.65,6.29,11.57,7.1,5.13
2009,5,0.64,0.66,0.71,94.84,2.48,319.31,2.76,89.62,5.55,2.33,8.32,4.42,7.85
2009,6,0.64,0.65,0.69,94.63,2.91,218.38,0.04,78.12,4.39,0.02,11.19,1.2,10.4
2009,7,0.64,0.65,0.7,94.48,2.42,224.12,4.22,83.5,5.25,3.55,10.55,3.58,5.49
2009,8,0.64,0.66,0.7,94.8,1.07,229.56,0.52,83.81,5.07,2.76,10.53,3.1,9.78
2009,9,0.64,0.65,0.7,95.08,1.26,208.81,1.14,79.62,4.7,1.55,12.64,2.1,5.09
2009,10,0.64,0.65,0.69,95.44,1.19,198.62,0.55,89.75,5.31,3.03,10.92,3.94,10.55
2009,11,0.64,0.65,0.7,95.55,1.75,89.56,1.87,90.62,5.37,1.83,9.61,4.09,6.55
2009,12,0.65,0.66,0.77,95.01,3.54,49.5,21.95,96.56,6.9,5.73,9.55,7.61,3.31
2009,13,0.7,0.74,0.9,94.48,5.86,244.88,54.61,94.12,7.2,6.05,10.46,8.19,2.29
2009,14,0.72,0.76,0.8,94.96,2.27,283.38,5.38,90.88,5.62,4.08,8.89,4.62,6.79
2009,15,0.73,0.75,0.78,95.22,1.16,258.88,0.38,78.5,5.07,2.23,12.65,3.22,12.07
2009,16,0.72,0.74,0.77,95.35,1.7,197.06,0.0,74.81,4.64,0.83,15.26,1.94,12.27
2009,17,0.72,0.73,0.76,95.44,1.42,159.19,0.0,73.62,4.88,2.08,15.44,2.57,11.8
2009,18,0.72,0.73,0.76,95.54,1.31,274.94,0.04,78.62,5.25,3.15,14.87,3.37,11.6
2009,19,0.72,0.73,0.75,95.04,2.8,217.56,0.04,77.19,5.07,2.31,15.87,3.08,12.79
2009,20,0.72,0.73,0.77,93.84,3.13,247.38,4.51,84.94,6.16,3.78,14.72,5.78,7.08
2009,21,0.73,0.75,0.82,93.96,3.94,187.56,18.29,92.81,5.86,5.65,7.29,5.13,2.57
2009,22,0.73,0.76,0.79,94.59,4.88,309.31,2.46,83.75,5.19,4.05,8.41,3.43,7.94
2009,23,0.74,0.76,0.79,94.14,5.6,277.69,2.82,87.81,8.36,7.16,15.84,10.23,3.43
2009,24,0.73,0.75,0.77,93.9,7.82,281.81,0.37,71.19,6.41,8.65,14.89,6.12,9.41
2009,25,0.73,0.74,0.77,94.02,4.61,265.5,0.06,69.19,5.25,6.34,14.66,3.42,12.89
2009,26,0.73,0.74,0.77,93.98,4.27,262.12,2.39,78.94,4.94,3.73,9.11,2.62,9.86
2009,27,0.73,0.75,0.79,94.36,4.97,284.88,8.0,89.19,5.37,3.15,8.19,3.83,5.38
2009,28,0.74,0.76,0.78,94.77,4.3,291.44,1.9,85.0,5.74,4.61,11.15,4.8,8.08
2009,29,0.74,0.76,0.8,94.85,3.55,297.62,8.16,92.75,7.51,7.76,12.59,8.78,3.25
2009,30,0.75,0.77,0.79,94.93,1.46,252.69,2.2,90.06,7.57,6.61,15.37,9.03,11.06
2009,31,0.75,0.77,0.8,94.23,3.08,228.75,14.48,78.75,6.16,6.01,17.56,5.92,12.59
2009,32,0.76,0.77,0.8,93.77,3.32,220.12,0.21,71.69,4.64,2.32,13.76,1.63,11.75
2009,33,0.76,0.77,0.79,93.25,3.84,201.56,0.31,71.56,5.68,5.89,15.92,4.43,8.43
2009,34,0.76,0.77,0.79,93.59,3.26,251.75,0.99,86.19,5.86,3.85,11.73,5.01,5.68
2009,35,0.75,0.77,0.78,94.19,3.44,217.06,0.01,76.56,5.68,4.0,16.8,4.73,13.61
2009,36,0.75,0.76,0.78,93.89,3.73,204.75,1.73,71.19,5.86,5.9,18.53,5.04,11.64
2009,37,0.75,0.76,0.78,93.52,4.48,214.94,1.96,73.06,5.62,5.17,16.53,4.43,8.05
2009,38,0.75,0.76,0.78,93.51,4.14,260.94,0.97,74.94,4.27,2.23,7.98,0.56,11.01
2009,39,0.76,0.77,0.81,94.16,5.32,290.5,10.33,86.31,4.76,2.37,5.9,2.14,6.62
2009,40,0.76,0.77,0.79,95.26,3.95,279.19,0.17,83.88,6.29,5.57,14.65,6.29,8.81
2009,41,0.76,0.77,0.78,95.31,3.25,266.62,0.92,79.38,6.16,4.62,16.3,5.92,13.7
2009,42,0.75,0.77,0.79,95.25,4.56,295.94,1.19,79.81,5.55,5.02,11.25,4.52,11.96
2009,43,0.76,0.77,0.8,94.99,3.74,320.0,4.81,82.0,5.07,1.65,10.19,3.04,9.69
2009,44,0.76,0.77,0.8,95.05,4.55,320.5,3.81,82.06,4.46,1.36,6.95,1.39,5.54
2009,45,0.76,0.77,0.8,95.15,2.75,321.56,2.01,87.5,5.31,2.7,10.24,3.85,13.16
2009,46,0.76,0.77,0.79,95.4,1.88,130.69,0.03,76.88,4.03,-0.7,9.11,0.13,11.62
2009,47,0.76,0.77,0.78,95.42,1.71,208.06,0.01,75.81,3.85,-2.05,11.08,-0.57,12.43
2009,48,0.75,0.77,0.78,95.45,1.93,311.81,0.2,81.38,4.39,1.44,9.58,1.29,9.72
2009,49,0.75,0.76,0.78,95.24,3.75,295.06,0.27,88.5,5.49,1.59,11.03,4.33,10.47
2009,50,0.75,0.76,0.78,95.43,2.04,285.69,0.23,82.38,5.8,5.81,14.02,5.11,15.09
2009,51,0.75,0.76,0.78,95.71,1.52,241.31,0.07,83.44,5.19,3.35,12.06,3.69,12.65
2009,52,0.75,0.76,0.78,95.75,2.02,250.81,0.94,82.88,4.88,2.26,9.98,2.78,10.88
2009,53,0.75,0.76,0.79,95.75,3.05,316.56,2.15,89.56,5.49,3.82,9.24,4.53,6.94
2009,54,0.75,0.76,0.78,95.15,3.44,309.25,1.79,87.0,6.16,5.82,12.19,6.04,7.75
2009,55,0.75,0.76,0.8,94.95,3.91,320.12,3.99,89.0,5.74,3.86,9.53,5.01,7.12
2009,56,0.75,0.77,0.79,95.69,2.23,215.69,2.3,84.38,4.94,2.44,10.44,3.01,12.54
2009,57,0.75,0.76,0.78,96.0,1.19,185.12,0.0,70.38,4.09,0.77,13.98,0.04,18.71
2009,58,0.75,0.76,0.77,95.42,1.9,221.12,0.0,59.81,4.21,0.46,18.49,0.35,19.17
2009,59,0.74,0.75,0.77,95.07,3.78,206.69,1.01,67.31,4.39,1.3,17.42,1.01,13.51
2009,60,0.74,0.75,0.77,94.96,2.73,254.0,0.56,79.56,6.23,4.24,16.15,5.97,11.97
2009,61,0.74,0.75,0.77,95.19,1.66,211.62,0.04,79.38,6.53,4.73,18.41,6.86,16.87
2009,62,0.74,0.75,0.77,94.69,2.73,202.38,0.01,71.56,6.47,7.31,19.59,6.64,12.41
2009,63,0.73,0.74,0.78,93.46,3.42,250.31,4.82,74.06,5.98,5.96,15.45,5.27,7.79
2009,64,0.74,0.76,0.81,92.89,6.11,280.12,14.39,76.19,5.31,5.01,11.94,3.55,10.56
2009,65,0.76,0.78,0.84,93.36,6.77,300.5,15.24,82.5,4.94,3.55,8.48,2.53,5.26
2009,66,0.77,0.78,0.8,94.44,5.33,321.06,1.83,76.69,4.76,3.94,9.26,2.27,13.34
2009,67,0.76,0.77,0.79,95.15,2.8,298.69,0.06,79.94,5.68,3.76,14.15,4.83,17.02
2009,68,0.76,0.77,0.79,95.35,1.65,105.06,0.0,73.69,5.68,3.79,18.37,4.68,20.07
2009,69,0.76,0.77,0.78,95.6,1.64,94.0,0.0,80.81,6.1,4.98,17.98,5.93,20.36
2009,70,0.75,0.76,0.78,95.52,1.9,310.06,0.0,76.81,5.62,4.47,15.58,4.67,20.4
2009,71,0.75,0.76,0.78,95.69,1.79,311.5,0.05,80.06,5.68,4.13,14.87,4.99,20.16
2009,72,0.75,0.76,0.77,95.68,1.95,230.75,0.0,70.75,5.49,2.19,19.58,4.44,21.54
2009,73,0.74,0.75,0.77,95.47,1.76,210.88,0.0,64.38,5.98,5.41,22.3,5.51,21.59
2009,74,0.74,0.74,0.77,95.5,1.77,228.19,0.0,66.62,5.98,6.39,19.54,5.55,21.81
2009,75,0.74,0.74,0.77,95.32,2.45,298.06,3.92,86.94,6.53,5.19,13.53,6.83,12.36
2009,76,0.74,0.75,0.77,95.54,1.98,90.62,0.68,85.31,6.53,5.43,14.01,6.98,8.61
2009,77,0.73,0.74,0.77,95.65,1.89,83.62,0.08,80.5,6.16,6.21,15.77,6.05,18.28
2009,78,0.73,0.74,0.77,95.18,2.12,233.75,0.01,73.38,5.98,3.66,18.45,5.51,20.93
2009,79,0.73,0.73,0.76,94.91,3.41,289.19,0.12,78.31,6.04,3.98,16.2,5.56,22.29
2009,80,0.73,0.73,0.76,95.27,2.84,182.38,0.21,66.0,4.27,2.4,11.74,0.62,17.67
2009,81,0.73,0.73,0.76,95.61,2.26,336.12,0.57,68.62,3.91,0.88,10.89,-0.47,17.6
2009,82,0.73,0.73,0.76,95.59,1.66,290.12,0.01,75.38,4.64,-0.45,14.1,1.89,20.69
2009,83,0.72,0.73,0.75,94.86,2.35,267.75,0.03,65.44,4.7,0.65,19.93,1.58,23.15
2009,84,0.72,0.72,0.75,95.02,1.92,252.44,0.09,72.75,5.37,5.47,15.12,3.94,22.37
2009,85,0.71,0.72,0.74,95.02,1.79,205.88,0.0,65.44,5.31,4.95,19.15,3.83,23.81
2009,86,0.71,0.71,0.73,94.64,2.52,213.06,0.11,59.94,7.02,7.33,25.26,7.58,19.0
2009,87,0.7,0.71,0.73,93.81,4.53,205.69,0.28,74.94,9.95,13.61,22.53,12.88,10.19
2009,88,0.7,0.7,0.73,93.86,3.84,231.19,2.72,73.94,8.48,10.2,20.93,10.45,19.86
2009,89,0.7,0.71,0.77,94.32,2.61,217.62,9.28,83.31,7.45,7.72,18.36,8.67,16.27
2009,90,0.71,0.73,0.77,94.41,2.16,297.69,5.67,76.62,5.74,4.29,15.57,4.71,19.76
2009,91,0.71,0.72,0.76,94.58,1.93,284.31,1.5,77.12,5.92,5.87,13.8,5.26,18.84
2009,92,0.71,0.72,0.75,94.84,2.11,277.19,1.08,79.19,5.98,4.02,14.3,5.5,18.98
2009,93,0.71,0.72,0.76,95.08,1.48,257.25,4.61,78.81,6.41,7.45,15.96,6.57,17.32
2009,94,0.72,0.73,0.78,95.34,2.12,316.88,7.28,90.5,6.71,7.36,11.03,7.3,11.25
2009,95,0.72,0.73,0.76,95.56,1.59,238.88,0.91,80.5,6.41,6.03,15.73,6.65,17.31
2009,96,0.72,0.73,0.75,95.16,1.68,234.62,0.21,67.31,6.16,4.46,20.51,5.87,20.93
2009,97,0.71,0.72,0.75,94.68,3.6,216.81,3.86,65.44,6.9,9.35,22.52,7.27,17.33
2009,98,0.73,0.75,0.84,94.87,1.67,236.94,27.1,85.0,7.08,7.98,13.6,8.06,7.58
2009,99,0.73,0.76,0.79,94.75,1.66,295.62,3.06,83.94,6.59,6.58,14.48,6.97,17.14
2009,100,0.73,0.75,0.77,94.28,1.27,212.62,1.68,70.0,6.59,5.53,21.74,6.7,25.22
2009,101,0.74,0.77,0.84,94.11,1.38,269.5,28.92,90.25,6.53,3.06,11.62,6.51,3.54
2009,102,0.77,0.79,0.82,93.99,4.37,291.25,6.03,84.5,6.04,5.08,11.55,5.55,13.75
2009,103,0.77,0.79,0.84,94.36,4.59,292.38,12.22,91.94,7.14,6.72,11.53,7.94,6.36
2009,104,0.77,0.79,0.8,94.66,1.46,232.44,0.04,68.62,6.23,5.65,20.28,6.04,24.36
2009,105,0.77,0.78,0.79,94.6,2.5,207.38,0.0,60.62,6.77,8.65,24.25,7.15,25.73
2009,106,0.77,0.77,0.79,94.87,1.73,188.94,0.62,73.88,7.2,7.55,22.63,8.03,20.35
2009,107,0.77,0.77,0.8,94.94,1.22,167.81,3.1,81.81,7.51,9.01,15.44,8.85,12.7
2009,108,0.77,0.77,0.81,94.85,1.7,306.38,5.93,84.75,6.77,6.84,13.62,7.34,8.88
2009,109,0.77,0.78,0.83,94.85,1.66,108.12,16.17,78.06,6.1,5.05,16.05,5.73,14.17
2009,110,0.78,0.8,0.84,95.26,3.31,327.0,8.96,86.75,6.71,6.23,12.6,7.23,14.07
2009,111,0.79,0.8,0.83,95.14,3.64,287.88,8.37,88.19,6.65,5.3,11.99,7.1,10.86
2009,112,0.8,0.83,0.88,94.99,4.73,307.38,25.42,92.5,7.75,8.03,12.71,9.3,5.44
2009,113,0.81,0.84,0.84,95.29,3.07,294.56,1.08,81.62,7.57,7.88,17.23,9.01,18.44
2009,114,0.81,0.82,0.82,95.1,3.01,218.44,0.0,59.75,6.41,6.03,24.57,6.4,28.18
2009,115,0.8,0.81,0.8,94.63,5.28,200.69,0.03,53.19,7.2,12.3,25.42,7.99,20.98
2009,116,0.8,0.8,0.8,94.4,2.16,251.38,0.37,63.5,7.32,10.02,22.65,8.12,15.23
2009,117,0.79,0.8,0.81,94.54,3.99,289.88,1.1,80.5,6.53,5.62,14.29,6.79,17.76
2009,118,0.79,0.8,0.8,94.82,2.49,274.25,0.0,68.81,6.16,3.89,20.36,5.63,27.86
2009,119,0.78,0.79,0.8,95.2,2.09,282.81,0.0,75.5,7.2,8.44,19.43,8.26,26.58
2009,120,0.78,0.78,0.8,95.2,1.62,204.19,0.0,69.31,6.84,7.14,20.85,7.41,27.86
2009,121,0.78,0.79,0.82,94.94,2.08,299.31,10.33,83.31,7.69,9.05,16.84,9.23,14.44
2009,122,0.79,0.8,0.82,95.44,2.21,225.38,4.04,82.69,7.63,8.87,16.72,9.16,19.36
2009,123,0.78,0.79,0.8,95.67,1.69,304.56,0.33,77.88,7.57,8.51,19.22,9.01,25.66
2009,124,0.78,0.78,0.8,95.52,1.73,263.88,0.0,72.81,7.32,7.84,20.99,8.51,27.97
2009,125,0.77,0.78,0.8,95.5,2.4,261.31,3.73,81.69,7.57,9.11,16.77,9.07,12.76
2009,126,0.77,0.78,0.8,95.59,1.79,286.19,0.0,78.81,7.63,9.04,18.8,9.26,20.84
2009,127,0.77,0.77,0.79,95.52,1.57,168.94,0.0,70.94,7.69,7.87,23.78,9.25,28.89
2009,128,0.77,0.77,0.78,95.34,2.31,220.56,0.0,61.0,8.12,10.25,26.56,10.02,28.99
2009,129,0.76,0.76,0.77,95.18,2.8,222.12,0.0,56.12,8.18,12.46,27.55,10.11,28.59
2009,130,0.75,0.75,0.77,95.12,1.57,189.81,0.0,53.06,8.06,12.65,28.6,9.69,26.67
2009,131,0.74,0.74,0.76,95.06,1.7,160.06,0.0,55.12,8.91,13.82,30.01,11.16,28.53
2009,132,0.73,0.73,0.75,94.99,1.75,150.88,0.0,56.62,9.09,14.16,29.58,11.49,29.09
2009,133,0.73,0.73,0.74,94.83,2.5,257.5,0.56,65.0,9.16,14.4,28.08,11.69,26.92
2009,134,0.73,0.73,0.77,94.45,2.23,309.44,10.02,83.19,9.46,12.4,18.69,12.27,9.1
2009,135,0.77,0.79,0.9,94.38,5.05,318.94,51.57,90.19,8.85,11.18,15.55,11.23,6.33
2009,136,0.78,0.8,0.81,95.13,3.64,289.25,1.33,73.31,7.39,10.65,18.22,8.68,24.44
2009,137,0.77,0.79,0.8,95.18,1.38,165.56,0.0,62.44,7.75,7.22,26.74,9.01,29.57
2009,138,0.77,0.77,0.78,95.26,1.73,236.94,0.0,54.75,8.48,12.15,28.61,10.52,29.08
2009,139,0.77,0.77,0.77,95.38,1.92,224.44,0.0,53.62,9.52,14.71,31.64,12.26,28.32
2009,140,0.76,0.76,0.77,95.42,1.24,143.31,0.01,57.31,10.44,17.65,30.9,13.76,26.21
2009,141,0.75,0.75,0.76,95.27,1.52,150.06,0.0,52.5,9.89,17.08,33.62,12.93,29.25
2009,142,0.74,0.74,0.75,95.2,2.03,144.62,0.0,51.81,9.95,17.1,33.76,13.01,29.17
2009,143,0.73,0.73,0.74,95.12,1.62,209.06,0.0,52.56,9.77,16.77,32.43,12.58,28.06
2009,144,0.73,0.72,0.73,95.18,1.48,168.31,0.0,52.56,9.4,16.38,30.93,12.1,27.65
2009,145,0.72,0.71,0.72,95.11,1.66,107.69,0.02,56.88,9.64,16.52,30.34,12.33,22.66
2009,146,0.71,0.71,0.72,95.2,2.0,102.31,0.14,75.25,10.74,14.76,26.35,14.27,26.68
2009,147,0.71,0.7,0.72,95.56,2.88,75.0,0.42,80.88,10.13,13.83,22.86,13.54,16.44
2009,148,0.7,0.7,0.71,95.62,2.03,278.56,0.01,68.12,7.93,11.1,22.4,9.7,30.37
2009,149,0.7,0.7,0.7,95.29,1.65,128.25,0.0,61.94,8.12,10.19,26.64,10.12,30.76
2009,150,0.7,0.7,0.7,95.02,1.92,189.25,0.53,65.5,10.25,14.92,26.39,13.48,14.71
2009,151,0.7,0.69,0.69,94.76,2.85,254.44,0.52,63.75,10.07,16.04,31.29,13.15,25.5
2009,152,0.69,0.68,0.69,95.06,2.34,271.06,0.18,71.62,10.19,14.21,25.04,13.42,28.92
2009,153,0.68,0.68,0.67,95.0,2.05,185.81,0.01,63.38,9.28,13.55,27.26,12.01,27.32
2009,154,0.68,0.67,0.67,95.1,1.6,105.12,0.0,59.0,8.18,13.17,25.94,10.16,30.48
2009,155,0.67,0.66,0.66,94.89,1.57,211.62,0.0,50.0,8.73,14.15,30.91,10.94,29.06
2009,156,0.66,0.66,0.65,94.49,3.09,214.44,0.01,49.0,9.4,18.23,33.08,12.08,22.67
2009,157,0.66,0.65,0.65,94.53,1.89,181.94,0.0,62.69,9.4,14.47,28.38,12.12,29.89
2009,158,0.66,0.65,0.65,94.82,1.98,238.81,0.01,68.19,9.7,14.32,27.11,12.72,27.86
2009,159,0.65,0.64,0.63,94.79,2.11,176.81,0.04,63.81,10.19,13.26,32.01,13.43,28.29
2009,160,0.65,0.64,0.63,95.19,1.59,176.81,0.07,69.38,10.38,14.98,27.65,13.77,21.9
2009,161,0.64,0.63,0.63,95.56,1.52,85.0,0.38,61.75,10.19,15.63,29.87,13.55,28.91
2009,162,0.64,0.62,0.62,95.56,2.09,187.56,0.0,58.12,11.11,17.77,33.05,14.85,28.27
2009,163,0.63,0.62,0.62,95.57,1.71,76.38,0.0,50.31,9.4,18.86,31.04,12.2,29.87
2009,164,0.62,0.62,0.61,95.54,1.81,104.81,0.0,49.56,9.16,17.83,32.79,11.84,30.92
2009,165,0.62,0.61,0.6,95.5,2.21,134.38,0.0,46.25,8.73,16.47,35.0,11.01,30.81
2009,166,0.62,0.6,0.59,95.28,2.0,165.81,0.0,43.75,9.09,18.18,35.58,11.64,29.67
2009,167,0.61,0.6,0.59,95.2,2.18,235.94,0.0,43.69,8.97,18.4,34.11,11.39,29.92
2009,168,0.61,0.59,0.59,95.33,1.74,210.88,0.0,49.19,9.95,18.83,34.69,12.97,30.09
2009,169,0.6,0.59,0.59,95.45,1.65,96.38,0.0,50.69,9.95,18.82,33.0,12.85,29.04
2009,170,0.59,0.59,0.58,95.28,1.64,96.12,0.0,44.56,9.16,18.53,34.89,11.64,28.51
2009,171,0.59,0.58,0.58,95.25,2.06,133.81,0.01,52.81,10.13,18.21,31.4,13.29,26.02
2009,172,0.59,0.58,0.58,95.3,3.04,300.19,0.0,67.19,9.83,13.71,25.55,12.96,24.43
2009,173,0.59,0.58,0.58,95.36,2.7,252.5,0.0,67.69,8.97,12.23,24.44,11.62,28.54
2009,174,0.59,0.57,0.58,95.09,2.32,291.06,0.0,65.56,9.34,13.57,26.26,12.15,29.62
2009,175,0.58,0.57,0.57,94.84,1.77,215.62,0.0,53.56,8.3,13.26,30.51,10.12,29.27
2009,176,0.58,0.57,0.56,94.79,2.09,294.44,0.0,53.12,9.95,17.85,32.12,12.94,20.92
2009,177,0.57,0.56,0.55,94.92,1.66,266.44,0.0,51.25,8.73,17.79,30.46,10.73,23.1
2009,178,0.57,0.56,0.55,95.09,2.3,268.56,0.01,54.81,8.97,16.5,28.44,11.48,29.84
2009,179,0.57,0.55,0.54,95.05,1.94,220.44,0.0,46.94,8.0,14.85,31.7,9.72,29.89
2009,180,0.56,0.55,0.52,95.13,1.61,179.0,0.1,44.69,8.42,18.66,32.12,10.42,26.46
2009,181,0.56,0.55,0.51,95.31,1.91,84.19,0.0,43.62,8.36,17.23,33.58,10.36,29.31
2009,182,0.56,0.55,0.49,95.42,1.8,177.94,0.0,44.12,8.73,18.84,33.23,11.03,28.81
2009,183,0.55,0.55,0.48,95.3,1.86,187.94,0.0,42.94,9.28,19.2,35.45,12.0,28.21
2009,184,0.55,0.54,0.46,95.06,1.86,224.19,0.0,40.06,9.28,20.58,36.38,11.94,28.99
2009,185,0.55,0.54,0.46,94.9,1.73,229.88,0.0,44.25,10.25,21.04,33.76,13.5,23.46
2009,186,0.55,0.54,0.45,94.81,1.8,235.81,0.0,42.0,9.89,21.4,35.61,12.86,29.34
2009,187,0.55,0.53,0.44,94.8,1.71,236.25,0.0,44.5,9.83,20.69,35.36,12.72,26.4
2009,188,0.55,0.53,0.44,94.86,1.62,242.75,0.61,46.88,10.8,21.03,36.07,14.19,25.83
2009,189,0.54,0.53,0.44,95.05,1.81,77.88,0.6,61.0,13.0,20.52,34.69,17.19,22.85
2009,190,0.54,0.53,0.45,95.21,2.55,72.69,0.75,69.38,13.12,19.91,31.96,17.46,20.16
2009,191,0.54,0.53,0.45,95.3,2.2,52.0,0.2,62.0,11.29,18.33,30.75,15.09,28.1
2009,192,0.54,0.53,0.43,95.3,1.84,123.12,0.01,52.69,9.95,16.5,33.68,13.06,28.98
2009,193,0.54,0.52,0.42,95.14,2.09,178.12,0.0,47.88,11.05,20.3,36.23,14.65,27.6
2009,194,0.53,0.52,0.41,94.88,2.76,219.62,0.0,36.31,10.31,23.29,40.68,13.58,26.63
2009,195,0.53,0.52,0.39,94.9,2.12,236.81,0.26,41.5,11.66,24.11,40.25,15.34,20.53
2009,196,0.53,0.52,0.39,95.29,2.4,188.81,0.02,44.88,11.96,24.14,37.71,15.87,25.83
2009,197,0.52,0.52,0.38,95.35,2.53,259.0,0.0,45.06,12.08,24.49,39.88,15.98,27.01
2009,198,0.52,0.51,0.38,95.26,2.38,301.5,0.17,54.69,12.39,20.7,34.83,16.41,27.62
2009,199,0.52,0.51,0.4,95.55,3.12,78.62,1.13,68.12,11.78,16.87,27.83,15.68,22.49
2009,200,0.52,0.51,0.39,95.59,2.31,116.5,0.1,57.88,10.25,15.29,32.7,13.71,28.49
2009,201,0.52,0.51,0.38,95.48,1.5,186.94,0.0,47.0,10.38,19.29,36.45,13.78,27.59
2009,202,0.52,0.51,0.38,95.37,2.54,199.69,0.0,38.69,9.64,21.9,37.86,12.59,27.19
2009,203,0.52,0.51,0.36,95.19,2.27,201.69,0.0,33.06,9.4,22.85,41.84,12.11,25.82
2009,204,0.52,0.5,0.35,95.21,2.85,207.62,0.0,31.75,9.58,26.0,41.88,12.31,26.78
2009,205,0.51,0.5,0.34,95.36,1.69,194.62,0.0,32.5,9.95,24.97,42.3,12.94,26.79
2009,206,0.51,0.5,0.34,95.61,2.09,142.25,0.0,42.62,10.99,22.62,37.07,14.67,26.58
2009,207,0.51,0.49,0.34,95.51,2.2,84.88,0.0,43.31,10.07,21.19,37.98,13.06,27.41
2009,208,0.51,0.49,0.34,95.19,2.32,252.0,0.05,30.62,8.67,24.51,41.3,10.77,25.71
2009,209,0.51,0.49,0.33,95.29,2.47,272.38,0.22,43.31,11.41,23.69,40.36,14.84,24.9
2009,210,0.5,0.49,0.33,95.4,2.01,238.5,0.0,44.81,10.93,22.73,37.83,14.22,27.52
2009,211,0.5,0.49,0.33,95.45,1.94,224.62,0.0,42.06,9.58,21.67,36.54,12.29,28.11
2009,212,0.5,0.49,0.33,95.38,1.6,127.69,0.0,51.5,10.62,19.52,35.3,13.87,27.08
2009,213,0.5,0.48,0.32,95.07,1.52,234.75,0.0,43.12,10.01,19.97,37.22,13.04,24.55
2009,214,0.5,0.48,0.31,95.01,2.61,212.69,0.0,39.88,9.03,21.32,36.91,11.22,27.28
2009,215,0.49,0.48,0.3,94.98,2.45,178.56,0.0,42.56,9.22,20.28,38.39,11.29,25.6
2009,216,0.49,0.48,0.3,95.2,2.66,52.31,0.0,59.25,11.54,19.47,32.24,15.35,27.05
2009,217,0.49,0.48,0.3,95.22,2.07,81.25,0.0,52.81,10.19,17.87,34.05,13.39,27.21
2009,218,0.49,0.48,0.3,95.16,1.86,193.44,0.0,38.19,8.36,19.8,37.09,10.22,27.15
2009,219,0.49,0.48,0.3,95.1,2.2,272.81,0.03,44.81,10.07,21.69,34.75,13.08,26.64
2009,220,0.49,0.48,0.3,95.05,1.88,215.44,0.0,53.94,10.99,19.93,33.58,14.55,26.94
2009,221,0.49,0.48,0.32,94.95,2.06,243.19,1.56,49.19,11.05,19.84,36.41,14.51,24.26
2009,222,0.49,0.48,0.34,95.26,2.12,155.12,0.71,47.69,11.84,22.76,35.31,15.65,18.36
2009,223,0.49,0.48,0.34,95.26,1.55,159.0,0.36,40.31,10.5,22.54,39.01,13.67,12.48
2009,224,0.49,0.48,0.35,95.13,2.23,165.81,0.46,49.38,12.02,22.44,38.05,15.78,19.46
2009,225,0.49,0.48,0.45,94.95,2.8,188.75,7.38,58.25,13.0,21.67,33.94,16.9,21.01
2009,226,0.49,0.49,0.48,94.98,2.05,71.88,0.26,70.94,14.28,20.23,30.71,18.72,17.91
2009,227,0.49,0.48,0.44,94.96,2.21,202.0,0.06,53.06,12.02,21.33,37.62,15.44,17.97
2009,228,0.49,0.48,0.42,95.13,2.3,244.69,0.69,74.38,16.05,21.83,32.37,20.62,20.22
2009,229,0.49,0.48,0.42,95.23,2.61,30.0,0.48,70.19,14.71,20.69,31.61,19.17,22.48
2009,230,0.49,0.48,0.4,95.34,2.13,97.12,0.0,55.38,11.05,19.05,34.71,14.42,25.67
2009,231,0.48,0.48,0.4,95.25,1.74,176.25,2.04,45.94,11.23,20.74,36.92,14.87,20.02
2009,232,0.48,0.48,0.41,95.33,1.62,159.38,1.7,53.62,12.33,21.99,34.04,16.26,24.21
2009,233,0.48,0.48,0.41,95.47,1.92,69.19,0.95,57.19,11.54,20.62,32.58,15.27,23.7
2009,234,0.48,0.48,0.38,95.37,2.01,90.31,0.0,48.5,9.34,18.57,34.15,11.98,25.32
2009,235,0.48,0.48,0.36,95.11,2.0,97.0,0.0,40.94,8.18,18.49,35.48,9.85,25.31
2009,236,0.48,0.48,0.34,94.62,2.27,191.12,0.01,38.62,9.34,20.4,37.57,11.87,22.92
2009,237,0.48,0.48,0.35,94.67,2.38,211.75,1.57,46.88,10.86,21.05,35.48,14.01,24.12
2009,238,0.48,0.48,0.45,95.12,2.17,248.94,5.05,61.44,13.06,22.11,34.4,17.18,18.43
2009,239,0.48,0.48,0.45,95.21,2.88,170.25,0.96,61.25,12.63,20.76,32.08,16.76,14.53
2009,240,0.49,0.48,0.48,95.08,1.68,292.19,4.74,75.94,13.85,19.69,27.22,18.23,18.87
2009,241,0.49,0.49,0.48,95.25,2.15,190.81,0.76,73.12,12.88,19.06,28.59,17.05,19.47
2009,242,0.49,0.48,0.45,95.32,1.78,64.12,0.01,64.94,11.72,18.74,30.35,15.68,23.25
2009,243,0.48,0.48,0.43,95.23,1.91,184.0,0.28,60.19,11.47,17.17,33.48,15.3,24.15
2009,244,0.48,0.48,0.4,95.16,1.55,190.44,0.0,49.19,10.38,19.37,36.51,13.53,23.13
2009,245,0.48,0.48,0.38,95.09,1.8,187.25,0.01,48.12,11.35,21.55,36.2,15.06,22.42
2009,246,0.48,0.48,0.38,95.08,1.55,245.31,0.31,66.06,13.73,21.84,28.22,18.12,22.24
2009,247,0.48,0.48,0.38,95.07,2.02,199.94,0.08,57.31,12.57,21.47,36.0,16.62,22.13
2009,248,0.48,0.48,0.38,95.31,3.04,59.44,0.69,69.94,14.04,19.98,31.01,18.51,18.02
2009,249,0.48,0.48,0.38,95.4,2.46,46.56,0.08,64.06,11.23,18.17,29.9,15.05,16.53
2009,250,0.48,0.48,0.36,95.31,2.22,63.06,0.06,58.62,10.13,17.3,31.65,13.34,21.98
2009,251,0.48,0.48,0.4,95.2,1.97,116.19,3.11,62.44,10.56,16.65,29.86,14.0,18.63
2009,252,0.48,0.48,0.48,95.27,2.17,44.5,5.82,68.88,10.62,16.75,27.14,14.08,19.81
2009,253,0.48,0.48,0.47,95.52,1.91,136.12,0.47,67.56,10.13,15.89,26.52,13.4,20.54
2009,254,0.48,0.48,0.45,95.26,1.95,31.88,0.08,66.69,10.13,16.3,26.65,13.38,19.34
2009,255,0.49,0.5,0.56,94.93,1.46,57.69,15.73,77.19,10.8,15.65,23.62,14.39,8.03
2009,256,0.5,0.52,0.54,95.06,1.95,217.88,4.04,73.44,10.68,16.01,24.74,14.2,16.37
2009,257,0.51,0.52,0.54,94.83,1.98,227.06,5.56,70.31,10.74,15.25,24.79,14.25,16.39
2009,258,0.51,0.52,0.52,94.51,2.73,238.0,1.87,72.12,11.05,16.3,27.8,14.61,9.75
2009,259,0.51,0.52,0.52,94.62,1.84,263.62,3.2,74.31,10.62,14.94,25.69,14.01,18.38
2009,260,0.51,0.52,0.49,94.93,1.7,181.25,0.01,63.19,9.7,13.77,29.5,12.53,17.96
2009,261,0.51,0.52,0.51,95.16,2.74,137.38,3.6,68.81,10.62,16.55,27.06,13.99,16.34
2009,262,0.52,0.52,0.52,95.43,2.38,224.44,3.68,73.75,10.5,14.92,24.58,13.94,17.36
2009,263,0.52,0.52,0.53,95.47,2.03,248.25,4.22,77.62,10.25,14.36,23.37,13.64,13.47
2009,264,0.52,0.52,0.53,95.31,2.27,281.06,2.69,78.94,9.89,14.36,20.58,13.01,16.12
2009,265,0.52,0.52,0.51,95.27,1.86,185.75,1.19,71.69,9.46,13.12,25.85,12.27,18.73
2009,266,0.52,0.53,0.59,95.28,1.91,104.75,14.07,88.12,10.5,14.1,19.48,13.94,5.9
2009,267,0.56,0.59,0.77,94.99,3.91,307.38,48.98,90.62,11.6,14.25,19.65,15.44,4.41
2009,268,0.61,0.66,0.78,95.23,3.85,333.81,27.03,87.5,12.21,15.83,21.62,16.27,8.21
2009,269,0.62,0.65,0.7,95.37,1.55,246.31,2.02,81.19,10.93,14.69,23.69,14.63,16.38
2009,270,0.61,0.63,0.66,95.3,1.03,155.31,1.89,73.0,10.86,14.98,27.63,14.42,18.94
2009,271,0.61,0.62,0.65,95.15,1.98,120.81,0.74,78.44,11.54,14.37,26.31,15.37,17.11
2009,272,0.61,0.62,0.63,95.03,1.45,172.0,0.56,73.75,11.84,16.43,28.34,15.69,17.14
2009,273,0.61,0.62,0.64,95.11,1.69,214.69,2.89,77.38,12.08,15.98,27.32,16.1,18.46
2009,274,0.61,0.62,0.66,95.06,2.45,286.81,5.97,86.94,11.6,15.98,20.87,15.44,13.3
2009,275,0.62,0.62,0.67,95.16,2.49,302.5,5.0,85.12,11.17,14.62,20.94,14.86,11.3
2009,276,0.62,0.62,0.65,95.31,1.59,293.19,0.03,82.62,10.62,13.62,22.23,14.08,16.31
2009,277,0.61,0.62,0.63,95.43,1.64,222.06,0.0,68.5,8.67,11.26,25.28,11.02,18.96
2009,278,0.61,0.61,0.62,95.52,1.35,219.75,0.0,59.31,8.42,12.53,27.96,10.59,18.54
2009,279,0.6,0.61,0.61,95.57,1.77,212.75,0.0,52.69,8.61,14.5,30.76,10.83,18.59
2009,280,0.6,0.6,0.6,95.45,1.86,225.44,0.0,52.75,8.79,15.22,31.51,11.22,18.34
2009,281,0.59,0.59,0.59,95.23,2.15,261.06,0.0,56.38,9.22,15.4,30.8,11.68,18.38
2009,282,0.59,0.59,0.59,95.28,1.52,179.06,0.07,65.25,10.25,16.3,28.78,13.41,17.75
2009,283,0.59,0.59,0.64,95.23,1.84,208.25,12.55,82.06,11.66,15.81,24.44,15.5,12.79
2009,284,0.61,0.62,0.67,95.3,2.21,342.62,5.07,84.25,10.5,14.26,21.18,14.02,13.75
2009,285,0.61,0.62,0.64,95.25,2.12,323.56,1.87,83.06,10.31,13.32,21.74,13.69,13.04
2009,286,0.61,0.61,0.62,95.29,3.28,312.5,0.08,76.75,8.54,11.79,19.58,10.78,15.31
2009,287,0.6,0.61,0.62,95.11,3.36,307.19,0.18,79.06,8.67,12.42,18.02,11.01,12.06
2009,288,0.6,0.61,0.62,94.92,2.72,309.94,0.29,79.81,8.0,9.43,19.19,9.83,12.6
2009,289,0.6,0.6,0.62,95.27,2.76,321.44,1.7,80.06,7.45,8.13,16.81,8.81,10.85
2009,290,0.6,0.6,0.62,95.17,2.4,322.88,0.66,79.88,7.81,8.59,17.43,9.48,9.83
2009,291,0.6,0.61,0.64,94.97,2.05,333.06,3.52,82.25,7.51,8.71,15.34,8.88,7.84
2009,292,0.6,0.61,0.62,94.98,1.48,240.44,0.75,77.19,6.65,7.36,17.39,7.08,11.52
2009,293,0.6,0.6,0.62,94.61,2.79,203.69,0.0,66.25,7.14,7.23,23.62,8.05,14.57
2009,294,0.6,0.6,0.61,94.38,4.51,201.81,2.62,65.62,8.18,12.48,22.58,9.83,7.46
2009,295,0.6,0.61,0.66,94.34,4.12,235.62,9.26,71.88,8.91,11.58,23.59,11.25,12.21
2009,296,0.61,0.62,0.63,94.95,6.01,301.81,0.76,71.0,8.18,13.76,18.51,10.16,10.46
2009,297,0.6,0.61,0.62,95.18,4.84,309.31,0.35,83.19,9.95,13.81,20.31,13.15,9.94
2009,298,0.61,0.61,0.65,95.07,4.2,329.12,5.11,89.75,10.86,14.15,19.81,14.47,5.61
2009,299,0.61,0.62,0.63,95.23,1.98,337.38,0.51,81.69,9.4,13.27,20.69,12.24,12.89
2009,300,0.61,0.61,0.62,95.34,1.34,242.88,0.14,82.12,9.28,12.49,21.02,12.09,13.95
2009,301,0.6,0.61,0.62,95.48,1.24,113.25,0.0,76.0,7.87,10.4,21.98,9.55,14.78
2009,302,0.6,0.6,0.62,95.45,1.56,287.12,0.0,72.62,7.2,8.52,21.63,8.23,15.48
2009,303,0.6,0.6,0.61,95.57,1.6,292.5,0.0,80.12,8.06,8.8,21.57,9.92,14.81
2009,304,0.6,0.6,0.61,95.75,2.16,307.88,0.0,85.31,9.34,10.07,21.12,12.11,14.06
2009,305,0.59,0.6,0.61,95.56,1.47,277.38,0.0,81.12,8.48,10.26,19.54,10.83,10.4
2009,306,0.59,0.59,0.61,94.88,3.19,266.75,3.42,76.25,9.03,9.9,24.08,11.41,13.71
2009,307,0.6,0.6,0.63,94.64,3.1,295.81,1.8,81.75,8.67,10.41,18.64,10.94,13.12
2009,308,0.59,0.6,0.61,94.34,2.3,272.0,0.29,75.88,8.3,8.95,23.98,10.13,14.56
2009,309,0.59,0.6,0.63,94.4,2.13,291.19,5.59,82.31,8.67,10.85,18.92,10.83,7.56
2009,310,0.6,0.62,0.67,94.48,3.98,300.38,8.44,83.5,6.9,8.79,12.6,7.55,9.22
2009,311,0.61,0.62,0.65,94.69,2.62,284.38,2.43,76.88,7.26,6.98,18.63,8.22,12.28
2009,312,0.61,0.62,0.66,94.29,4.73,281.81,5.48,72.19,6.16,8.13,14.22,5.89,8.2
2009,313,0.62,0.63,0.7,94.03,4.45,288.06,11.68,87.88,6.47,7.07,9.58,6.47,6.41
2009,314,0.62,0.64,0.69,94.75,3.73,300.19,2.66,82.44,6.23,6.83,12.65,6.1,6.44
2009,315,0.62,0.64,0.68,94.81,3.06,279.19,3.29,88.56,7.81,6.33,16.69,9.16,6.07
2009,316,0.62,0.64,0.67,95.19,1.67,223.56,0.13,76.31,7.08,7.44,20.75,8.01,13.42
2009,317,0.62,0.63,0.66,95.49,2.12,224.12,0.0,60.25,5.86,7.64,22.77,5.3,13.81
2009,318,0.62,0.62,0.65,95.65,2.8,220.31,0.0,58.31,5.8,7.92,23.09,5.01,11.8
2009,319,0.62,0.62,0.64,95.64,2.65,214.62,0.0,53.0,5.8,9.73,24.94,4.95,12.11
2009,320,0.62,0.62,0.63,95.58,2.66,222.0,0.0,47.62,5.0,8.83,24.83,2.84,13.3
2009,321,0.62,0.62,0.63,95.62,2.4,221.94,0.0,49.88,5.19,7.99,25.54,3.45,13.26
2009,322,0.62,0.62,0.62,95.66,1.96,234.5,0.0,49.62,5.55,9.26,25.87,4.4,12.98
2009,323,0.61,0.61,0.62,95.63,1.79,228.5,0.0,51.12,5.49,9.41,24.23,4.18,10.04
2009,324,0.61,0.61,0.62,95.94,1.91,215.69,0.0,54.12,5.74,10.33,21.5,4.97,6.19
2009,325,0.61,0.61,0.62,96.25,1.44,181.88,0.0,51.56,5.07,7.22,22.6,3.15,12.03
2009,326,0.61,0.61,0.62,96.03,1.79,265.25,0.0,65.0,6.47,8.05,22.7,6.51,11.79
2009,327,0.6,0.6,0.62,96.14,1.62,257.19,0.23,90.12,8.42,9.35,17.24,10.7,6.14
2009,328,0.6,0.6,0.62,96.12,1.3,294.5,0.02,86.0,7.69,8.15,16.99,9.39,11.76
2009,329,0.6,0.6,0.62,95.73,1.42,232.5,0.0,67.19,5.8,4.76,21.36,5.03,12.28
2009,330,0.6,0.6,0.62,95.59,1.66,254.56,0.0,66.44,6.23,6.57,20.05,5.91,9.74
2009,331,0.6,0.6,0.62,95.34,1.88,249.06,0.49,77.88,7.69,9.44,18.63,9.08,7.43
2009,332,0.6,0.6,0.62,95.43,1.66,239.19,0.34,79.81,7.51,8.17,17.96,8.86,8.65
2009,333,0.6,0.6,0.61,94.68,5.07,199.19,0.0,52.19,4.82,8.29,17.37,2.28,5.63
2009,334,0.6,0.6,0.62,94.18,4.45,245.75,3.9,69.06,5.13,5.27,12.19,3.17,4.15
2009,335,0.6,0.61,0.66,94.79,5.19,288.0,8.9,83.88,5.74,5.05,9.28,4.88,5.28
2009,336,0.61,0.62,0.64,95.31,2.19,267.88,0.41,85.56,6.04,4.15,12.26,5.65,9.1
2009,337,0.61,0.62,0.64,94.79,3.85,236.12,2.86,80.0,6.47,5.55,16.41,6.51,8.5
2009,338,0.62,0.62,0.68,94.92,4.87,293.94,6.6,83.19,6.9,8.47,13.62,7.61,6.42
2009,339,0.62,0.62,0.66,95.34,2.75,302.25,1.75,87.94,7.75,8.83,14.12,9.37,4.52
2009,340,0.62,0.62,0.65,95.49,1.75,227.31,0.03,78.5,6.04,5.44,17.61,5.69,11.59
2009,341,0.62,0.62,0.64,95.43,1.75,232.75,0.0,67.38,5.07,4.08,19.3,3.12,11.48
2009,342,0.61,0.62,0.64,95.59,2.18,281.94,0.04,79.69,6.53,4.24,16.21,6.4,9.25
2009,343,0.61,0.62,0.64,95.78,2.16,315.56,0.13,86.62,7.63,9.43,15.65,9.25,6.82
2009,344,0.61,0.62,0.63,95.82,2.14,323.69,0.09,86.19,7.26,9.06,14.26,8.58,6.65
2009,345,0.61,0.62,0.63,95.3,1.81,304.44,0.04,88.94,7.39,6.92,15.22,8.63,9.73
2009,346,0.61,0.62,0.63,94.65,1.55,300.75,0.38,88.56,7.02,7.89,13.82,7.81,8.69
2009,347,0.61,0.61,0.63,93.97,0.87,212.38,0.02,76.5,5.92,5.13,16.84,5.12,9.43
2009,348,0.61,0.61,0.63,93.32,2.64,218.19,2.45,68.94,5.19,4.85,15.39,3.19,7.46
2009,349,0.61,0.62,0.68,93.59,4.26,281.25,8.24,89.19,5.74,1.37,10.61,4.58,3.98
2009,350,0.62,0.62,0.66,94.58,3.18,261.38,0.95,77.0,5.19,3.49,12.28,3.44,9.59
2009,351,0.62,0.62,0.65,94.41,4.18,268.56,1.25,79.06,7.2,8.73,17.34,8.15,8.46
2009,352,0.62,0.62,0.66,94.08,2.5,264.19,3.46,85.19,6.84,7.63,13.67,7.4,6.94
2009,353,0.62,0.63,0.7,93.52,2.59,181.81,11.56,93.69,6.65,3.51,10.46,6.78,3.29
2009,354,0.63,0.65,0.7,94.76,2.16,308.0,3.25,80.44,4.33,-0.23,7.23,1.0,6.7
2009,355,0.63,0.64,0.68,94.73,7.08,203.5,0.0,74.06,4.39,-0.71,11.47,1.19,8.71
2009,356,0.63,0.64,0.66,94.33,7.44,211.19,0.0,67.44,6.04,7.83,17.4,5.55,6.45
2009,357,0.63,0.63,0.66,94.31,5.45,209.62,0.09,74.5,7.39,7.0,20.08,8.53,6.41
2009,358,0.62,0.63,0.66,94.04,5.48,206.06,0.43,76.94,8.97,13.41,20.51,11.4,5.72
2009,359,0.62,0.63,0.66,94.53,2.36,226.62,1.96,73.75,8.24,11.72,21.22,10.18,9.76
2009,360,0.63,0.64,0.7,94.21,3.65,225.06,5.96,82.31,8.73,10.14,19.12,10.98,4.73
2009,361,0.64,0.65,0.71,94.96,3.72,288.12,7.34,90.56,7.45,6.3,13.22,8.69,4.52
2009,362,0.64,0.65,0.68,95.07,3.6,217.0,0.0,66.75,5.19,3.99,16.87,3.31,7.74
2009,363,0.63,0.64,0.67,94.97,2.73,234.31,0.0,55.19,5.86,9.69,22.61,4.98,9.15
2009,364,0.63,0.64,0.66,94.68,2.84,215.0,0.0,55.12,5.25,7.65,22.16,3.5,10.83
2009,365,0.63,0.63,0.66,94.14,2.75,232.62,0.04,61.44,5.31,5.38,19.3,3.51,10.64
2010,1,0.63,0.63,0.66,94.5,5.09,268.44,0.06,70.81,5.49,7.19,13.41,4.22,9.16
2010,2,0.62,0.63,0.66,95.31,2.88,290.06,0.05,83.56,6.04,5.71,13.68,5.65,8.45
2010,3,0.62,0.63,0.66,95.29,2.12,214.31,0.0,73.81,5.55,3.65,18.68,4.55,11.21
2010,4,0.62,0.62,0.65,94.58,2.23,218.38,0.0,65.25,5.68,6.94,19.67,4.65,8.9
2010,5,0.62,0.62,0.65,93.79,3.26,233.31,0.05,66.31,5.55,4.93,17.53,4.12,10.18
2010,6,0.62,0.62,0.65,94.07,3.06,251.44,0.1,80.81,6.23,6.33,15.37,6.05,8.7
2010,7,0.62,0.62,0.65,93.67,3.41,188.38,0.28,74.69,5.74,4.56,17.58,4.84,6.43
2010,8,0.62,0.62,0.65,93.48,4.06,236.0,0.25,73.38,4.64,2.25,10.21,1.43,6.68
2010,9,0.62,0.62,0.64,94.29,5.78,259.56,0.16,63.62,3.11,1.27,5.88,-3.45,7.84
2010,10,0.62,0.62,0.64,94.98,3.41,246.0,0.21,65.25,3.3,0.74,8.22,-2.8,8.01
2010,11,0.62,0.62,0.68,94.89,3.26,257.62,8.11,84.44,5.49,2.91,10.86,4.07,6.04
2010,12,0.62,0.63,0.68,95.05,2.38,276.0,3.32,85.38,6.16,6.37,12.63,6.07,6.24
2010,13,0.63,0.64,0.69,94.6,5.14,275.12,3.21,81.12,6.1,5.48,12.62,5.75,9.04
2010,14,0.63,0.64,0.68,94.19,3.13,242.62,3.66,82.19,6.53,5.05,17.15,6.57,7.44
2010,15,0.66,0.68,0.84,94.68,6.77,312.94,46.56,93.19,6.96,7.01,9.94,7.63,4.55
2010,16,0.68,0.71,0.76,95.73,2.48,272.5,1.6,84.31,5.68,3.76,11.52,4.9,8.59
2010,17,0.68,0.7,0.73,95.71,1.8,278.81,0.0,70.25,5.31,5.46,16.8,3.76,9.58
2010,18,0.68,0.7,0.73,95.6,1.35,223.62,0.19,90.31,7.39,7.05,15.07,8.73,6.37
2010,19,0.68,0.69,0.73,95.42,1.1,237.31,0.11,88.44,6.65,7.19,12.94,7.17,8.57
2010,20,0.68,0.69,0.73,95.16,3.24,270.38,2.78,88.12,7.02,6.95,14.98,7.83,4.12
2010,21,0.68,0.69,0.73,95.41,2.41,321.81,1.52,89.81,6.23,4.77,11.3,6.15,6.59
2010,22,0.68,0.69,0.72,95.47,1.25,217.31,0.05,77.88,5.31,4.63,13.87,3.84,10.87
2010,23,0.68,0.69,0.72,95.13,1.45,174.19,0.02,74.88,5.31,2.76,15.06,3.8,10.06
2010,24,0.67,0.68,0.72,95.07,2.02,211.0,0.07,71.62,5.55,5.6,16.58,4.47,9.08
2010,25,0.67,0.68,0.72,94.98,1.3,131.69,0.35,77.81,5.86,5.79,15.25,5.06,10.75
2010,26,0.67,0.68,0.73,94.41,2.37,109.06,5.74,90.5,6.65,3.78,13.62,6.91,7.34
2010,27,0.69,0.7,0.77,94.6,3.69,336.0,9.13,89.25,6.53,6.77,11.25,6.81,5.59
2010,28,0.69,0.7,0.76,94.72,1.59,256.81,5.74,93.19,6.1,5.43,8.68,5.86,4.32
2010,29,0.7,0.7,0.74,94.02,2.74,272.94,1.22,83.69,5.31,4.6,10.55,3.71,8.86
2010,30,0.7,0.7,0.75,93.82,4.59,270.56,4.46,84.06,5.19,2.61,10.45,3.25,7.19
2010,31,0.7,0.7,0.73,94.28,2.84,266.12,0.65,83.38,5.31,1.48,13.48,3.66,10.98
2010,32,0.7,0.7,0.74,94.97,3.24,314.12,1.9,87.56,5.19,2.75,10.29,3.42,8.34
2010,33,0.7,0.7,0.73,95.78,0.92,242.88,0.03,68.94,3.78,0.79,10.75,-0.68,14.87
2010,34,0.7,0.7,0.73,95.55,3.43,213.31,0.0,68.81,4.21,-0.15,15.87,0.42,14.79
2010,35,0.69,0.7,0.73,95.07,5.25,215.19,0.02,62.81,4.7,3.42,16.1,1.9,12.87
2010,36,0.69,0.7,0.73,95.27,3.16,276.94,0.59,84.06,7.2,5.82,17.44,8.3,12.23
2010,37,0.69,0.7,0.73,95.21,3.62,293.06,0.59,82.69,6.53,6.57,14.57,6.74,11.36
2010,38,0.69,0.69,0.73,94.77,2.88,301.38,1.12,86.38,5.92,4.31,12.36,5.44,8.32
2010,39,0.69,0.69,0.73,94.02,1.6,226.19,1.95,80.44,5.8,3.15,14.53,4.84,6.84
2010,40,0.69,0.7,0.73,93.24,4.52,257.12,3.43,85.44,6.41,5.98,13.5,6.26,5.83
2010,41,0.69,0.7,0.73,93.7,5.34,293.94,1.33,75.38,4.64,3.58,8.76,1.69,8.68
2010,42,0.69,0.7,0.74,93.66,3.61,270.88,4.93,81.06,4.52,1.19,7.64,1.3,6.99
2010,43,0.69,0.7,0.74,94.28,3.48,294.5,1.95,75.38,3.78,0.94,6.69,-1.05,8.01
2010,44,0.7,0.71,0.79,94.04,2.47,199.88,20.28,88.31,4.46,0.16,8.39,1.15,4.15
2010,45,0.71,0.73,0.77,94.04,1.55,206.56,3.8,94.88,5.19,1.69,6.87,3.37,6.94
2010,46,0.71,0.73,0.77,93.74,3.02,186.25,2.07,85.12,5.31,0.26,11.52,3.64,5.44
2010,47,0.72,0.73,0.77,93.18,2.6,231.06,5.61,81.44,5.98,4.73,13.95,5.19,5.88
2010,48,0.72,0.73,0.76,93.52,3.8,225.06,0.02,69.81,6.35,7.11,18.59,6.17,15.76
2010,49,0.71,0.73,0.75,93.93,4.27,204.69,0.25,74.25,7.45,4.82,21.26,8.48,13.92
2010,50,0.71,0.72,0.75,93.39,5.23,237.31,1.16,70.75,7.26,8.3,19.43,8.08,10.99
2010,51,0.71,0.72,0.74,94.47,3.73,286.69,0.22,74.56,5.13,3.29,11.8,3.12,14.2
2010,52,0.71,0.71,0.74,94.46,4.58,212.62,0.2,67.25,4.7,1.18,14.66,2.09,10.33
2010,53,0.7,0.71,0.73,94.3,3.22,238.56,0.0,72.75,6.71,7.41,18.92,7.15,16.95
2010,54,0.7,0.71,0.74,94.55,2.57,249.0,0.24,77.88,7.2,8.64,18.6,8.15,13.54
2010,55,0.7,0.7,0.73,94.95,4.41,274.75,0.02,71.44,6.16,7.35,17.51,5.92,17.24
2010,56,0.7,0.7,0.73,94.87,2.17,248.06,0.0,65.88,6.1,5.27,21.81,5.69,17.78
2010,57,0.7,0.7,0.73,94.86,2.52,266.0,0.0,73.81,7.57,9.73,20.14,8.9,9.16
2010,58,0.69,0.7,0.72,94.58,3.4,204.12,0.0,64.25,7.57,8.75,25.83,8.73,14.42
2010,59,0.69,0.69,0.71,94.47,2.77,251.19,0.0,59.94,7.45,10.84,24.83,8.41,17.07
2010,60,0.68,0.68,0.71,95.25,2.48,307.38,0.0,77.06,6.96,8.37,18.36,7.62,17.31
2010,61,0.68,0.68,0.72,95.32,1.89,160.25,0.15,79.12,7.26,5.48,17.62,8.33,7.39
2010,62,0.68,0.68,0.7,94.23,4.33,241.25,0.09,64.44,6.77,7.54,21.01,7.21,13.56
2010,63,0.67,0.68,0.71,94.74,3.74,275.94,1.38,79.5,6.65,6.46,16.12,6.99,10.56
2010,64,0.67,0.68,0.71,94.92,1.96,192.12,0.16,81.56,6.84,5.76,18.18,7.51,16.8
2010,65,0.67,0.67,0.71,94.54,3.0,66.62,1.3,91.0,7.08,7.96,12.58,7.94,4.59
2010,66,0.67,0.68,0.74,94.16,3.09,117.62,8.72,93.19,6.53,6.11,8.79,6.69,3.11
2010,67,0.68,0.7,0.76,94.0,2.15,246.88,8.4,82.19,6.23,4.32,14.43,5.9,9.65
2010,68,0.7,0.73,0.83,93.51,3.7,299.5,28.75,89.81,5.62,3.44,7.8,4.37,6.88
2010,69,0.71,0.73,0.77,94.41,3.07,279.81,1.13,76.81,4.52,1.57,11.33,1.46,15.31
2010,70,0.71,0.73,0.75,94.79,1.9,239.38,0.01,70.38,4.09,-0.1,13.53,0.13,19.48
2010,71,0.71,0.73,0.78,94.74,1.61,134.88,9.79,85.31,5.98,3.83,13.47,5.42,7.25
2010,72,0.72,0.73,0.77,95.24,2.56,332.62,2.94,86.25,5.31,3.9,10.44,3.9,7.91
2010,73,0.72,0.73,0.77,95.52,2.76,333.94,3.33,85.88,5.31,3.92,10.26,4.02,10.42
2010,74,0.72,0.73,0.77,95.81,1.86,257.88,1.08,79.38,4.82,2.66,11.24,2.69,10.59
2010,75,0.72,0.73,0.76,96.01,1.73,209.69,0.02,72.56,4.52,2.03,14.88,1.54,22.17
2010,76,0.72,0.73,0.75,96.31,1.48,212.44,0.0,63.44,4.46,0.57,19.5,1.44,22.29
2010,77,0.71,0.72,0.74,96.36,3.49,215.44,0.0,57.81,4.82,5.06,19.59,2.48,22.4
2010,78,0.71,0.71,0.73,96.15,3.31,219.75,0.0,50.56,5.07,6.32,23.08,2.92,21.04
2010,79,0.7,0.7,0.73,95.91,2.55,223.81,0.0,49.38,5.86,10.05,24.99,5.07,18.79
2010,80,0.7,0.7,0.73,95.62,2.5,217.44,0.0,53.94,5.74,9.58,22.42,4.7,13.24
2010,81,0.7,0.7,0.73,95.32,2.59,270.88,0.03,61.62,6.1,9.12,20.51,5.24,19.02
2010,82,0.7,0.7,0.73,95.21,1.65,229.12,0.16,81.25,7.57,8.3,18.9,9.0,16.19
2010,83,0.69,0.69,0.72,94.69,2.41,198.25,0.0,61.44,7.02,8.49,24.23,7.71,19.58
2010,84,0.69,0.69,0.71,94.82,2.15,227.69,0.09,64.25,7.87,11.65,23.9,9.31,16.86
2010,85,0.68,0.68,0.71,95.44,1.87,285.81,0.02,75.5,8.06,10.14,21.61,9.93,20.13
2010,86,0.68,0.68,0.71,95.66,2.23,289.88,0.0,81.31,7.51,8.04,18.18,8.92,18.89
2010,87,0.68,0.68,0.7,95.49,1.69,173.0,0.0,67.31,6.1,5.7,21.29,5.8,24.1
2010,88,0.67,0.67,0.7,94.8,2.96,230.31,0.0,60.69,7.32,10.04,25.11,8.4,19.58
2010,89,0.66,0.66,0.69,94.78,3.43,283.94,0.0,71.62,7.2,8.5,19.99,8.21,22.43
2010,90,0.66,0.66,0.69,95.06,1.81,241.56,0.0,71.25,6.23,5.98,19.01,5.94,22.27
2010,91,0.66,0.66,0.69,95.13,1.66,292.19,0.08,80.44,7.08,7.11,17.15,8.11,16.61
2010,92,0.66,0.66,0.69,95.4,1.53,215.12,0.02,75.0,6.47,7.55,18.67,6.71,21.48
2010,93,0.66,0.66,0.67,95.0,2.6,197.75,0.0,61.38,6.77,6.57,24.69,7.23,21.39
2010,94,0.66,0.65,0.66,95.25,3.62,287.06,0.1,69.69,7.14,9.16,21.15,8.2,18.14
2010,95,0.65,0.65,0.66,95.97,2.24,83.75,0.01,66.19,5.86,7.01,18.69,5.39,16.66
2010,96,0.65,0.64,0.66,95.33,2.64,193.94,0.03,57.5,6.71,9.75,24.39,7.15,8.51
2010,97,0.64,0.64,0.66,94.89,2.52,279.62,0.1,65.0,6.96,10.51,21.73,7.53,13.33
2010,98,0.64,0.64,0.66,95.23,3.93,303.69,1.9,83.06,7.14,8.41,14.86,8.15,9.85
2010,99,0.64,0.64,0.67,95.34,3.53,304.94,2.99,88.25,7.08,6.9,13.98,8.07,8.47
2010,100,0.64,0.64,0.66,95.4,1.76,123.75,0.61,80.06,7.14,8.42,17.86,8.2,15.88
2010,101,0.64,0.64,0.66,94.57,2.88,220.31,0.83,69.56,7.32,7.15,21.97,8.39,21.52
2010,102,0.64,0.64,0.68,94.08,1.88,195.56,6.06,80.75,8.85,10.82,20.35,11.15,14.62
2010,103,0.64,0.64,0.66,94.36,1.98,176.44,0.8,79.44,8.48,10.53,21.24,10.56,17.39
2010,104,0.64,0.64,0.66,94.18,1.63,121.62,1.3,72.0,8.42,10.07,26.93,10.46,20.43
2010,105,0.64,0.64,0.67,94.31,2.13,59.56,5.64,85.19,9.28,11.26,21.26,11.98,13.43
2010,106,0.64,0.65,0.71,94.54,2.31,53.38,11.76,86.06,9.4,11.26,20.32,12.15,12.19
2010,107,0.65,0.66,0.72,94.73,2.61,52.31,12.6,85.62,8.54,10.59,19.51,10.84,12.02
2010,108,0.67,0.7,0.8,94.89,1.84,186.38,25.01,89.5,7.81,8.19,14.2,9.48,10.11
2010,109,0.68,0.7,0.73,95.26,1.78,263.94,0.29,73.12,6.9,7.12,19.13,7.67,23.33
2010,110,0.68,0.69,0.71,95.3,1.45,190.5,0.0,68.25,7.14,7.21,21.17,8.14,22.79
2010,111,0.67,0.68,0.7,94.96,1.79,223.5,0.16,64.19,9.16,12.44,27.33,11.76,23.38
2010,112,0.67,0.67,0.72,94.33,3.16,224.38,6.92,78.38,9.95,12.72,21.15,12.96,10.36
2010,113,0.68,0.69,0.73,94.5,4.02,287.25,5.17,79.94,8.18,9.58,18.76,10.06,16.72
2010,114,0.67,0.68,0.7,95.2,2.28,315.25,0.56,77.81,7.81,9.16,19.29,9.47,21.04
2010,115,0.67,0.67,0.7,95.59,1.88,223.31,0.39,76.38,8.0,9.41,20.53,9.91,22.31
2010,116,0.66,0.67,0.69,95.79,1.61,317.06,0.0,73.12,7.81,10.16,21.44,9.64,22.5
2010,117,0.66,0.66,0.69,95.69,1.55,190.81,0.62,67.12,7.45,10.95,21.74,8.83,18.58
2010,118,0.66,0.66,0.68,95.65,1.77,228.5,0.0,69.44,7.51,9.62,21.9,8.94,25.36
2010,119,0.66,0.66,0.66,95.38,1.65,196.25,0.0,66.62,7.93,8.52,25.84,9.77,27.77
2010,120,0.65,0.65,0.66,94.96,2.1,227.0,0.0,53.12,7.93,11.7,29.08,9.55,26.94
2010,121,0.65,0.64,0.65,94.74,3.23,230.38,1.94,57.69,9.03,15.92,27.97,11.29,17.36
2010,122,0.65,0.64,0.67,94.72,1.67,216.62,4.2,76.0,9.77,12.57,23.19,12.76,22.61
2010,123,0.65,0.65,0.67,94.15,2.17,211.5,5.43,77.06,9.77,11.66,25.19,12.58,14.25
2010,124,0.65,0.65,0.67,94.03,3.02,305.19,1.88,69.88,6.77,8.46,19.99,7.14,21.18
2010,125,0.65,0.65,0.66,94.32,3.04,287.44,0.21,68.06,5.74,6.18,16.02,4.85,17.95
2010,126,0.64,0.64,0.65,94.43,2.3,228.19,0.01,67.19,6.29,5.98,20.75,6.01,27.37
2010,127,0.64,0.64,0.66,94.28,1.21,129.44,0.23,76.12,7.51,9.23,20.51,8.71,11.07
2010,128,0.64,0.63,0.65,94.61,1.86,216.94,0.02,67.06,7.2,8.46,22.69,8.08,28.1
2010,129,0.63,0.63,0.62,94.53,3.66,202.5,0.0,49.75,7.08,11.55,28.37,7.81,25.06
2010,130,0.62,0.62,0.62,94.39,1.98,186.0,0.0,58.19,7.93,13.33,29.02,9.49,21.87
2010,131,0.62,0.62,0.62,94.43,1.88,241.75,0.0,61.12,8.0,12.48,26.01,9.7,26.54
2010,132,0.62,0.62,0.62,94.6,1.78,192.0,0.11,63.19,7.87,12.96,22.6,9.51,16.32
2010,133,0.62,0.61,0.62,94.7,1.97,209.44,0.35,65.06,7.32,10.39,22.91,8.44,19.03
2010,134,0.62,0.62,0.66,94.37,2.98,192.12,9.81,84.5,7.81,8.8,16.73,9.33,5.11
2010,135,0.62,0.62,0.64,94.87,5.07,291.25,1.55,68.56,6.35,7.96,18.94,6.29,23.65
2010,136,0.62,0.62,0.62,95.47,2.75,311.25,0.03,71.75,6.9,7.2,19.32,7.65,25.14
2010,137,0.62,0.62,0.62,95.82,1.93,212.06,0.03,65.38,6.59,9.89,20.51,7.02,29.26
2010,138,0.62,0.62,0.62,95.89,1.7,170.94,0.0,61.12,6.04,8.1,21.89,5.7,30.7
2010,139,0.61,0.61,0.61,95.57,2.42,267.31,0.0,62.0,6.1,8.22,22.58,5.85,28.94
2010,140,0.61,0.61,0.61,95.71,3.27,328.69,0.01,68.0,6.23,6.98,19.19,6.23,24.42
2010,141,0.61,0.6,0.6,95.61,1.87,139.19,0.04,61.75,6.23,8.25,22.94,6.16,30.03
2010,142,0.6,0.6,0.59,95.12,1.51,186.88,0.45,56.38,7.02,7.93,26.7,7.72,26.51
2010,143,0.6,0.6,0.63,95.0,1.95,80.56,6.69,73.31,8.91,11.69,22.67,11.51,15.18
2010,144,0.6,0.6,0.61,95.29,2.02,88.19,0.62,67.69,7.63,10.98,22.4,9.19,27.98
2010,145,0.6,0.6,0.59,95.22,1.64,215.25,0.0,54.25,7.08,8.98,28.9,7.88,30.73
2010,146,0.59,0.59,0.58,94.9,4.73,209.56,0.02,49.88,8.06,15.93,30.67,9.87,23.8
2010,147,0.59,0.59,0.59,94.68,2.12,221.75,1.21,58.56,8.97,16.29,26.48,11.28,9.22
2010,148,0.59,0.59,0.64,94.95,2.05,143.81,11.54,81.88,10.74,13.98,22.76,14.25,14.31
2010,149,0.62,0.62,0.7,95.24,2.72,244.25,18.43,89.06,9.77,12.87,17.87,12.84,10.25
2010,150,0.62,0.63,0.66,95.61,3.17,326.88,1.48,76.25,9.16,12.86,21.42,11.94,19.63
2010,151,0.62,0.62,0.62,95.37,2.38,300.31,0.0,62.44,8.61,11.85,26.51,10.88,28.61
2010,152,0.62,0.62,0.62,95.09,1.96,257.69,0.0,65.88,9.7,13.51,26.63,12.73,28.49
2010,153,0.61,0.61,0.61,94.89,1.97,215.0,0.02,59.31,9.09,14.79,27.41,11.71,28.25
2010,154,0.61,0.61,0.61,94.79,1.37,118.06,0.32,63.62,9.28,14.67,26.16,11.94,25.74
2010,155,0.61,0.6,0.59,95.17,1.95,38.69,0.0,62.81,8.91,13.64,26.77,11.48,29.76
2010,156,0.6,0.59,0.59,95.4,1.85,196.25,0.0,57.12,8.54,12.11,30.02,10.88,30.08
2010,157,0.59,0.59,0.58,95.11,1.92,236.5,0.0,54.81,9.58,15.47,31.2,12.37,28.85
2010,158,0.59,0.59,0.58,94.93,1.7,189.38,0.07,65.19,10.74,16.79,27.38,14.28,26.4
2010,159,0.59,0.59,0.57,94.49,1.87,183.94,0.03,58.75,10.8,15.77,33.59,14.23,28.01
2010,160,0.59,0.58,0.56,94.09,1.77,236.0,0.0,50.94,10.5,19.24,34.47,13.58,25.62
2010,161,0.58,0.57,0.55,94.35,2.18,254.94,0.03,55.75,9.7,16.54,33.58,12.31,26.42
2010,162,0.58,0.57,0.55,94.74,2.54,240.5,0.36,68.19,10.25,14.95,30.51,13.45,24.81
2010,163,0.58,0.56,0.55,94.84,2.09,97.56,0.08,64.81,9.22,14.12,27.78,11.98,27.46
2010,164,0.57,0.56,0.55,94.84,2.5,39.19,0.26,70.19,10.13,13.93,28.19,13.37,22.28
2010,165,0.57,0.57,0.59,94.48,3.84,175.88,5.24,68.62,12.02,15.78,30.04,15.87,13.32
2010,166,0.58,0.58,0.61,94.63,2.34,240.12,7.49,79.44,11.41,14.63,22.49,15.13,15.75
2010,167,0.58,0.58,0.56,94.8,1.66,236.75,0.02,60.19,9.7,12.48,32.83,12.52,29.17
2010,168,0.57,0.57,0.56,94.82,2.23,190.62,0.93,67.06,10.8,15.92,31.34,14.26,22.26
2010,169,0.57,0.57,0.56,94.94,2.38,196.44,0.36,71.31,10.19,14.68,25.83,13.46,25.46
2010,170,0.57,0.56,0.56,94.73,2.5,259.44,1.53,67.56,9.09,12.69,25.05,11.58,17.49
2010,171,0.57,0.56,0.55,94.57,4.01,299.19,0.01,67.88,9.09,13.37,25.85,11.53,23.79
2010,172,0.56,0.56,0.55,95.07,2.2,257.44,0.0,60.88,7.26,11.7,23.36,8.3,31.15
2010,173,0.56,0.55,0.55,95.31,2.07,48.56,0.0,63.56,7.39,10.87,24.45,8.6,30.96
2010,174,0.56,0.55,0.54,95.29,1.76,141.62,0.0,56.62,7.2,11.25,28.12,8.13,31.51
2010,175,0.55,0.55,0.53,95.1,1.78,57.94,0.0,51.44,7.51,13.35,29.87,8.84,29.89
2010,176,0.55,0.55,0.53,94.8,1.95,82.75,0.0,47.75,7.81,14.52,32.51,9.37,29.17
2010,177,0.55,0.54,0.53,94.68,1.8,158.44,0.44,58.94,10.99,16.95,31.69,14.52,23.28
2010,178,0.55,0.54,0.54,94.95,1.44,76.44,1.12,66.12,11.96,18.25,28.19,15.89,26.9
2010,179,0.55,0.54,0.53,95.26,1.11,175.88,0.03,61.12,10.44,17.14,29.97,13.84,25.64
2010,180,0.55,0.53,0.52,95.36,1.84,75.12,0.0,49.38,8.79,17.7,31.5,11.19,27.5
2010,181,0.54,0.53,0.52,95.35,2.0,72.81,0.0,52.44,8.91,16.33,30.7,11.39,29.32
2010,182,0.54,0.53,0.51,95.15,1.73,97.81,0.0,53.25,9.58,16.28,32.65,12.5,27.73
2010,183,0.53,0.52,0.49,94.96,1.43,177.5,0.01,50.62,10.44,18.84,34.85,13.67,25.44
2010,184,0.53,0.52,0.48,95.1,1.98,175.44,0.0,51.94,10.8,20.28,34.35,14.3,29.18
2010,185,0.53,0.52,0.47,95.4,1.93,73.12,0.05,50.06,10.01,19.15,33.95,13.08,28.1
2010,186,0.52,0.52,0.48,95.41,2.05,158.56,1.37,57.75,10.8,18.83,31.9,14.43,15.15
2010,187,0.52,0.52,0.46,95.46,2.22,282.38,0.0,60.56,10.44,17.16,29.37,13.9,29.51
2010,188,0.52,0.52,0.45,95.47,1.83,219.38,0.0,52.88,8.85,16.43,31.45,11.24,30.76
2010,189,0.52,0.51,0.43,95.5,1.79,119.62,0.0,41.12,8.12,18.26,34.87,9.97,30.46
2010,190,0.52,0.51,0.41,95.33,1.96,159.88,0.0,36.88,7.57,19.12,36.74,8.63,30.05
2010,191,0.52,0.51,0.4,95.24,1.89,105.62,0.0,38.0,8.36,19.87,37.96,10.31,26.8
2010,192,0.52,0.5,0.39,95.12,1.71,196.56,0.02,41.44,9.77,20.4,37.75,12.76,24.82
2010,193,0.52,0.5,0.38,95.03,2.21,228.38,0.33,50.06,11.05,20.9,36.24,14.47,27.89
2010,194,0.51,0.5,0.38,94.88,2.0,216.81,0.0,45.75,10.07,20.09,36.77,13.08,28.39
2010,195,0.51,0.5,0.37,94.78,2.52,204.38,0.0,36.81,9.03,20.86,39.44,11.35,28.89
2010,196,0.51,0.49,0.36,95.0,1.92,193.81,0.0,40.62,9.89,22.73,36.52,12.97,28.91
2010,197,0.51,0.49,0.35,95.11,1.73,151.19,0.0,37.62,9.46,22.16,38.12,12.12,26.7
2010,198,0.5,0.49,0.34,95.28,2.14,300.25,0.0,44.44,11.23,22.72,37.36,14.86,26.48
2010,199,0.5,0.49,0.34,95.45,1.99,90.38,0.0,56.56,11.96,20.22,34.66,15.87,27.58
2010,200,0.5,0.49,0.34,95.28,2.12,213.12,0.0,51.12,10.07,19.3,33.88,13.08,29.23
2010,201,0.5,0.49,0.33,94.95,1.88,130.88,0.0,40.62,8.79,18.62,35.58,11.01,28.57
2010,202,0.5,0.48,0.32,94.69,2.42,229.25,0.0,35.56,9.64,21.3,39.08,12.48,25.78
2010,203,0.5,0.48,0.31,94.81,3.16,215.69,0.01,28.31,8.48,25.44,41.42,10.28,23.09
2010,204,0.49,0.48,0.3,95.28,2.59,227.12,0.02,41.19,11.23,24.5,38.64,14.45,25.65
2010,205,0.49,0.48,0.31,95.44,3.34,47.38,0.04,63.56,12.51,18.61,30.66,16.54,21.56
2010,206,0.49,0.48,0.31,95.09,2.82,277.25,0.01,59.56,9.89,17.33,28.78,12.91,27.68
2010,207,0.49,0.48,0.34,95.01,3.14,334.62,1.51,65.31,10.68,17.2,26.76,14.17,18.09
2010,208,0.49,0.48,0.34,95.34,2.41,248.06,0.01,61.88,10.25,16.59,28.76,13.52,26.09
2010,209,0.49,0.48,0.34,95.36,2.24,73.31,0.0,51.38,9.58,16.78,33.2,12.55,28.1
2010,210,0.49,0.48,0.33,94.91,2.23,53.56,0.01,47.81,9.7,19.83,32.89,12.71,27.25
2010,211,0.49,0.48,0.33,94.95,2.23,110.0,0.0,48.75,9.34,18.55,32.19,12.12,27.2
2010,212,0.49,0.48,0.32,95.16,2.34,57.94,0.0,51.38,9.58,17.16,33.17,12.51,27.67
2010,213,0.48,0.48,0.31,95.1,2.06,190.81,0.0,44.56,9.83,17.73,36.31,12.83,26.64
2010,214,0.48,0.48,0.3,94.94,2.23,205.88,0.0,40.5,10.38,22.49,38.78,13.73,26.17
2010,215,0.48,0.48,0.3,94.94,2.81,194.12,0.01,57.88,11.6,19.19,31.99,15.35,26.26
2010,216,0.48,0.48,0.3,94.89,2.66,98.12,0.0,61.31,10.68,18.07,29.28,14.08,27.51
2010,217,0.48,0.48,0.3,94.81,2.18,188.38,0.0,59.81,10.44,16.89,30.22,13.73,27.27
2010,218,0.48,0.48,0.3,95.1,2.41,116.88,0.0,59.94,10.68,17.58,31.32,14.1,27.27
2010,219,0.48,0.48,0.3,95.28,2.54,55.75,0.0,52.38,9.64,17.54,33.26,12.73,27.17
2010,220,0.48,0.48,0.3,95.35,2.26,60.31,0.0,47.69,8.61,17.25,32.3,10.87,28.07
2010,221,0.48,0.47,0.29,95.19,1.84,106.5,0.01,30.31,6.47,18.33,36.58,6.46,24.55
2010,222,0.48,0.47,0.29,95.17,2.34,162.94,0.0,33.69,7.69,21.5,35.5,9.09,21.58
2010,223,0.48,0.47,0.28,95.26,1.93,109.69,0.0,37.12,8.54,20.38,36.41,10.65,24.22
2010,224,0.48,0.47,0.28,94.94,1.85,190.94,0.12,37.69,9.28,21.59,37.4,11.87,23.84
2010,225,0.48,0.47,0.3,94.75,2.4,180.0,4.82,46.81,10.74,21.73,33.3,13.89,21.95
2010,226,0.48,0.48,0.48,94.81,3.72,202.06,3.74,64.62,12.7,19.28,30.65,16.83,15.99
2010,227,0.48,0.48,0.45,95.17,2.29,126.31,0.42,64.38,12.33,18.34,33.65,16.43,22.08
2010,228,0.48,0.48,0.43,95.33,2.8,60.88,1.08,66.44,12.45,20.07,27.91,16.65,16.68
2010,229,0.48,0.48,0.43,95.24,2.38,67.19,0.7,67.19,12.76,19.74,31.96,17.01,18.56
2010,230,0.48,0.48,0.41,94.93,1.32,110.81,0.0,54.06,11.47,19.64,37.06,15.1,18.69
2010,231,0.48,0.48,0.37,95.01,1.86,184.25,0.0,38.31,9.34,20.85,39.79,11.81,23.29
2010,232,0.48,0.47,0.34,95.37,2.6,188.94,0.01,35.75,10.19,24.73,40.34,13.29,21.76
2010,233,0.48,0.47,0.34,95.66,2.4,193.5,0.78,48.0,11.6,21.72,37.95,15.29,19.31
2010,234,0.48,0.47,0.34,95.45,2.2,40.31,0.26,60.62,11.9,20.01,33.26,15.79,25.53
2010,235,0.48,0.47,0.34,95.02,1.77,172.12,0.0,38.31,7.75,18.54,37.26,8.77,26.46
2010,236,0.48,0.47,0.31,95.03,2.59,271.81,0.0,41.75,9.83,21.05,37.9,12.37,25.22
2010,237,0.48,0.47,0.3,95.4,2.22,239.81,0.0,54.88,11.17,20.26,33.52,14.72,25.46
2010,238,0.48,0.47,0.3,95.33,1.95,80.06,0.0,51.69,10.01,18.54,36.24,12.87,25.53
2010,239,0.47,0.46,0.29,95.09,1.71,96.06,0.0,33.31,7.26,18.98,38.55,7.92,25.96
2010,240,0.47,0.46,0.27,95.01,2.38,177.88,0.0,37.88,8.48,19.73,38.08,9.8,25.06
2010,241,0.47,0.46,0.27,95.19,2.47,31.62,0.02,62.06,10.93,18.43,30.51,14.46,24.47
2010,242,0.47,0.46,0.27,95.08,2.28,34.06,0.0,58.56,9.83,17.42,29.53,12.94,24.6
2010,243,0.47,0.46,0.27,95.01,2.38,178.62,0.0,60.38,9.4,16.26,27.83,12.12,23.86
2010,244,0.47,0.46,0.27,94.73,1.8,230.5,0.66,51.06,9.95,15.02,34.22,13.01,21.43
2010,245,0.47,0.47,0.34,94.65,2.82,189.31,4.05,54.94,12.08,21.25,35.05,15.91,8.42
2010,246,0.48,0.48,0.54,95.01,3.15,334.75,10.14,76.44,12.88,17.43,25.97,17.02,16.03
2010,247,0.48,0.48,0.47,95.22,1.6,110.31,0.02,63.44,9.58,16.32,28.12,12.49,21.91
2010,248,0.48,0.48,0.45,95.12,2.13,187.81,0.0,58.19,9.58,15.06,30.93,12.58,22.73
2010,249,0.48,0.48,0.44,94.79,2.14,183.69,0.05,52.5,10.19,18.01,33.43,13.4,21.36
2010,250,0.48,0.48,0.42,94.44,2.62,246.12,0.23,48.12,10.13,19.0,34.56,12.96,21.3
2010,251,0.48,0.48,0.42,94.86,2.14,296.75,0.79,65.62,12.08,18.64,28.68,16.07,18.77
2010,252,0.48,0.48,0.46,95.31,2.36,246.31,2.8,72.25,11.23,16.38,25.9,14.98,17.5
2010,253,0.48,0.48,0.45,95.54,2.66,221.88,0.26,68.69,9.64,15.05,25.05,12.64,20.3
2010,254,0.48,0.48,0.42,95.28,1.53,215.69,0.01,59.56,8.24,14.37,28.19,10.13,23.56
2010,255,0.48,0.47,0.4,95.34,2.2,173.0,0.0,55.5,8.85,15.55,31.3,11.25,23.05
2010,256,0.48,0.47,0.38,95.78,1.97,125.81,0.0,68.19,10.13,15.0,28.22,13.3,22.82
2010,257,0.48,0.47,0.38,95.67,3.39,331.94,0.18,68.38,9.7,16.23,24.8,12.76,18.99
2010,258,0.47,0.47,0.38,95.44,2.05,170.88,0.15,67.19,9.77,15.19,26.82,12.9,20.39
2010,259,0.47,0.47,0.35,95.1,1.62,230.12,0.0,48.44,7.87,15.33,31.64,9.38,22.22
2010,260,0.47,0.47,0.34,94.93,3.62,222.5,0.0,37.69,7.39,18.17,33.4,8.58,21.69
2010,261,0.47,0.47,0.31,95.0,2.93,264.44,0.0,44.19,8.97,19.92,33.95,11.15,19.09
2010,262,0.47,0.46,0.3,95.21,2.08,206.31,0.09,63.62,11.41,18.93,30.28,15.19,18.38
2010,263,0.47,0.46,0.3,95.11,1.43,105.75,0.0,57.81,10.93,19.19,30.22,14.5,18.19
2010,264,0.47,0.46,0.3,95.2,2.48,199.62,0.5,61.75,11.78,19.4,30.0,15.72,16.06
2010,265,0.47,0.46,0.3,95.41,1.9,209.69,0.01,67.0,11.11,18.08,29.54,14.77,17.63
2010,266,0.47,0.46,0.3,95.2,1.8,234.62,0.01,62.69,10.01,16.38,28.55,13.13,19.22
2010,267,0.47,0.47,0.37,94.42,5.51,274.81,4.5,66.62,10.8,17.92,24.83,14.08,8.22
2010,268,0.48,0.48,0.48,94.45,3.54,303.81,2.32,76.94,10.86,15.12,23.87,14.35,12.65
2010,269,0.48,0.48,0.46,94.56,1.87,224.94,0.21,68.69,9.46,14.35,24.85,12.16,14.51
2010,270,0.48,0.48,0.45,94.82,1.61,110.62,0.88,76.38,10.8,15.61,23.78,14.35,15.97
2010,271,0.48,0.48,0.53,95.02,1.55,289.62,10.87,79.19,10.99,16.07,22.82,14.62,10.55
2010,272,0.48,0.49,0.52,95.39,2.24,283.75,1.69,70.5,8.67,12.54,22.5,11.02,17.48
2010,273,0.48,0.49,0.47,95.34,2.05,215.62,0.0,60.44,7.39,11.14,26.66,8.48,20.08
2010,274,0.48,0.48,0.46,95.07,2.1,217.62,0.0,51.88,7.57,12.92,29.77,8.91,19.83
2010,275,0.48,0.48,0.45,95.08,2.59,223.31,0.0,45.31,7.26,14.65,31.46,8.25,19.42
2010,276,0.48,0.48,0.44,94.87,3.84,217.31,0.05,38.12,7.14,17.81,32.5,7.9,17.08
2010,277,0.48,0.48,0.43,94.64,3.05,217.88,0.02,59.69,10.38,18.08,26.98,13.37,14.34
2010,278,0.48,0.48,0.43,94.84,0.95,211.38,0.02,60.81,9.4,16.31,31.05,11.57,14.8
2010,279,0.48,0.47,0.41,94.72,1.94,209.31,0.0,37.19,6.9,16.25,35.41,7.22,17.83
2010,280,0.48,0.47,0.38,94.94,2.86,208.94,0.0,36.19,7.69,20.21,34.83,9.19,12.25
2010,281,0.48,0.47,0.38,95.0,3.39,204.88,0.63,49.12,9.34,20.73,27.44,12.12,6.65
2010,282,0.47,0.47,0.37,94.65,3.01,226.44,0.09,51.38,10.31,20.53,32.4,13.58,16.37
2010,283,0.48,0.48,0.51,93.94,1.9,261.0,12.16,73.56,10.99,15.22,22.69,14.44,5.14
2010,284,0.48,0.49,0.48,93.68,1.54,165.62,0.35,62.94,8.79,12.32,26.34,10.83,15.72
2010,285,0.48,0.49,0.49,93.75,2.48,221.75,1.82,63.38,8.48,13.32,24.62,10.2,16.8
2010,286,0.48,0.48,0.48,94.09,4.32,231.75,2.8,65.94,8.3,12.7,21.83,10.05,8.91
2010,287,0.49,0.5,0.54,94.74,2.99,303.0,6.29,81.12,10.07,13.58,21.15,13.28,10.6
2010,288,0.49,0.5,0.51,94.62,2.17,277.06,3.09,78.94,9.46,11.39,22.83,12.23,15.92
2010,289,0.5,0.5,0.52,94.59,2.06,293.94,4.03,81.25,9.34,12.43,20.01,12.08,12.28
2010,290,0.5,0.51,0.54,94.58,2.16,286.12,8.78,84.75,8.61,11.48,17.46,10.87,8.77
2010,291,0.52,0.53,0.59,94.83,5.13,324.62,9.73,78.25,7.08,9.95,14.56,7.96,9.2
2010,292,0.52,0.53,0.55,95.03,4.48,309.12,3.61,75.38,6.59,8.67,15.62,7.01,8.48
2010,293,0.52,0.53,0.51,95.18,1.46,175.62,0.0,64.75,5.86,5.98,22.18,4.88,16.57
2010,294,0.52,0.52,0.5,95.53,1.71,105.25,0.0,70.5,7.02,8.76,22.1,7.67,16.13
2010,295,0.52,0.52,0.5,95.54,1.56,185.69,0.0,68.31,6.9,7.76,23.97,7.59,16.6
2010,296,0.52,0.52,0.49,95.14,2.19,202.44,0.0,66.38,7.51,10.18,23.97,8.82,14.36
2010,297,0.52,0.52,0.5,94.85,0.98,189.31,0.4,81.75,9.09,12.54,19.23,11.75,8.06
2010,298,0.52,0.53,0.59,94.67,3.43,298.94,20.02,86.19,8.73,10.72,19.25,11.05,8.32
2010,299,0.55,0.56,0.64,95.22,5.34,319.12,15.58,78.88,6.47,8.95,12.19,6.73,6.05
2010,300,0.56,0.58,0.62,95.87,3.31,323.44,5.34,77.38,6.59,8.48,15.18,7.15,9.45
2010,301,0.56,0.57,0.57,95.81,1.59,170.88,0.02,67.12,5.86,6.32,20.86,5.15,15.66
2010,302,0.55,0.57,0.55,95.3,2.39,217.31,0.0,50.5,5.25,8.52,24.96,3.58,15.4
2010,303,0.55,0.56,0.54,94.93,3.04,223.31,0.03,44.94,5.68,11.57,25.95,4.49,13.96
2010,304,0.55,0.55,0.53,94.27,5.3,208.69,0.8,44.06,5.31,10.06,24.55,3.46,12.09
2010,305,0.55,0.55,0.57,94.3,3.24,262.44,6.55,78.5,7.14,8.35,15.65,7.98,9.73
2010,306,0.59,0.61,0.77,94.72,4.79,307.94,53.55,92.44,8.61,9.76,13.77,10.84,3.33
2010,307,0.65,0.7,0.88,95.33,4.46,332.81,50.72,91.5,8.67,11.19,14.39,11.09,4.46
2010,308,0.67,0.73,0.81,95.8,2.35,85.38,15.71,89.25,8.67,11.09,16.26,11.17,7.13
2010,309,0.68,0.73,0.77,95.77,1.75,79.31,3.15,89.06,8.61,10.39,17.12,11.0,7.72
2010,310,0.68,0.71,0.74,95.34,1.61,120.69,0.24,87.88,8.73,9.62,18.15,11.15,8.07
2010,311,0.69,0.7,0.76,94.38,1.63,261.12,6.87,91.19,8.73,10.2,15.48,11.05,6.31
2010,312,0.69,0.7,0.73,93.62,4.7,242.94,0.97,78.62,7.51,9.37,16.03,8.64,5.96
2010,313,0.69,0.7,0.73,93.24,4.94,243.06,0.13,73.81,7.87,9.62,19.89,9.26,11.62
2010,314,0.68,0.7,0.72,94.13,2.76,272.75,0.47,77.5,7.45,9.1,18.32,8.49,10.79
2010,315,0.68,0.69,0.73,95.36,3.39,291.31,0.88,82.06,6.53,7.08,14.09,6.79,9.15
2010,316,0.68,0.69,0.72,95.55,1.76,278.5,0.0,79.62,6.47,6.01,16.78,6.79,13.32
2010,317,0.68,0.69,0.72,95.08,1.48,229.75,0.0,68.19,6.59,6.79,22.53,6.91,13.43
2010,318,0.67,0.68,0.71,94.77,3.09,211.0,0.0,64.94,6.41,8.49,21.66,6.35,13.2
2010,319,0.67,0.68,0.71,95.0,3.52,265.69,0.65,71.88,6.96,8.4,20.08,7.62,12.2
2010,320,0.67,0.68,0.71,95.32,3.91,279.62,0.2,76.56,5.68,5.95,13.54,4.87,11.6
2010,321,0.67,0.67,0.7,94.79,2.26,256.31,0.06,68.69,4.94,3.01,16.58,2.52,12.29
2010,322,0.66,0.67,0.7,94.92,2.28,279.06,0.51,77.06,6.29,5.83,15.53,6.06,8.58
2010,323,0.66,0.67,0.7,95.26,2.52,208.12,0.09,77.31,6.47,6.52,17.5,6.72,10.79
2010,324,0.66,0.67,0.7,94.93,2.83,227.75,0.0,72.19,6.47,6.21,19.46,6.63,12.19
2010,325,0.66,0.67,0.72,94.31,3.61,241.06,3.36,70.5,6.04,5.38,16.5,5.53,3.33
2010,326,0.66,0.67,0.71,94.23,3.99,259.88,1.18,81.44,5.68,3.94,12.65,4.54,8.51
2010,327,0.66,0.67,0.7,94.57,2.88,277.75,0.26,80.38,5.8,5.51,12.56,5.05,9.73
2010,328,0.66,0.67,0.7,94.69,2.07,287.0,0.65,82.75,6.29,5.37,14.23,6.09,9.68
2010,329,0.66,0.67,0.72,94.5,1.5,264.88,2.76,88.56,7.93,8.09,17.18,9.62,6.83
2010,330,0.66,0.68,0.73,94.24,1.86,204.88,4.63,93.38,7.87,8.22,12.94,9.5,3.73
2010,331,0.66,0.68,0.71,93.54,3.01,184.31,0.04,73.56,6.77,7.43,20.56,7.1,7.14
2010,332,0.66,0.67,0.7,93.72,4.25,243.69,0.76,78.44,6.77,5.67,16.45,7.08,6.02
2010,333,0.66,0.67,0.7,94.1,4.26,207.44,0.05,68.0,6.35,5.31,19.82,6.24,10.17
2010,334,0.66,0.66,0.7,93.64,4.39,211.25,0.0,68.81,8.48,12.28,22.19,10.44,9.11
2010,335,0.66,0.66,0.7,94.09,3.2,259.12,1.83,72.56,6.84,6.65,16.19,7.24,9.07
2010,336,0.66,0.66,0.7,94.57,2.41,249.31,0.26,76.19,5.68,3.8,15.77,4.65,9.21
2010,337,0.66,0.66,0.7,94.8,2.41,277.62,0.82,80.69,5.31,4.3,10.73,3.68,8.06
2010,338,0.66,0.66,0.7,95.52,2.11,265.25,0.71,76.38,4.64,1.48,10.66,2.05,7.99
2010,339,0.66,0.66,0.7,95.31,4.34,206.56,0.0,63.25,3.91,1.02,13.59,-0.49,10.21
2010,340,0.66,0.66,0.69,94.78,3.94,216.44,0.0,58.25,5.13,6.37,18.01,3.02,9.35
2010,341,0.65,0.66,0.68,94.71,4.09,212.06,0.0,58.5,6.41,10.38,22.32,6.36,9.87
2010,342,0.65,0.65,0.68,95.12,3.97,217.12,0.0,62.38,7.45,13.31,22.23,8.65,9.8
2010,343,0.65,0.65,0.67,95.48,2.91,261.81,0.0,62.88,7.2,11.8,23.44,8.24,9.31
2010,344,0.64,0.65,0.68,95.98,2.08,343.25,0.0,85.31,6.59,4.44,13.87,6.98,8.18
2010,345,0.64,0.65,0.68,95.83,1.18,271.88,0.0,78.12,5.07,3.43,12.88,3.4,10.96
2010,346,0.64,0.65,0.68,94.81,1.91,244.56,0.0,70.75,4.88,1.13,17.21,2.55,9.59
2010,347,0.64,0.65,0.68,94.55,1.34,266.25,0.04,86.12,6.47,6.51,12.26,6.54,7.64
2010,348,0.64,0.65,0.68,95.07,1.81,323.81,2.13,84.88,5.86,5.72,12.2,5.33,5.7
2010,349,0.65,0.66,0.75,94.88,3.45,335.81,16.54,91.38,5.07,3.46,5.79,3.16,3.58
2010,350,0.66,0.68,0.77,94.91,4.81,322.38,13.04,86.81,4.39,2.35,4.8,1.27,4.44
2010,351,0.67,0.69,0.73,94.45,4.7,236.5,0.39,70.69,3.78,1.4,8.46,-1.11,10.47
2010,352,0.66,0.68,0.72,94.02,2.66,217.0,0.01,67.25,4.58,3.88,14.0,1.38,7.89
2010,353,0.66,0.67,0.71,93.95,3.72,218.19,0.26,67.06,5.68,5.54,18.56,4.34,10.0
2010,354,0.66,0.67,0.72,94.7,2.36,265.94,1.75,87.75,7.45,6.36,15.21,8.64,6.7
2010,355,0.66,0.67,0.71,94.46,4.16,202.88,0.0,75.0,6.53,6.39,18.51,6.77,7.69
2010,356,0.66,0.67,0.7,93.94,4.67,193.88,0.0,73.25,7.02,8.5,19.5,7.74,5.57
2010,357,0.66,0.67,0.7,93.54,4.55,230.31,0.65,72.81,6.35,7.2,15.83,6.05,6.41
2010,358,0.66,0.67,0.7,94.13,5.5,271.56,2.3,76.5,5.07,3.76,10.49,3.01,5.17
2010,359,0.66,0.67,0.7,94.57,3.55,283.44,1.47,78.62,4.7,3.13,9.37,2.05,5.87
2010,360,0.66,0.67,0.73,94.9,2.67,305.0,5.62,88.5,4.88,2.33,7.12,2.57,5.16
2010,361,0.67,0.68,0.74,95.39,3.07,311.38,5.51,91.06,5.55,2.6,8.16,4.4,3.39
2010,362,0.67,0.68,0.72,95.5,1.85,228.69,0.01,75.56,4.58,0.83,14.73,1.76,9.74
2010,363,0.67,0.68,0.71,95.31,2.09,214.19,0.0,56.56,3.72,1.8,17.4,-1.27,9.37
2010,364,0.66,0.67,0.71,95.06,3.05,209.5,0.0,57.44,3.66,2.41,15.32,-1.6,8.7
2010,365,0.66,0.67,0.71,95.2,1.66,271.94,0.05,79.88,5.31,0.94,13.58,3.28,10.35
2011,1,0.67,0.68,0.73,95.11,1.53,283.38,3.56,95.56,7.02,7.04,11.44,7.86,5.75
2011,2,0.67,0.69,0.73,94.95,1.59,300.0,3.62,96.19,6.47,6.19,8.37,6.69,6.04
2011,3,0.68,0.69,0.74,95.19,1.27,284.5,4.07,90.94,6.1,5.94,10.4,5.96,4.78
2011,4,0.68,0.69,0.73,95.31,1.68,257.56,0.17,84.38,5.37,3.06,11.42,4.04,7.55
2011,5,0.68,0.69,0.72,95.16,2.19,234.81,0.0,69.06,4.64,2.24,16.03,1.83,10.44
2011,6,0.68,0.69,0.72,95.32,1.98,225.44,0.0,66.25,5.13,4.46,18.23,3.4,10.96
2011,7,0.67,0.68,0.71,95.6,3.24,209.31,0.0,61.88,5.07,6.26,19.69,3.15,10.68
2011,8,0.67,0.68,0.71,95.7,3.08,210.88,0.0,54.94,4.82,7.37,19.3,2.4,9.38
2011,9,0.67,0.67,0.7,95.47,3.18,220.12,0.0,57.06,4.46,5.52,15.33,1.38,5.29
2011,10,0.67,0.67,0.71,95.51,1.72,270.69,0.14,75.06,5.13,2.94,14.26,3.15,8.53
2011,11,0.67,0.67,0.71,95.49,2.51,270.44,1.24,88.81,6.23,5.65,11.48,6.15,5.47
2011,12,0.67,0.68,0.73,95.54,4.66,320.12,3.58,87.62,6.47,7.15,11.23,6.78,7.57
2011,13,0.67,0.68,0.73,95.78,2.49,317.31,1.2,95.25,7.08,5.82,11.22,8.06,3.23
2011,14,0.67,0.68,0.71,95.8,1.43,225.25,0.0,68.94,5.43,4.05,17.79,4.23,11.99
2011,15,0.67,0.68,0.71,96.05,1.39,201.44,0.0,68.44,5.62,6.07,19.29,4.81,12.08
2011,16,0.67,0.67,0.71,96.12,1.49,234.38,0.0,63.06,5.43,5.29,20.13,4.15,12.28
2011,17,0.66,0.67,0.71,96.04,1.24,240.0,0.0,73.56,5.62,5.96,15.38,4.61,8.33
2011,18,0.66,0.67,0.71,95.8,0.83,132.44,0.12,83.81,6.29,6.56,15.55,6.42,8.33
2011,19,0.66,0.67,0.7,95.47,0.96,175.75,0.02,82.56,5.98,3.9,15.04,5.55,7.33
2011,20,0.66,0.67,0.71,95.2,1.61,312.88,1.24,88.56,5.86,2.5,9.94,5.29,4.92
2011,21,0.66,0.67,0.72,95.01,2.87,307.38,2.2,85.12,4.33,1.11,6.22,1.11,5.72
2011,22,0.66,0.68,0.73,95.04,3.36,305.81,3.58,86.06,4.27,-0.38,6.49,0.84,6.66
2011,23,0.67,0.68,0.72,95.12,1.18,208.38,1.57,88.5,4.33,-0.67,7.02,0.92,8.15
2011,24,0.67,0.68,0.72,95.1,1.23,108.75,0.31,87.75,5.13,2.42,10.02,3.34,9.68
2011,25,0.67,0.68,0.71,94.91,1.36,177.62,0.69,87.69,5.43,3.3,10.7,4.2,8.53
2011,26,0.67,0.68,0.72,94.27,1.79,153.44,1.96,87.25,5.8,3.87,13.06,5.06,10.39
2011,27,0.67,0.68,0.72,93.39,1.88,239.44,0.71,84.56,6.23,5.08,14.4,5.9,8.13
2011,28,0.67,0.67,0.71,94.4,2.8,259.38,0.19,84.44,5.92,4.19,14.58,5.33,11.51
2011,29,0.66,0.67,0.71,94.63,2.33,232.88,0.42,72.94,5.49,4.22,17.06,4.25,11.55
2011,30,0.66,0.67,0.71,94.69,1.69,244.06,1.2,79.88,5.31,2.42,13.09,3.81,10.61
2011,31,0.66,0.68,0.73,94.52,2.05,229.62,4.98,84.44,5.25,1.86,12.94,3.57,8.41
2011,32,0.67,0.69,0.77,94.55,3.46,288.5,21.44,91.44,5.25,0.71,7.47,3.47,6.99
2011,33,0.72,0.76,0.91,94.78,5.48,330.62,56.35,96.19,6.35,4.86,8.32,6.33,4.42
2011,34,0.75,0.8,0.84,95.46,4.48,332.69,10.08,86.62,5.74,5.51,9.51,5.02,6.83
2011,35,0.76,0.78,0.8,96.09,3.02,328.44,1.49,87.69,5.86,4.12,10.32,5.37,11.48
2011,36,0.75,0.77,0.8,96.37,2.08,338.5,0.0,84.25,5.8,6.26,11.29,5.27,11.09
2011,37,0.75,0.77,0.79,96.19,1.05,154.19,0.0,74.12,4.7,3.34,13.92,2.25,14.29
2011,38,0.75,0.77,0.78,95.9,1.13,139.88,0.0,64.81,4.27,1.98,16.24,0.65,15.16
2011,39,0.75,0.76,0.78,95.54,1.14,263.44,0.0,76.12,5.19,4.66,13.57,3.49,14.22
2011,40,0.75,0.76,0.78,95.59,1.16,160.0,0.0,82.12,5.62,4.17,14.62,4.65,12.98
2011,41,0.74,0.76,0.78,95.73,1.3,139.31,0.0,70.44,4.46,1.39,16.34,1.2,15.13
2011,42,0.74,0.75,0.77,95.5,1.41,214.56,0.0,61.62,4.15,0.98,17.12,0.36,15.89
2011,43,0.74,0.75,0.77,95.32,1.53,278.94,0.0,71.62,4.88,1.98,15.23,2.33,15.55
2011,44,0.74,0.75,0.77,94.99,1.27,173.62,0.0,74.25,4.94,2.19,15.89,2.7,15.46
2011,45,0.73,0.74,0.77,94.51,2.49,243.06,1.41,79.44,5.07,1.64,14.69,3.0,11.66
2011,46,0.73,0.74,0.77,94.33,3.27,229.12,1.73,75.31,5.07,1.9,13.05,3.05,13.72
2011,47,0.73,0.74,0.77,93.98,3.57,243.31,0.85,72.94,5.49,5.34,14.91,4.08,13.62
2011,48,0.73,0.74,0.78,93.66,3.09,239.0,3.12,79.38,5.31,4.01,13.57,3.67,7.51
2011,49,0.74,0.75,0.8,94.5,4.92,303.75,8.81,89.06,5.86,4.8,9.75,5.26,6.42
2011,50,0.74,0.76,0.78,95.14,1.88,273.75,0.01,72.81,4.94,2.18,15.37,2.73,15.99
2011,51,0.74,0.75,0.78,95.01,2.73,271.31,2.24,75.94,5.8,3.37,16.13,4.73,11.93
2011,52,0.74,0.76,0.8,95.07,2.51,301.25,6.36,94.69,6.29,5.12,9.06,6.3,8.37
2011,53,0.75,0.77,0.82,94.63,4.74,294.12,13.89,88.19,6.9,5.15,12.96,7.43,6.98
2011,54,0.77,0.78,0.83,95.1,4.85,332.06,8.63,86.62,5.92,4.59,9.68,5.47,9.94
2011,55,0.77,0.78,0.81,95.72,3.92,329.06,3.85,90.94,6.29,4.23,10.5,6.4,5.22
2011,56,0.77,0.78,0.81,95.59,2.8,330.19,3.0,89.62,6.41,6.41,11.61,6.7,7.68
2011,57,0.77,0.78,0.81,95.36,3.77,312.75,4.68,90.31,6.65,5.97,12.58,7.18,8.2
2011,58,0.77,0.79,0.83,95.02,2.2,283.06,14.9,88.94,6.23,3.91,11.8,6.08,7.06
2011,59,0.79,0.8,0.83,94.93,1.94,318.12,2.72,88.06,5.0,3.09,6.82,3.02,11.24
2011,60,0.79,0.8,0.84,94.74,2.93,292.06,9.41,90.0,5.19,2.64,7.33,3.51,11.29
2011,61,0.8,0.82,0.85,95.05,3.75,294.69,10.05,89.25,5.25,2.87,8.12,3.71,9.34
2011,62,0.8,0.82,0.83,95.17,1.12,170.75,2.09,76.19,4.52,1.33,10.24,1.51,12.42
2011,63,0.8,0.82,0.83,95.08,1.21,71.44,0.77,77.81,4.94,3.27,11.74,2.82,8.82
2011,64,0.8,0.81,0.82,95.3,1.66,215.12,0.12,78.75,4.94,2.35,13.95,2.82,19.86
2011,65,0.8,0.8,0.81,95.2,1.95,215.06,0.01,60.94,4.76,3.22,18.72,2.17,18.36
2011,66,0.8,0.8,0.81,95.36,1.34,154.75,0.0,64.62,5.55,5.87,19.86,4.23,17.11
2011,67,0.79,0.8,0.81,95.41,1.88,120.56,0.0,71.62,5.74,4.76,19.58,4.95,17.27
2011,68,0.79,0.8,0.81,95.28,1.39,145.31,0.04,79.06,6.29,5.58,17.36,6.23,15.97
2011,69,0.79,0.8,0.8,95.44,1.49,88.75,0.0,82.19,6.53,6.48,16.57,6.88,15.54
2011,70,0.78,0.79,0.8,95.16,1.77,193.31,0.02,75.38,6.77,6.9,18.86,7.36,16.17
2011,71,0.78,0.79,0.81,94.12,4.98,179.25,4.92,76.0,7.02,7.98,16.98,7.72,5.7
2011,72,0.78,0.79,0.8,94.29,2.15,228.0,0.06,72.81,6.71,6.85,19.07,7.11,19.72
2011,73,0.78,0.79,0.8,94.52,3.68,188.38,0.0,63.44,6.53,8.67,21.48,6.76,18.07
2011,74,0.77,0.78,0.8,94.09,4.72,205.69,5.72,71.12,8.61,11.16,22.19,10.6,16.65
2011,75,0.78,0.79,0.81,94.34,2.34,279.19,4.89,76.81,6.41,5.8,14.53,6.39,13.14
2011,76,0.78,0.79,0.8,94.9,3.2,265.0,2.07,80.25,5.98,4.33,14.3,5.44,11.69
2011,77,0.78,0.79,0.81,95.49,2.68,306.19,2.43,86.62,6.35,5.33,13.27,6.43,10.09
2011,78,0.78,0.79,0.8,95.64,3.48,320.81,1.7,89.5,6.71,5.97,12.02,7.31,10.62
2011,79,0.78,0.79,0.8,95.57,3.39,321.38,1.92,85.19,6.16,5.44,12.83,6.06,13.14
2011,80,0.78,0.79,0.81,95.69,1.89,127.06,2.28,84.06,6.23,5.44,14.34,6.34,10.62
2011,81,0.77,0.79,0.8,95.82,1.07,117.56,0.83,75.44,5.86,4.25,16.65,5.26,19.11
2011,82,0.77,0.78,0.8,96.05,1.55,154.94,0.16,78.56,6.1,5.55,14.98,5.98,17.55
2011,83,0.77,0.78,0.8,96.06,1.39,192.94,0.01,72.19,6.53,5.98,19.69,6.89,17.64
2011,84,0.77,0.77,0.8,95.73,1.58,235.56,0.11,71.31,6.59,8.27,19.18,7.08,11.0
2011,85,0.77,0.77,0.79,95.29,2.34,228.81,0.42,70.94,7.02,8.55,20.21,7.87,20.54
2011,86,0.77,0.77,0.79,95.14,2.1,270.5,0.64,72.62,7.57,8.8,21.4,8.9,21.04
2011,87,0.76,0.77,0.78,95.21,2.41,284.5,0.21,78.0,7.2,8.48,17.58,8.26,17.61
2011,88,0.76,0.77,0.78,95.29,1.81,284.25,0.43,78.19,6.9,7.79,17.76,7.69,21.37
2011,89,0.76,0.77,0.8,95.45,2.43,301.12,5.86,89.12,7.14,6.55,14.07,8.19,14.06
2011,90,0.76,0.77,0.79,95.94,2.62,325.81,1.34,86.31,6.84,6.58,14.11,7.64,16.58
2011,91,0.76,0.77,0.79,95.92,1.67,259.94,0.0,85.81,7.57,6.69,17.72,9.14,14.96
2011,92,0.75,0.76,0.78,95.45,1.62,182.12,0.0,68.25,7.08,6.23,23.69,7.98,24.74
2011,93,0.75,0.75,0.77,95.05,1.62,183.94,0.0,59.44,7.08,9.1,26.55,7.85,24.66
2011,94,0.74,0.75,0.77,95.31,1.68,146.69,0.0,59.81,7.51,10.87,25.73,8.8,23.39
2011,95,0.74,0.74,0.77,95.76,1.43,78.44,0.0,66.0,7.63,10.9,23.04,9.2,22.59
2011,96,0.73,0.73,0.76,95.87,1.8,115.56,0.0,63.12,6.29,8.1,22.82,6.26,26.01
2011,97,0.73,0.73,0.75,95.89,1.87,115.38,0.0,59.88,5.74,6.84,23.23,4.84,25.96
2011,98,0.73,0.73,0.75,95.61,1.55,204.44,0.0,57.62,6.65,8.7,24.93,7.05,25.93
2011,99,0.72,0.72,0.74,95.35,1.78,276.0,0.0,57.06,7.02,10.63,25.24,7.82,26.15
2011,100,0.71,0.71,0.73,95.22,2.34,289.38,0.0,66.94,7.69,11.15,23.15,9.04,24.8
2011,101,0.71,0.71,0.74,95.29,1.97,307.75,1.2,81.69,8.73,10.18,21.08,11.18,20.75
2011,102,0.71,0.71,0.76,95.49,2.12,321.94,4.44,88.06,8.79,10.24,17.58,11.28,15.46
2011,103,0.71,0.71,0.74,95.44,1.82,241.75,0.13,80.56,7.69,8.64,19.01,9.29,24.52
2011,104,0.7,0.7,0.73,94.67,1.8,219.62,0.0,66.81,7.45,7.07,24.76,8.6,26.5
2011,105,0.7,0.7,0.73,94.44,1.91,36.75,0.01,76.38,7.45,8.42,20.01,8.75,21.4
2011,106,0.7,0.7,0.72,95.01,2.8,266.44,0.19,77.5,6.65,8.26,15.79,7.06,18.54
2011,107,0.7,0.7,0.72,95.27,1.88,74.69,0.0,70.5,6.04,5.87,19.65,5.58,27.12
2011,108,0.69,0.69,0.71,95.11,1.88,206.94,0.08,65.75,7.39,6.06,24.98,8.61,25.86
2011,109,0.69,0.69,0.73,94.68,2.23,222.94,5.01,71.94,8.54,11.67,23.02,10.64,16.48
2011,110,0.69,0.69,0.71,94.66,1.62,118.0,0.3,73.5,9.16,10.37,24.77,11.75,23.82
2011,111,0.69,0.69,0.73,94.42,4.28,195.44,5.32,79.94,9.09,13.25,18.3,11.7,6.78
2011,112,0.7,0.7,0.77,94.3,3.12,198.94,17.23,81.06,9.46,12.7,19.72,12.23,8.63
2011,113,0.71,0.73,0.8,94.5,1.76,128.62,13.65,82.94,9.03,10.73,20.15,11.57,23.14
2011,114,0.71,0.73,0.77,94.0,2.6,114.5,9.22,79.81,9.46,11.44,24.31,12.16,19.5
2011,115,0.72,0.73,0.81,93.94,2.89,182.25,19.57,91.38,9.03,10.83,15.25,11.54,6.19
2011,116,0.74,0.76,0.81,94.44,3.97,325.88,10.88,90.62,8.3,10.23,14.08,10.33,5.87
2011,117,0.74,0.76,0.78,94.8,3.08,309.56,1.56,83.44,8.48,9.33,18.55,10.65,20.84
2011,118,0.73,0.74,0.77,94.58,1.5,228.19,0.09,66.69,7.51,8.11,22.9,8.68,26.74
2011,119,0.73,0.73,0.76,93.59,3.59,194.12,0.69,60.38,8.54,13.77,27.3,10.44,20.69
2011,120,0.73,0.73,0.76,93.45,3.95,267.56,2.91,80.06,8.54,9.63,19.05,10.59,12.53
2011,121,0.73,0.73,0.75,94.1,1.41,213.75,0.0,69.19,8.06,7.48,23.62,9.6,23.72
2011,122,0.72,0.73,0.74,93.54,5.49,224.75,0.48,62.94,7.87,12.3,21.94,9.29,16.76
2011,123,0.72,0.73,0.76,94.55,3.82,292.88,4.79,86.25,8.73,10.63,17.03,11.1,11.66
2011,124,0.72,0.72,0.74,95.19,1.95,284.19,0.32,77.31,8.61,9.18,21.01,10.9,25.58
2011,125,0.71,0.72,0.73,95.35,1.67,177.94,0.07,68.44,8.3,10.5,24.2,10.35,25.55
2011,126,0.71,0.71,0.73,95.38,2.05,194.94,0.06,62.88,8.85,12.55,26.15,11.38,26.91
2011,127,0.7,0.7,0.72,95.28,1.99,199.56,0.0,56.25,8.67,13.47,28.48,10.9,22.82
2011,128,0.7,0.7,0.71,95.3,2.1,226.5,0.11,67.75,8.79,11.91,23.11,11.24,24.7
2011,129,0.7,0.7,0.7,95.51,1.93,78.5,0.0,73.69,8.3,10.45,23.26,10.47,28.86
2011,130,0.69,0.69,0.7,95.79,2.3,85.81,0.0,67.75,7.14,8.84,22.57,8.11,29.28
2011,131,0.69,0.68,0.69,95.62,1.58,110.06,0.0,63.69,6.65,6.45,24.64,7.07,29.96
2011,132,0.68,0.68,0.68,95.27,1.83,214.56,0.0,56.44,7.32,9.77,26.98,8.42,28.87
2011,133,0.67,0.67,0.67,95.22,1.94,220.69,0.0,52.19,7.87,12.37,29.25,9.42,28.65
2011,134,0.67,0.66,0.66,95.15,1.8,233.0,0.78,46.0,7.57,14.08,29.8,8.76,25.31
2011,135,0.66,0.66,0.68,95.51,2.73,129.69,2.73,74.81,8.73,9.37,21.05,11.08,16.49
2011,136,0.66,0.66,0.66,95.9,2.34,250.81,0.0,69.06,6.77,8.3,19.94,7.55,27.31
2011,137,0.66,0.66,0.66,95.64,1.43,189.5,0.0,72.44,7.32,8.87,20.17,8.65,22.2
2011,138,0.66,0.66,0.68,95.01,1.38,184.56,2.73,75.0,9.28,10.0,21.51,11.9,16.59
2011,139,0.66,0.67,0.7,94.73,2.14,228.44,6.19,78.06,10.31,14.05,22.26,13.62,11.02
2011,140,0.69,0.7,0.81,94.79,1.59,103.81,44.1,81.88,10.5,13.98,22.81,13.83,7.93
2011,141,0.71,0.73,0.78,94.78,3.3,81.0,6.93,90.0,9.03,12.02,15.04,11.55,5.33
2011,142,0.71,0.73,0.76,95.22,3.05,171.44,2.24,86.56,9.03,11.44,17.4,11.66,11.51
2011,143,0.71,0.72,0.74,95.48,2.89,307.94,0.96,83.5,9.77,11.2,20.98,12.8,19.27
2011,144,0.71,0.71,0.73,95.57,2.51,308.75,0.72,79.5,9.58,12.08,22.09,12.59,23.7
2011,145,0.7,0.7,0.72,95.52,1.98,312.62,0.38,76.5,9.64,11.25,23.58,12.69,27.41
2011,146,0.7,0.7,0.7,95.44,1.77,215.38,0.05,60.19,8.18,12.19,25.81,10.07,29.75
2011,147,0.7,0.69,0.7,95.32,1.65,247.06,0.0,58.56,8.61,12.8,28.39,10.78,21.78
2011,148,0.69,0.69,0.7,95.27,1.67,229.88,1.54,66.44,10.25,14.89,25.84,13.58,22.96
2011,149,0.69,0.68,0.69,95.27,1.62,135.44,0.28,69.88,10.38,14.63,28.24,13.77,25.94
2011,150,0.68,0.68,0.69,95.09,1.41,209.75,0.55,64.25,11.47,16.03,30.4,15.23,21.46
2011,151,0.68,0.68,0.7,95.08,2.15,296.0,5.59,78.31,11.78,15.92,25.9,15.76,20.91
2011,152,0.68,0.69,0.71,95.32,3.07,82.0,5.21,80.38,9.34,10.17,19.4,12.14,9.98
2011,153,0.68,0.69,0.7,95.23,2.73,65.44,0.69,77.25,7.93,9.08,18.98,9.73,17.92
2011,154,0.68,0.69,0.71,95.05,1.39,109.5,6.09,78.19,9.4,11.52,22.33,12.24,14.42
2011,155,0.69,0.7,0.73,94.74,1.65,196.06,8.14,81.0,10.8,12.83,23.37,14.31,16.58
2011,156,0.69,0.7,0.71,94.51,1.79,151.69,3.01,81.69,11.54,15.05,24.41,15.34,13.92
2011,157,0.69,0.7,0.71,94.19,2.16,100.19,3.56,84.69,12.15,15.47,24.46,16.07,9.94
2011,158,0.69,0.7,0.71,94.43,1.64,276.31,3.03,73.44,9.89,14.33,23.7,12.86,23.47
2011,159,0.69,0.69,0.7,94.9,2.41,270.0,0.27,71.56,9.34,12.81,23.77,12.11,27.55
2011,160,0.68,0.68,0.68,95.28,1.76,214.94,0.02,68.75,9.4,13.61,25.65,12.19,28.94
2011,161,0.68,0.68,0.7,95.11,1.93,268.12,3.55,78.5,10.8,15.2,22.23,14.38,17.94
2011,162,0.68,0.68,0.68,95.34,1.74,208.94,0.02,72.25,9.58,13.29,24.8,12.56,28.3
2011,163,0.67,0.67,0.67,95.46,1.77,152.75,0.0,64.06,8.97,12.8,27.15,11.58,28.48
2011,164,0.67,0.66,0.66,95.22,1.67,166.06,0.0,60.25,9.95,14.15,31.26,13.07,28.3
2011,165,0.66,0.66,0.66,95.29,1.73,70.19,0.0,60.81,9.46,15.32,28.61,12.4,29.69
2011,166,0.66,0.66,0.65,95.42,2.09,232.75,0.0,59.88,8.97,15.33,26.48,11.63,30.3
2011,167,0.66,0.65,0.64,95.36,1.7,190.12,0.0,55.56,8.61,13.95,29.0,10.83,30.31
2011,168,0.65,0.64,0.63,95.15,1.86,215.75,0.0,53.12,10.01,15.34,32.89,13.09,29.41
2011,169,0.64,0.63,0.62,94.98,3.32,263.5,0.0,52.44,10.25,17.87,33.78,13.51,29.45
2011,170,0.64,0.63,0.62,95.4,2.25,104.69,0.0,68.69,11.29,16.05,28.87,15.04,28.95
2011,171,0.63,0.62,0.62,95.4,2.14,84.31,0.0,60.06,9.7,14.52,30.76,12.73,30.13
2011,172,0.63,0.62,0.62,95.3,1.45,183.25,0.0,54.31,11.05,17.05,33.55,14.65,26.86
2011,173,0.63,0.62,0.65,95.24,1.63,226.31,5.72,64.0,13.67,22.05,29.19,18.11,22.32
2011,174,0.63,0.62,0.63,95.28,0.98,208.88,0.85,61.88,13.12,21.04,32.02,17.43,23.98
2011,175,0.62,0.62,0.62,95.56,1.81,88.81,1.53,67.19,12.33,16.98,30.41,16.42,28.16
2011,176,0.62,0.62,0.62,95.71,1.8,118.12,0.0,61.69,9.89,16.01,29.77,13.09,29.95
2011,177,0.62,0.61,0.61,95.51,1.66,97.19,0.0,52.44,9.03,15.9,32.08,11.54,30.56
2011,178,0.62,0.61,0.6,95.39,2.12,124.0,0.0,51.62,9.46,16.62,33.62,12.26,30.56
2011,179,0.61,0.6,0.59,95.17,2.03,206.12,0.0,47.69,9.77,17.59,34.15,12.74,30.49
2011,180,0.6,0.59,0.59,95.14,2.02,242.12,0.0,55.06,11.35,19.4,33.91,15.06,28.98
2011,181,0.6,0.59,0.59,95.3,1.88,70.94,0.0,64.81,12.21,18.69,32.53,16.24,28.06
2011,182,0.59,0.59,0.59,95.33,1.98,54.31,0.0,61.88,10.44,16.63,30.3,13.8,28.71
2011,183,0.59,0.59,0.58,94.93,1.78,221.88,0.0,50.94,9.89,17.15,33.61,12.98,27.49
2011,184,0.59,0.58,0.57,94.73,1.02,240.38,0.01,40.94,9.7,20.74,38.15,12.35,28.93
2011,185,0.59,0.57,0.57,94.98,2.32,193.62,0.33,58.25,12.02,20.45,34.44,15.83,22.34
2011,186,0.59,0.57,0.57,95.14,2.54,243.56,0.24,73.12,12.88,17.46,28.0,17.08,23.73
2011,187,0.58,0.57,0.56,95.01,1.58,85.31,0.0,55.44,9.52,15.41,31.94,12.26,30.14
2011,188,0.58,0.56,0.55,94.8,2.04,222.06,0.0,44.31,9.64,17.77,36.22,12.42,29.51
2011,189,0.57,0.55,0.52,94.96,2.43,218.0,0.0,44.06,10.31,20.89,36.97,13.48,27.83
2011,190,0.57,0.55,0.52,95.2,1.33,202.31,0.07,46.62,11.78,22.73,37.94,15.59,23.88
2011,191,0.56,0.55,0.5,95.23,3.27,224.81,0.03,48.5,12.08,23.98,36.96,15.99,22.72
2011,192,0.56,0.55,0.48,95.05,1.98,198.62,0.04,42.38,11.35,22.8,40.06,15.0,22.32
2011,193,0.55,0.55,0.47,94.97,1.62,202.12,0.57,40.94,11.29,23.66,41.37,14.79,25.16
2011,194,0.55,0.55,0.48,94.84,3.33,294.0,2.49,55.62,12.88,21.73,36.26,16.88,25.4
2011,195,0.55,0.55,0.52,95.19,2.78,60.38,2.36,72.44,13.55,19.55,28.46,17.9,19.9
2011,196,0.55,0.55,0.52,95.36,1.94,138.06,0.4,63.56,12.15,18.79,31.59,16.27,24.94
2011,197,0.55,0.55,0.49,95.07,2.21,191.75,0.0,51.62,11.41,20.71,34.51,15.16,25.93
2011,198,0.55,0.54,0.47,94.57,3.18,265.25,0.0,44.62,10.38,21.42,36.86,13.58,27.03
2011,199,0.55,0.54,0.46,94.59,1.83,221.94,0.02,52.19,10.99,20.64,34.47,14.4,27.94
2011,200,0.55,0.53,0.45,94.6,2.81,269.62,0.03,62.69,12.51,19.31,33.99,16.47,24.08
2011,201,0.55,0.53,0.45,95.03,2.56,34.19,0.28,61.62,11.23,18.73,30.87,14.79,27.42
2011,202,0.54,0.53,0.44,94.62,1.61,179.88,0.31,50.81,11.23,18.15,37.51,14.82,23.43
2011,203,0.54,0.53,0.43,94.4,2.03,166.88,0.25,52.31,11.9,21.21,39.65,15.33,23.63
2011,204,0.54,0.52,0.44,94.9,3.1,89.69,0.46,67.31,12.21,18.04,28.23,16.17,22.12
2011,205,0.54,0.52,0.43,94.86,2.11,252.94,0.44,63.31,11.11,17.1,31.44,14.74,27.15
2011,206,0.53,0.52,0.43,94.9,2.45,62.06,0.07,64.94,10.5,17.33,27.0,13.8,24.73
2011,207,0.53,0.52,0.42,94.96,1.82,198.12,0.0,54.19,9.52,14.97,31.7,12.26,26.63
2011,208,0.53,0.52,0.41,94.93,2.73,173.06,0.0,48.38,10.62,18.98,35.3,13.9,25.35
2011,209,0.53,0.52,0.41,95.18,2.24,189.12,0.02,59.62,11.84,19.02,32.7,15.76,24.65
2011,210,0.52,0.52,0.4,95.23,2.14,107.31,0.0,55.12,10.19,16.92,32.63,13.4,26.94
2011,211,0.52,0.52,0.44,95.03,2.04,166.5,3.92,55.81,10.74,18.51,33.14,14.32,20.29
2011,212,0.53,0.52,0.44,94.92,1.8,85.56,0.0,56.12,10.25,16.92,31.82,13.46,27.42
2011,213,0.52,0.52,0.41,94.81,2.24,202.69,0.04,53.19,11.05,18.92,33.5,14.65,25.71
2011,214,0.52,0.52,0.41,95.01,2.34,195.06,0.0,44.19,10.5,20.51,38.55,13.81,25.84
2011,215,0.52,0.52,0.4,95.43,2.47,181.38,0.24,53.0,12.02,21.97,34.56,16.01,23.35
2011,216,0.52,0.51,0.39,95.26,2.65,213.06,0.11,54.62,12.27,21.08,34.51,16.35,23.81
2011,217,0.52,0.51,0.39,95.04,2.02,62.0,0.0,53.0,10.74,19.51,33.48,14.16,26.56
2011,218,0.52,0.51,0.38,94.78,2.19,198.5,0.0,46.94,10.68,20.04,36.01,14.12,24.73
2011,219,0.52,0.51,0.38,94.75,2.19,202.75,0.0,43.38,10.56,21.9,37.63,13.89,26.4
2011,220,0.52,0.5,0.37,95.0,2.62,208.31,0.01,48.0,10.86,21.05,36.84,14.2,26.7
2011,221,0.52,0.5,0.37,95.53,3.27,23.88,0.0,62.62,11.05,16.87,29.37,14.67,23.58
2011,222,0.51,0.5,0.37,95.62,2.39,217.81,0.0,60.25,8.91,15.16,28.11,11.4,27.69
2011,223,0.51,0.5,0.36,95.31,2.05,184.69,0.0,53.44,8.42,13.41,32.89,10.54,28.09
2011,224,0.51,0.5,0.35,95.14,1.96,206.69,0.0,39.56,6.96,16.23,33.12,7.54,27.74
2011,225,0.51,0.5,0.35,94.78,1.61,108.75,0.0,30.25,6.84,19.02,36.77,7.17,26.32
2011,226,0.51,0.49,0.34,94.74,2.77,282.06,0.0,52.44,10.86,19.8,34.55,14.17,26.19
2011,227,0.5,0.49,0.34,95.09,2.34,214.62,0.0,55.75,10.5,17.79,32.3,13.74,25.85
2011,228,0.5,0.49,0.34,95.22,1.98,83.0,0.0,46.19,9.46,18.7,35.2,12.26,26.16
2011,229,0.5,0.49,0.33,95.03,1.99,166.31,0.0,42.38,9.28,19.58,36.41,11.94,25.79
2011,230,0.5,0.49,0.32,94.92,2.28,206.56,0.0,40.69,10.01,21.28,37.31,13.15,24.86
2011,231,0.5,0.48,0.31,95.18,2.16,195.25,0.0,40.06,10.13,22.8,37.71,13.35,25.53
2011,232,0.5,0.48,0.31,95.35,1.77,186.38,0.0,44.69,10.19,21.8,36.39,13.28,25.87
2011,233,0.49,0.48,0.3,95.25,1.73,101.94,0.0,38.19,8.48,20.46,37.21,10.51,25.78
2011,234,0.49,0.48,0.3,95.07,2.23,256.12,0.0,38.44,9.03,21.05,37.56,11.5,24.88
2011,235,0.49,0.48,0.3,95.12,2.16,187.0,0.0,43.06,9.77,20.59,36.62,12.56,24.43
2011,236,0.49,0.48,0.3,95.12,2.19,225.44,0.0,45.62,10.8,21.73,36.28,14.29,23.21
2011,237,0.49,0.48,0.31,94.99,1.86,176.31,2.19,38.62,9.77,22.76,38.29,12.49,22.51
2011,238,0.49,0.48,0.31,94.85,2.44,248.56,0.0,41.5,10.38,22.82,38.2,13.62,23.09
2011,239,0.5,0.49,0.44,95.34,2.59,136.38,10.77,66.56,12.57,18.28,30.67,16.71,23.73
2011,240,0.5,0.5,0.47,95.41,2.07,66.88,0.0,62.81,10.8,16.97,31.12,14.48,22.58
2011,241,0.5,0.5,0.44,95.18,1.4,111.06,0.0,54.81,10.19,18.28,31.11,13.45,15.0
2011,242,0.5,0.49,0.43,94.99,2.21,222.94,0.9,52.44,11.17,21.09,32.87,14.87,19.38
2011,243,0.5,0.49,0.42,94.83,2.57,194.56,3.37,52.19,11.78,20.94,35.72,15.63,19.2
2011,244,0.5,0.5,0.48,94.86,3.12,193.12,0.92,46.0,11.11,22.49,37.49,14.63,13.36
2011,245,0.5,0.49,0.42,94.87,1.8,187.31,0.09,48.25,11.78,22.78,38.34,15.39,18.28
2011,246,0.5,0.5,0.51,94.88,3.06,210.19,10.73,76.44,13.98,18.73,32.02,18.27,11.19
2011,247,0.51,0.52,0.55,95.11,2.55,166.62,4.61,77.12,12.63,18.64,26.38,16.81,13.49
2011,248,0.51,0.52,0.49,95.53,1.85,72.31,0.38,65.69,11.23,17.62,29.97,14.97,22.82
2011,249,0.51,0.51,0.5,95.86,2.04,60.06,1.64,71.88,12.08,17.44,29.8,16.18,23.29
2011,250,0.51,0.51,0.48,95.68,1.89,119.25,0.07,67.94,10.62,16.36,29.37,14.05,24.11
2011,251,0.51,0.51,0.48,95.32,1.69,100.62,0.0,56.69,8.61,14.95,30.58,10.22,24.46
2011,252,0.5,0.5,0.46,95.03,1.81,181.06,0.0,50.25,8.85,16.25,32.74,11.19,23.64
2011,253,0.5,0.5,0.45,94.93,2.61,204.38,0.0,43.81,9.34,19.44,35.55,12.04,20.45
2011,254,0.5,0.49,0.43,95.16,2.53,274.81,0.0,59.38,10.8,18.37,32.09,14.04,22.49
2011,255,0.5,0.49,0.42,95.28,1.9,139.25,0.0,68.06,11.78,17.4,30.81,15.61,21.2
2011,256,0.49,0.49,0.41,95.1,1.73,167.0,0.12,61.69,10.44,16.4,31.58,13.57,22.14
2011,257,0.49,0.49,0.41,94.98,1.87,187.06,0.35,58.56,11.05,19.1,31.78,14.66,21.61
2011,258,0.49,0.48,0.4,94.98,1.82,144.88,0.07,60.62,11.11,17.97,33.97,14.59,21.02
2011,259,0.49,0.48,0.38,95.09,1.92,207.25,0.23,57.25,11.11,18.36,35.02,14.75,20.99
2011,260,0.49,0.48,0.38,95.07,1.63,264.06,0.13,59.62,11.54,18.94,32.87,15.27,21.16
2011,261,0.49,0.48,0.38,94.78,2.08,283.69,0.3,63.31,11.6,18.11,31.9,15.08,20.34
2011,262,0.49,0.48,0.41,95.17,2.8,245.75,1.49,72.75,11.54,17.19,25.19,15.26,11.7
2011,263,0.49,0.48,0.4,95.54,2.77,268.31,0.02,66.75,9.28,15.66,24.8,12.13,18.56
2011,264,0.49,0.48,0.39,95.41,1.62,191.5,0.0,57.0,7.87,13.22,29.94,9.39,21.6
2011,265,0.49,0.48,0.38,95.23,1.63,187.56,0.0,47.75,8.3,16.08,33.01,10.25,20.37
2011,266,0.48,0.48,0.37,95.08,1.81,189.31,0.01,58.19,9.7,17.13,29.73,12.67,20.47
2011,267,0.48,0.48,0.38,94.94,1.77,221.12,1.14,66.19,11.23,17.3,31.36,14.87,13.5
2011,268,0.48,0.48,0.4,95.29,2.33,323.44,0.67,74.31,12.02,17.65,27.45,16.0,17.1
2011,269,0.48,0.48,0.39,95.58,1.96,229.75,0.13,71.06,11.11,17.01,27.61,14.78,19.43
2011,270,0.48,0.48,0.38,95.71,1.83,46.25,0.21,69.69,10.44,16.42,26.81,13.97,19.22
2011,271,0.48,0.48,0.38,95.64,1.84,86.81,0.44,69.69,10.13,15.12,27.36,13.39,18.26
2011,272,0.48,0.48,0.4,95.58,1.42,96.44,1.4,68.69,10.25,14.92,26.33,13.63,15.86
2011,273,0.49,0.48,0.45,95.53,0.89,144.69,2.9,74.62,10.86,16.91,22.69,14.51,14.81
2011,274,0.49,0.49,0.52,95.48,0.88,198.69,5.7,69.06,10.19,15.72,25.11,13.53,15.23
2011,275,0.49,0.5,0.5,95.6,2.04,110.0,1.53,71.56,10.13,15.05,25.88,13.41,16.92
2011,276,0.49,0.5,0.48,95.77,1.55,93.94,0.82,71.31,9.03,13.06,26.1,11.48,18.86
2011,277,0.49,0.49,0.46,95.75,1.77,91.5,0.1,67.88,8.36,12.04,25.72,10.34,18.87
2011,278,0.49,0.49,0.45,95.64,1.41,90.44,0.0,66.06,8.24,12.02,25.9,10.08,19.07
2011,279,0.49,0.49,0.48,95.52,1.98,283.5,4.31,74.69,9.64,12.47,24.33,12.54,16.33
2011,280,0.5,0.5,0.52,95.28,1.9,322.06,9.07,73.0,9.89,14.7,25.28,12.9,18.32
2011,281,0.51,0.52,0.56,95.29,4.38,254.81,5.39,72.06,8.42,13.64,19.2,10.53,14.63
2011,282,0.52,0.52,0.56,95.56,5.95,330.56,9.31,79.06,9.22,13.65,18.18,12.01,6.9
2011,283,0.52,0.53,0.55,95.89,3.36,329.94,3.4,83.94,10.5,14.6,20.5,14.07,8.82
2011,284,0.52,0.53,0.52,95.83,1.81,313.81,0.19,76.94,10.19,14.02,24.74,13.55,17.53
2011,285,0.52,0.52,0.5,95.64,1.65,276.81,0.0,58.25,7.45,12.49,26.51,8.62,18.36
2011,286,0.52,0.52,0.49,95.45,1.67,290.56,0.0,55.81,7.45,12.17,26.86,8.42,18.07
2011,287,0.52,0.52,0.5,95.26,2.2,284.38,1.84,74.38,9.46,12.33,24.44,12.23,17.5
2011,288,0.52,0.53,0.56,95.39,1.74,107.12,6.87,78.62,8.85,12.12,19.49,11.3,13.98
2011,289,0.52,0.53,0.52,95.63,1.79,212.69,1.08,75.12,7.93,11.33,19.26,9.8,12.79
2011,290,0.52,0.53,0.52,95.68,1.01,45.88,0.69,65.69,7.08,11.13,21.1,8.12,14.91
2011,291,0.52,0.52,0.5,95.57,2.48,219.88,0.0,59.0,6.41,9.01,24.03,6.69,16.63
2011,292,0.52,0.52,0.49,95.46,3.88,218.88,0.0,52.38,6.41,11.87,25.3,6.63,16.11
2011,293,0.52,0.52,0.55,95.42,2.06,165.75,7.63,76.81,8.61,11.37,19.73,10.66,11.8
2011,294,0.53,0.53,0.54,95.42,2.21,73.19,1.7,81.25,8.48,11.0,19.6,10.8,12.81
2011,295,0.53,0.53,0.52,95.2,1.3,202.56,0.89,76.62,8.36,10.11,22.62,10.51,14.82
2011,296,0.53,0.53,0.53,94.97,1.81,229.69,1.99,67.94,8.73,12.26,24.41,11.15,14.82
2011,297,0.53,0.53,0.52,94.48,3.3,201.0,0.03,65.12,8.24,13.53,23.44,10.19,14.2
2011,298,0.53,0.53,0.55,94.52,3.16,247.5,12.43,73.56,9.22,12.61,24.57,11.76,8.39
2011,299,0.55,0.56,0.6,95.09,1.16,211.19,5.79,73.19,8.36,12.57,21.94,10.28,15.36
2011,300,0.55,0.55,0.54,94.87,3.96,196.56,0.0,62.88,8.3,13.17,25.34,10.31,14.29
2011,301,0.55,0.55,0.55,95.09,1.43,158.19,2.04,75.56,10.07,14.18,25.14,13.19,8.73
2011,302,0.55,0.56,0.65,94.81,2.7,114.5,23.85,82.19,10.5,13.49,22.69,13.88,2.49
2011,303,0.59,0.61,0.73,94.86,1.59,66.5,25.5,89.25,10.31,13.32,19.55,13.58,6.97
2011,304,0.61,0.65,0.76,95.0,2.39,88.56,22.95,92.25,10.68,13.57,18.98,14.16,8.03
2011,305,0.64,0.68,0.78,95.1,1.69,84.94,21.2,90.5,10.07,12.98,18.05,13.35,6.0
2011,306,0.64,0.67,0.71,95.06,1.29,130.06,0.24,80.0,8.91,11.5,21.63,11.46,13.28
2011,307,0.64,0.66,0.69,94.59,4.57,199.06,0.0,72.75,8.61,11.83,21.61,10.82,10.38
2011,308,0.64,0.65,0.67,94.17,5.95,180.88,0.0,62.5,7.81,13.76,21.7,9.38,4.45
2011,309,0.63,0.65,0.68,93.98,3.39,242.31,1.86,73.25,6.71,9.52,15.75,7.07,7.14
2011,310,0.63,0.64,0.67,94.43,4.66,229.44,0.12,74.31,6.53,7.83,15.76,6.72,10.94
2011,311,0.63,0.64,0.66,94.93,3.9,224.94,0.0,70.38,6.23,7.99,18.83,6.09,12.95
2011,312,0.63,0.63,0.66,95.23,2.19,239.75,0.0,64.94,5.68,5.72,19.19,4.74,13.65
2011,313,0.62,0.63,0.66,95.41,1.27,264.38,0.0,73.69,6.77,7.76,19.28,7.05,13.87
2011,314,0.62,0.63,0.66,95.35,1.41,191.38,0.05,82.94,7.63,6.62,19.28,9.13,13.6
2011,315,0.62,0.62,0.65,95.45,1.3,162.0,0.0,70.5,6.59,7.3,21.37,6.94,13.52
2011,316,0.62,0.62,0.65,95.78,1.6,139.06,0.0,67.75,6.41,8.4,22.08,6.52,13.57
2011,317,0.62,0.62,0.64,95.81,1.13,170.31,0.0,69.31,6.59,7.53,21.17,7.02,12.89
2011,318,0.62,0.62,0.64,95.35,2.38,214.0,0.0,70.5,6.9,9.22,19.92,7.68,9.47
2011,319,0.62,0.62,0.65,94.86,2.8,253.5,2.75,78.25,7.39,9.91,16.65,8.53,5.7
2011,320,0.62,0.62,0.66,95.04,2.65,283.75,1.5,84.69,7.45,9.06,15.3,8.7,9.87
2011,321,0.62,0.62,0.66,95.39,1.94,216.75,2.95,90.94,8.12,9.2,15.99,10.03,7.88
2011,322,0.62,0.62,0.66,95.38,1.33,187.0,0.16,82.69,7.69,7.76,18.56,9.32,11.19
2011,323,0.62,0.62,0.65,95.14,2.98,204.38,0.0,74.19,6.59,7.9,17.32,6.99,8.54
2011,324,0.62,0.62,0.64,94.94,2.09,176.44,0.01,65.44,6.35,7.66,19.92,6.34,11.23
2011,325,0.62,0.62,0.64,94.1,3.15,182.38,0.48,66.19,6.59,9.05,20.63,6.83,6.48
2011,326,0.62,0.62,0.67,94.16,4.0,246.5,7.99,87.06,7.93,9.34,15.09,9.53,3.51
2011,327,0.63,0.64,0.7,95.08,3.53,283.69,9.12,90.25,7.93,9.21,14.9,9.62,4.93
2011,328,0.63,0.65,0.7,95.73,1.41,211.69,4.12,90.06,8.24,8.97,16.31,10.42,9.01
2011,329,0.63,0.65,0.69,95.85,1.32,121.38,1.18,90.06,8.12,9.36,16.8,10.12,6.94
2011,330,0.64,0.65,0.7,95.93,1.88,75.06,2.87,90.19,7.93,8.58,15.43,9.86,8.04
2011,331,0.64,0.65,0.69,95.57,2.76,119.06,1.39,93.0,7.81,7.99,14.8,9.62,4.76
2011,332,0.64,0.65,0.7,95.11,1.89,117.62,4.01,85.38,7.63,7.26,17.73,9.14,7.53
2011,333,0.64,0.66,0.7,95.45,1.1,175.5,2.13,87.62,6.96,6.29,14.16,7.74,6.38
2011,334,0.64,0.65,0.69,96.09,1.37,135.19,0.47,90.25,7.2,6.31,15.67,8.38,8.64
2011,335,0.64,0.65,0.68,96.12,1.61,207.0,0.02,77.56,6.53,6.13,18.59,7.0,10.52
2011,336,0.64,0.65,0.68,95.57,3.12,205.75,0.0,83.38,6.65,6.66,16.71,7.18,9.73
2011,337,0.64,0.65,0.68,95.55,1.55,271.56,0.01,84.06,6.77,6.0,16.88,7.44,8.35
2011,338,0.64,0.64,0.68,95.7,1.11,258.19,0.05,88.56,7.2,5.98,14.76,8.34,9.63
2011,339,0.64,0.64,0.67,95.54,2.27,252.5,0.0,77.19,5.8,4.19,17.01,5.03,11.34
2011,340,0.63,0.64,0.67,95.73,2.56,282.5,0.07,89.69,7.02,5.05,15.03,7.82,8.13
2011,341,0.63,0.64,0.67,96.2,1.8,297.88,0.07,90.25,7.57,8.61,15.59,9.24,10.4
2011,342,0.63,0.64,0.67,96.18,1.3,203.81,0.01,85.5,6.9,5.97,17.03,7.73,11.22
2011,343,0.63,0.64,0.66,95.77,1.89,216.38,0.0,71.31,5.68,4.51,19.52,4.82,11.23
2011,344,0.63,0.63,0.66,95.43,2.49,214.69,0.0,66.38,5.19,5.8,15.87,3.5,7.27
2011,345,0.63,0.63,0.66,95.32,1.68,254.31,0.0,65.94,5.19,6.29,17.6,3.56,9.99
2011,346,0.63,0.63,0.66,95.61,2.33,276.25,0.17,85.69,6.23,4.12,13.97,6.11,6.06
2011,347,0.62,0.63,0.66,95.79,1.56,254.56,0.04,78.31,5.98,5.66,15.53,5.65,10.7
2011,348,0.62,0.63,0.66,95.75,2.19,242.88,0.0,72.75,5.43,4.42,17.14,4.15,10.78
2011,349,0.62,0.63,0.66,96.02,2.23,273.5,0.05,85.81,6.59,4.33,14.95,6.95,8.77
2011,350,0.62,0.62,0.65,95.51,3.44,236.69,0.01,72.31,5.55,3.93,17.66,4.51,9.5
2011,351,0.62,0.63,0.66,94.99,3.68,303.5,3.65,80.69,6.41,7.01,12.7,6.53,3.69
2011,352,0.63,0.64,0.72,94.98,3.17,312.31,12.36,88.81,5.86,5.27,8.94,5.21,5.65
2011,353,0.64,0.66,0.71,95.56,3.28,318.69,3.28,80.38,4.39,2.2,7.89,1.33,7.18
2011,354,0.64,0.66,0.7,95.69,2.9,285.5,3.35,85.31,5.37,2.02,10.91,3.96,6.87
2011,355,0.66,0.68,0.79,95.48,4.72,316.56,25.16,90.69,6.96,7.4,11.24,7.73,2.05
2011,356,0.68,0.7,0.78,95.66,5.45,321.06,12.19,94.81,8.12,9.51,11.95,10.11,3.5
2011,357,0.68,0.7,0.75,95.87,2.26,323.88,2.76,93.06,7.32,8.73,11.44,8.62,3.49
2011,358,0.68,0.7,0.74,96.05,2.28,320.81,2.22,88.94,6.59,4.37,12.89,7.05,4.34
2011,359,0.69,0.7,0.73,96.2,3.2,332.5,1.65,84.06,5.49,4.26,9.48,4.46,5.22
2011,360,0.69,0.7,0.73,96.27,1.86,118.88,1.71,82.75,5.25,4.28,10.33,3.9,6.06
2011,361,0.69,0.7,0.74,96.13,0.88,117.25,3.66,85.25,4.88,2.19,9.26,2.82,6.52
2011,362,0.7,0.72,0.8,95.79,1.08,197.62,18.98,85.44,5.31,3.58,11.17,3.98,8.35
2011,363,0.71,0.73,0.77,95.84,2.55,312.0,3.38,92.81,5.68,1.64,9.33,4.86,5.03
2011,364,0.71,0.73,0.77,95.93,4.61,315.38,2.1,84.12,5.31,4.77,9.21,4.02,5.65
2011,365,0.71,0.72,0.75,95.97,3.39,298.5,0.35,87.12,6.41,4.8,13.11,6.72,8.84
2012,1,0.71,0.72,0.75,96.07,1.62,238.19,0.01,89.38,6.41,4.95,14.07,6.67,10.61
2012,2,0.71,0.72,0.75,95.93,2.74,261.62,3.29,79.56,6.1,4.19,17.06,5.9,10.55
2012,3,0.71,0.73,0.78,96.14,3.51,327.81,6.09,86.06,5.98,6.37,10.95,5.79,7.65
2012,4,0.71,0.73,0.76,96.18,2.96,317.19,1.62,86.5,6.35,5.73,13.04,6.56,9.21
2012,5,0.72,0.73,0.76,95.79,3.48,303.25,0.88,86.38,6.35,6.18,13.34,6.51,8.68
2012,6,0.71,0.73,0.76,95.34,5.95,323.81,1.25,78.94,5.8,6.15,11.98,4.96,4.36
2012,7,0.71,0.73,0.76,95.97,4.42,334.69,2.39,83.0,5.37,5.08,8.88,4.15,6.85
2012,8,0.71,0.73,0.76,95.92,2.42,319.19,0.98,90.19,6.29,4.3,10.57,6.37,7.88
2012,9,0.71,0.73,0.76,95.89,2.4,295.38,1.28,92.5,6.35,4.42,9.68,6.55,4.18
2012,10,0.71,0.73,0.76,96.31,1.05,247.44,0.19,83.06,5.68,4.88,12.87,4.97,9.05
2012,11,0.71,0.72,0.75,96.4,1.26,130.44,0.06,84.69,5.74,2.57,12.69,5.15,6.93
2012,12,0.71,0.72,0.75,96.33,1.44,228.94,0.0,76.94,4.88,0.69,15.4,2.75,12.0
2012,13,0.71,0.72,0.75,95.88,2.05,236.81,0.0,67.62,4.15,0.94,15.43,0.39,12.05
2012,14,0.71,0.72,0.75,95.39,1.98,273.12,0.24,86.25,5.55,3.04,10.41,4.25,4.66
2012,15,0.71,0.72,0.75,95.14,2.25,273.0,0.14,89.44,5.62,3.4,10.79,4.58,5.83
2012,16,0.71,0.72,0.75,94.76,1.23,200.5,0.25,82.44,5.19,1.66,11.44,3.44,8.77
2012,17,0.71,0.72,0.75,95.32,1.97,101.19,0.09,79.31,5.19,3.05,13.12,3.4,10.88
2012,18,0.71,0.72,0.75,96.24,2.26,64.25,0.6,89.31,5.37,1.81,9.52,4.24,5.11
2012,19,0.7,0.71,0.75,96.75,1.2,118.69,0.02,80.0,4.33,0.23,11.03,1.15,12.71
2012,20,0.7,0.71,0.74,96.34,1.71,284.06,0.0,85.25,4.88,-0.45,12.21,2.58,12.55
2012,21,0.7,0.71,0.74,95.99,1.95,309.19,0.03,88.75,6.29,4.8,13.53,6.48,12.33
2012,22,0.7,0.71,0.74,95.54,1.4,297.88,0.0,86.25,6.23,4.37,14.41,6.26,12.54
2012,23,0.7,0.71,0.74,95.17,2.7,284.69,0.29,89.12,6.53,6.44,11.93,6.76,9.42
2012,24,0.7,0.71,0.74,95.42,4.34,315.5,0.15,83.81,6.47,8.05,12.12,6.72,10.58
2012,25,0.7,0.7,0.73,95.41,2.27,256.31,0.05,82.38,6.04,4.81,13.3,5.77,12.23
2012,26,0.7,0.7,0.73,95.17,1.39,195.94,0.01,72.0,4.88,1.4,16.33,2.54,13.48
2012,27,0.7,0.7,0.73,95.17,1.27,169.19,0.0,74.25,5.13,3.31,15.55,3.29,11.43
2012,28,0.7,0.7,0.74,95.12,1.61,285.75,1.5,93.12,6.23,4.12,10.62,6.17,9.38
2012,29,0.7,0.71,0.77,94.81,2.92,302.06,7.89,90.31,5.55,3.86,7.67,4.53,4.47
2012,30,0.72,0.73,0.82,94.74,4.5,327.62,27.24,96.44,5.55,2.95,6.87,4.37,4.09
2012,31,0.73,0.77,0.81,95.34,3.02,305.88,8.24,82.69,5.13,1.78,9.68,3.3,9.65
2012,32,0.73,0.76,0.78,94.83,2.37,265.62,0.37,73.5,4.52,0.58,13.54,1.38,13.7
2012,33,0.73,0.75,0.77,94.02,3.5,234.25,1.44,67.44,4.58,2.52,13.87,1.43,13.03
2012,34,0.75,0.77,0.84,94.26,4.55,318.5,28.62,93.31,5.25,2.14,6.4,3.53,4.83
2012,35,0.77,0.79,0.82,95.08,2.54,296.62,18.19,92.12,3.97,-0.54,2.24,-0.2,3.46
2012,36,0.77,0.79,0.81,95.26,3.7,317.19,5.56,89.75,3.6,-1.2,1.75,-1.42,4.26
2012,37,0.78,0.8,0.84,94.97,4.95,320.81,10.08,84.75,3.85,-1.71,3.75,-0.71,6.15
2012,38,0.79,0.8,0.83,94.62,5.41,318.31,2.77,77.19,3.54,-0.06,3.22,-1.8,6.18
2012,39,0.8,0.81,0.86,94.87,2.79,310.38,14.34,92.06,4.39,-0.06,4.04,1.1,5.55
2012,40,0.8,0.82,0.84,95.45,1.67,307.56,3.73,95.31,5.07,2.43,5.69,3.33,5.88
2012,41,0.8,0.83,0.84,95.17,2.36,298.56,4.41,88.88,4.88,2.51,7.5,2.76,8.44
2012,42,0.81,0.83,0.84,94.92,1.65,129.12,4.22,90.38,4.21,0.65,3.62,0.58,5.25
2012,43,0.81,0.83,0.84,95.11,1.62,316.12,1.09,81.94,3.42,-2.08,3.31,-2.18,9.51
2012,44,0.81,0.83,0.84,95.12,2.64,279.19,7.76,90.75,3.72,-1.89,3.44,-1.06,11.22
2012,45,0.82,0.84,0.84,95.01,3.08,274.75,5.16,86.19,4.03,0.51,4.94,0.04,7.52
2012,46,0.82,0.84,0.84,95.51,2.83,303.88,2.3,89.69,4.52,1.35,7.56,1.74,10.33
2012,47,0.83,0.84,0.84,95.48,2.71,303.56,0.97,88.69,4.82,1.17,9.1,2.47,9.41
2012,48,0.82,0.84,0.84,95.67,1.2,139.62,0.18,78.06,4.64,1.48,12.52,2.01,15.31
2012,49,0.82,0.84,0.84,95.46,1.87,228.81,0.0,69.25,4.15,0.08,14.76,0.43,16.79
2012,50,0.82,0.83,0.84,95.36,2.05,288.75,0.69,76.88,4.7,0.2,12.57,1.83,15.59
2012,51,0.82,0.84,0.84,95.54,1.48,184.06,3.48,87.75,5.49,4.37,9.37,4.38,9.75
2012,52,0.82,0.84,0.84,95.43,2.17,324.38,3.69,91.31,5.19,2.9,6.33,3.56,10.44
2012,53,0.84,0.85,0.89,95.18,4.4,337.12,26.42,95.12,5.86,4.8,7.21,5.32,3.46
2012,54,0.85,0.88,0.88,95.71,3.17,328.19,5.5,87.81,5.92,4.26,11.5,5.55,8.16
2012,55,0.85,0.87,0.86,96.06,1.43,217.44,0.18,81.88,5.43,3.15,15.03,4.26,17.76
2012,56,0.84,0.86,0.85,95.64,1.65,216.75,0.0,80.88,5.68,2.16,16.26,4.83,17.98
2012,57,0.84,0.86,0.85,95.17,3.09,288.62,0.0,87.06,5.92,3.33,11.98,5.29,15.11
2012,58,0.84,0.85,0.84,95.51,2.38,131.88,0.0,82.69,6.04,2.92,14.48,5.66,15.59
2012,59,0.84,0.85,0.84,95.6,1.8,208.0,0.0,76.88,5.13,2.65,14.66,3.44,17.29
2012,60,0.84,0.85,0.84,95.55,1.56,203.75,0.0,77.19,5.13,1.86,15.73,3.49,17.55
2012,61,0.84,0.84,0.84,95.71,1.44,121.88,0.0,78.81,5.49,2.37,17.6,4.4,18.79
2012,62,0.84,0.84,0.84,95.98,1.61,230.44,0.0,64.19,5.37,4.4,20.28,3.98,18.99
2012,63,0.83,0.84,0.84,96.09,1.91,270.44,0.54,78.44,6.1,4.9,16.41,5.82,18.13
2012,64,0.83,0.84,0.84,95.8,2.2,288.44,0.27,79.25,6.1,5.82,14.8,6.01,17.49
2012,65,0.83,0.84,0.86,95.56,2.56,319.69,8.82,88.75,6.35,4.49,11.73,6.45,7.09
2012,66,0.84,0.85,0.88,95.42,1.2,276.19,16.55,86.88,5.0,3.4,7.5,3.07,8.54
2012,67,0.85,0.87,0.87,95.42,2.48,265.81,5.79,88.75,5.07,3.23,7.22,3.21,9.9
2012,68,0.85,0.87,0.87,95.48,2.37,332.06,4.39,88.88,5.31,3.87,8.47,3.92,9.76
2012,69,0.85,0.87,0.86,95.47,2.64,109.06,3.51,84.56,5.37,3.37,11.21,4.12,11.83
2012,70,0.86,0.88,0.88,95.49,4.94,149.81,11.91,90.25,6.23,6.38,10.12,6.3,4.57
2012,71,0.86,0.88,0.87,95.48,4.16,330.0,2.54,84.5,5.86,5.15,11.5,5.28,11.13
2012,72,0.86,0.88,0.86,95.74,2.83,323.69,0.01,84.88,6.1,5.1,14.01,5.9,13.39
2012,73,0.86,0.87,0.86,95.92,1.39,162.62,0.0,76.75,5.86,4.85,18.23,5.34,21.36
2012,74,0.85,0.87,0.85,95.92,1.45,112.56,0.0,61.94,5.19,5.72,19.12,3.5,21.63
2012,75,0.85,0.86,0.85,96.04,1.74,129.88,0.0,63.0,5.43,7.27,20.13,4.19,21.71
2012,76,0.84,0.85,0.84,95.96,2.52,209.25,0.0,57.12,5.49,6.05,23.23,4.33,21.02
2012,77,0.84,0.85,0.84,95.87,2.98,215.75,0.0,56.88,5.74,8.06,22.9,4.96,21.23
2012,78,0.84,0.84,0.84,95.75,2.84,226.5,0.0,55.0,5.62,8.44,22.32,4.53,19.22
2012,79,0.83,0.84,0.84,95.74,1.85,169.69,0.0,67.38,6.1,7.07,19.73,5.59,17.81
2012,80,0.83,0.84,0.83,95.64,2.6,156.69,0.0,63.56,6.16,7.84,22.41,5.82,17.38
2012,81,0.82,0.83,0.83,95.55,2.77,161.31,0.0,59.31,5.98,6.76,23.08,5.45,19.85
2012,82,0.82,0.83,0.83,95.63,1.64,195.75,0.04,65.75,6.59,9.8,20.07,6.94,14.78
2012,83,0.81,0.82,0.83,95.61,1.17,191.81,0.02,66.88,6.77,7.28,22.71,7.18,21.48
2012,84,0.81,0.82,0.82,95.41,2.7,199.69,0.09,72.06,7.39,9.65,21.07,8.6,11.83
2012,85,0.8,0.81,0.82,95.63,1.85,154.38,0.04,78.44,6.65,7.79,16.87,7.1,22.31
2012,86,0.8,0.81,0.82,95.65,2.09,113.0,2.3,78.62,6.71,5.45,16.79,7.22,19.77
2012,87,0.8,0.81,0.83,95.59,1.74,109.06,3.19,81.19,7.14,8.17,16.68,8.23,12.04
2012,88,0.8,0.81,0.83,95.55,0.98,178.0,2.32,74.38,7.14,8.14,18.54,8.23,16.62
2012,89,0.8,0.81,0.83,95.25,1.9,206.0,5.7,83.06,7.39,8.73,16.11,8.7,13.63
2012,90,0.81,0.83,0.84,94.95,1.77,312.12,5.67,83.5,7.39,8.85,14.58,8.58,13.67
2012,91,0.8,0.82,0.82,94.65,1.38,213.81,0.0,66.25,6.23,4.61,21.4,5.88,24.3
2012,92,0.8,0.81,0.82,94.4,1.44,183.25,1.51,75.06,8.48,9.83,21.57,10.44,19.58
2012,93,0.8,0.81,0.83,94.19,1.84,166.75,5.05,81.44,8.67,10.39,22.66,10.85,18.44
2012,94,0.8,0.82,0.84,94.23,1.66,129.0,6.43,84.81,8.3,9.66,18.69,10.21,13.33
2012,95,0.81,0.83,0.85,94.18,1.71,238.81,10.0,88.94,7.93,8.76,15.98,9.56,16.17
2012,96,0.81,0.83,0.84,94.44,1.35,148.88,3.25,80.12,7.51,7.36,19.21,8.73,20.67
2012,97,0.82,0.83,0.85,94.55,1.99,260.0,10.11,84.0,7.63,8.7,17.83,9.08,9.46
2012,98,0.82,0.84,0.84,94.8,2.41,291.31,0.22,74.69,6.29,6.45,17.6,6.18,25.93
2012,99,0.81,0.83,0.83,94.9,3.29,293.94,0.08,79.88,6.53,5.54,16.19,6.69,24.59
2012,100,0.81,0.82,0.82,94.92,1.95,263.56,0.05,70.31,6.29,6.92,19.03,6.25,26.44
2012,101,0.8,0.81,0.82,94.4,2.22,224.62,1.39,69.06,8.18,9.05,24.18,9.63,17.0
2012,102,0.8,0.81,0.82,94.5,2.71,284.19,0.17,77.62,7.69,9.02,17.87,9.12,20.44
2012,103,0.8,0.81,0.83,93.75,2.12,178.88,4.92,76.56,7.87,7.4,22.46,9.3,10.77
2012,104,0.81,0.82,0.86,93.5,4.7,298.19,19.91,89.06,7.26,8.18,12.19,8.17,8.3
2012,105,0.82,0.84,0.85,94.08,4.45,273.31,3.81,76.0,6.47,6.8,15.05,6.53,16.19
2012,106,0.82,0.84,0.85,93.8,3.41,282.0,7.88,83.06,6.41,6.23,11.9,6.37,13.18
2012,107,0.83,0.84,0.87,94.3,3.46,309.25,12.75,88.06,5.92,5.62,9.42,5.33,16.19
2012,108,0.84,0.86,0.87,94.8,4.08,303.69,9.55,84.62,5.62,3.25,11.14,4.6,11.19
2012,109,0.84,0.85,0.84,94.37,2.76,265.19,0.11,73.31,6.35,1.99,20.42,6.01,25.73
2012,110,0.84,0.84,0.84,94.05,2.9,264.56,1.95,78.81,6.59,6.95,15.03,6.88,9.81
2012,111,0.84,0.84,0.84,94.53,3.61,278.62,1.44,79.25,6.84,6.54,17.02,7.46,15.58
2012,112,0.83,0.84,0.84,94.96,1.72,211.0,0.01,68.31,7.02,5.02,22.48,7.72,27.35
2012,113,0.83,0.84,0.84,94.95,2.19,205.25,2.78,74.12,8.42,11.21,22.42,10.54,20.62
2012,114,0.83,0.84,0.84,94.77,2.04,275.38,1.13,81.44,8.48,9.98,19.68,10.63,23.9
2012,115,0.82,0.83,0.83,94.75,2.58,219.75,0.04,76.62,7.87,7.61,21.05,9.47,25.81
2012,116,0.81,0.82,0.82,94.77,2.18,204.69,0.07,64.88,7.81,8.82,26.01,9.34,27.1
2012,117,0.8,0.81,0.81,94.87,3.1,172.06,0.0,48.56,7.32,13.09,30.05,8.17,27.59
2012,118,0.8,0.8,0.8,94.83,2.03,197.25,0.0,50.69,7.57,12.69,29.34,8.57,26.77
2012,119,0.79,0.8,0.8,94.59,3.71,204.0,0.16,61.06,9.16,13.59,28.55,11.44,21.48
2012,120,0.79,0.79,0.8,94.87,1.49,166.06,0.45,75.69,9.28,12.51,23.2,11.91,13.41
2012,121,0.79,0.79,0.81,94.94,2.41,204.0,4.43,88.12,8.18,10.08,13.94,10.12,7.69
2012,122,0.79,0.8,0.8,95.15,1.66,207.5,1.15,74.75,7.08,8.72,19.75,7.98,28.72
2012,123,0.78,0.79,0.8,94.99,1.95,180.75,0.0,71.75,8.24,8.04,25.16,10.19,24.87
2012,124,0.78,0.78,0.8,94.91,1.22,134.88,2.74,84.5,9.34,11.87,18.4,12.19,18.68
2012,125,0.78,0.78,0.8,94.87,1.63,229.12,2.65,73.5,8.54,11.21,23.44,10.77,25.79
2012,126,0.77,0.78,0.8,94.8,1.5,203.94,2.97,65.69,8.54,11.47,26.33,10.66,23.21
2012,127,0.77,0.77,0.79,94.96,2.14,314.69,0.07,75.81,8.79,11.48,23.0,11.18,24.94
2012,128,0.77,0.77,0.78,95.49,1.84,109.12,0.01,73.25,7.63,9.97,21.02,9.21,27.57
2012,129,0.77,0.77,0.78,95.45,1.45,129.38,0.0,64.75,7.2,7.86,24.69,8.21,29.6
2012,130,0.76,0.76,0.77,95.38,1.55,194.44,0.0,61.5,8.48,11.44,26.08,10.56,24.99
2012,131,0.75,0.75,0.77,95.64,1.88,111.25,0.0,64.06,9.22,13.97,27.13,11.94,29.32
2012,132,0.74,0.74,0.76,95.82,1.97,103.88,0.0,68.12,9.28,13.47,26.43,12.16,29.55
2012,133,0.74,0.73,0.75,95.82,1.61,102.06,0.0,62.06,8.54,12.7,26.33,10.9,29.61
2012,134,0.73,0.73,0.74,95.42,1.49,226.56,0.0,59.75,9.09,14.08,27.58,11.64,28.23
2012,135,0.73,0.73,0.73,95.07,1.83,165.81,0.0,70.19,9.16,12.94,24.27,11.85,26.57
2012,136,0.72,0.72,0.73,95.15,1.85,131.75,0.0,65.0,8.0,11.96,23.98,9.89,28.81
2012,137,0.72,0.71,0.72,95.48,2.05,147.5,0.0,68.5,7.93,11.16,22.42,9.81,29.85
2012,138,0.71,0.71,0.72,95.16,1.05,107.0,0.0,60.38,7.87,8.78,26.72,9.3,29.26
2012,139,0.71,0.7,0.71,94.58,2.34,213.0,0.38,61.0,9.95,15.77,28.93,12.99,18.96
2012,140,0.7,0.7,0.7,94.53,2.12,178.31,0.54,71.62,11.23,16.74,26.66,14.9,18.86
2012,141,0.7,0.7,0.72,94.47,2.06,208.62,2.38,87.62,9.46,9.84,16.68,12.12,4.54
2012,142,0.7,0.7,0.71,94.78,4.43,273.81,0.2,69.19,6.41,7.93,17.03,6.51,21.61
2012,143,0.7,0.7,0.7,95.21,3.77,286.25,0.0,67.12,6.9,8.14,21.34,7.56,29.8
2012,144,0.7,0.69,0.7,95.44,2.38,306.19,0.0,69.44,7.57,8.49,22.37,9.08,26.62
2012,145,0.69,0.69,0.69,95.42,2.05,230.06,0.0,72.62,8.85,10.35,23.23,11.3,25.56
2012,146,0.69,0.68,0.68,95.04,1.63,170.5,0.1,68.19,9.52,11.2,27.04,12.48,28.01
2012,147,0.68,0.68,0.68,95.07,1.73,235.31,0.22,64.38,9.4,14.5,26.11,12.23,28.72
2012,148,0.68,0.67,0.66,95.11,1.68,104.12,0.01,57.75,9.03,13.7,29.58,11.55,29.36
2012,149,0.67,0.66,0.67,94.93,2.2,232.94,1.83,70.12,10.93,16.08,28.37,14.54,23.97
2012,150,0.67,0.66,0.68,94.95,1.65,196.06,2.72,72.5,11.17,14.3,26.48,14.85,27.07
2012,151,0.66,0.66,0.66,95.38,1.87,86.81,0.0,62.12,8.73,13.3,27.62,11.15,29.59
2012,152,0.66,0.66,0.65,95.42,1.85,92.81,0.0,57.38,8.54,14.2,28.83,10.79,28.88
2012,153,0.66,0.65,0.65,95.19,1.72,104.25,0.0,54.0,8.67,14.85,30.3,10.93,30.0
2012,154,0.66,0.65,0.65,95.06,1.55,210.94,0.02,60.19,11.11,16.22,28.93,14.76,24.01
2012,155,0.65,0.64,0.65,95.04,3.03,251.81,3.4,60.06,10.25,16.65,32.41,13.52,24.94
2012,156,0.65,0.64,0.65,95.12,2.4,246.75,0.71,71.56,11.72,16.94,27.8,15.65,25.65
2012,157,0.65,0.64,0.63,95.22,1.66,137.88,0.06,64.88,10.01,15.6,28.47,13.22,29.82
2012,158,0.64,0.63,0.62,94.93,1.94,203.75,0.0,54.19,10.25,15.81,32.58,13.48,29.74
2012,159,0.63,0.62,0.61,94.63,2.66,212.69,0.0,45.44,10.44,19.26,37.4,13.71,24.76
2012,160,0.62,0.62,0.6,94.64,3.05,263.0,0.06,50.5,10.44,19.03,35.8,13.6,25.25
2012,161,0.62,0.62,0.62,95.18,2.45,107.75,0.76,73.88,11.35,15.94,24.37,15.12,18.01
2012,162,0.62,0.61,0.61,95.11,1.45,166.5,0.0,62.38,9.95,15.11,29.42,13.04,28.77
2012,163,0.62,0.61,0.6,94.67,2.23,241.38,0.0,53.12,10.07,16.23,33.08,13.17,29.52
2012,164,0.61,0.6,0.6,94.75,3.16,221.31,0.37,64.94,11.17,17.57,28.48,14.74,28.98
2012,165,0.61,0.6,0.61,95.13,2.94,66.06,1.67,71.44,11.11,16.43,27.64,14.83,23.24
2012,166,0.61,0.6,0.61,94.99,2.26,165.12,2.94,61.81,11.23,16.0,34.21,14.87,21.92
2012,167,0.61,0.6,0.6,95.21,1.26,120.38,0.73,62.44,12.27,19.12,32.5,16.29,22.99
2012,168,0.6,0.59,0.6,95.34,1.34,224.81,0.46,72.94,13.12,18.35,30.48,17.49,19.74
2012,169,0.6,0.59,0.6,95.24,1.53,79.62,1.08,67.88,13.12,17.82,33.21,17.44,27.41
2012,170,0.6,0.59,0.6,95.17,2.02,253.06,0.43,63.0,12.88,20.12,29.96,17.05,24.89
2012,171,0.59,0.59,0.59,95.04,2.12,178.94,0.0,50.25,11.6,20.4,35.49,15.37,26.61
2012,172,0.59,0.58,0.57,95.0,2.57,190.69,0.0,49.69,11.47,21.44,36.92,15.08,24.44
2012,173,0.59,0.58,0.57,95.09,1.79,259.69,0.0,57.0,12.15,21.65,32.15,16.11,28.77
2012,174,0.59,0.57,0.56,95.39,1.64,162.25,0.0,46.69,9.64,20.51,34.12,12.53,28.61
2012,175,0.58,0.57,0.55,95.52,1.73,120.62,0.0,49.06,10.93,20.26,36.87,14.55,28.67
2012,176,0.58,0.56,0.54,95.49,1.81,122.81,0.0,48.19,10.13,20.39,34.3,13.34,29.56
2012,177,0.57,0.55,0.52,95.48,1.86,132.56,0.0,44.88,9.03,19.83,32.62,11.68,29.1
2012,178,0.57,0.55,0.52,95.6,1.73,206.38,0.0,41.56,8.48,19.04,33.25,10.61,29.87
2012,179,0.56,0.55,0.49,95.38,1.69,178.5,0.0,38.69,8.48,20.84,35.25,10.59,29.61
2012,180,0.56,0.55,0.48,95.01,1.7,215.31,0.0,35.0,8.42,20.87,37.33,10.4,27.16
2012,181,0.55,0.55,0.47,94.95,1.48,164.75,0.0,36.94,9.83,22.32,38.37,12.76,24.82
2012,182,0.55,0.54,0.45,94.94,1.61,153.69,0.0,34.12,9.09,24.04,38.92,11.33,27.83
2012,183,0.55,0.54,0.45,95.01,2.34,261.75,0.01,52.19,10.8,20.33,35.73,14.08,27.79
2012,184,0.55,0.54,0.45,95.3,2.18,199.12,0.23,64.44,12.21,19.09,31.76,16.28,26.93
2012,185,0.55,0.54,0.45,95.11,2.42,167.69,0.04,57.69,11.47,19.19,33.95,15.26,27.52
2012,186,0.55,0.53,0.44,94.77,1.61,121.94,0.0,55.81,10.86,17.71,33.69,14.29,27.66
2012,187,0.55,0.53,0.43,94.62,1.73,255.06,0.0,47.75,10.07,18.79,35.65,13.03,28.41
2012,188,0.54,0.53,0.42,94.86,1.61,235.56,0.0,45.0,9.52,19.49,35.75,12.13,28.76
2012,189,0.54,0.52,0.42,94.85,1.17,160.31,0.39,43.62,11.41,22.05,39.78,14.99,24.69
2012,190,0.54,0.52,0.41,94.83,2.74,233.56,0.76,44.06,11.9,24.8,38.65,15.48,23.57
2012,191,0.54,0.52,0.44,95.07,2.12,188.44,1.56,54.69,13.49,23.23,37.65,17.73,20.8
2012,192,0.53,0.52,0.43,95.07,2.93,209.56,0.09,49.5,12.88,23.37,40.25,16.87,25.94
2012,193,0.53,0.52,0.42,95.24,1.7,194.44,0.18,52.62,13.49,23.8,40.47,17.66,25.72
2012,194,0.53,0.52,0.42,95.35,2.46,184.0,0.52,61.5,14.04,22.7,34.12,18.44,26.03
2012,195,0.53,0.52,0.41,95.17,1.48,195.38,0.0,50.81,11.54,20.93,36.94,15.18,27.22
2012,196,0.52,0.52,0.41,94.9,2.3,246.38,1.23,38.5,10.99,24.18,41.58,14.37,22.5
2012,197,0.52,0.52,0.41,95.32,2.53,108.62,0.0,62.44,13.24,20.14,34.01,17.55,25.94
2012,198,0.52,0.52,0.41,95.9,2.75,31.62,0.0,60.56,10.44,17.24,29.59,13.98,27.93
2012,199,0.52,0.51,0.4,95.95,2.48,278.81,0.0,61.12,9.52,15.88,27.91,12.46,29.3
2012,200,0.52,0.51,0.4,95.61,2.15,235.56,0.0,61.06,10.01,15.3,30.6,13.16,29.26
2012,201,0.52,0.51,0.39,95.09,1.98,205.44,0.0,44.06,8.61,16.03,35.76,10.75,29.72
2012,202,0.52,0.51,0.38,94.95,3.38,247.56,0.0,40.69,9.83,22.59,37.91,12.55,27.3
2012,203,0.52,0.51,0.38,95.11,2.48,144.44,0.42,49.75,10.8,20.58,35.68,14.17,24.5
2012,204,0.52,0.5,0.38,95.25,2.75,153.5,0.01,59.69,10.13,17.87,29.35,13.25,20.98
2012,205,0.52,0.5,0.4,95.04,3.44,325.81,1.71,61.88,9.09,15.28,25.71,11.73,24.43
2012,206,0.52,0.51,0.41,95.06,2.09,262.81,0.49,65.25,10.01,15.11,27.52,13.22,25.79
2012,207,0.52,0.5,0.4,95.15,2.01,211.31,0.0,53.0,9.34,15.55,32.59,12.07,27.56
2012,208,0.51,0.5,0.38,95.11,1.52,195.25,0.0,36.94,8.97,20.26,39.19,11.4,24.92
2012,209,0.51,0.5,0.37,94.94,2.05,223.44,0.02,30.88,9.03,23.44,41.1,11.46,24.12
2012,210,0.51,0.49,0.35,94.86,2.01,218.25,0.02,36.56,10.31,24.29,41.08,13.33,21.45
2012,211,0.51,0.49,0.35,95.1,2.14,224.31,0.11,51.31,12.27,21.78,37.73,16.0,24.93
2012,212,0.5,0.49,0.34,95.34,2.02,208.81,0.0,52.31,11.96,21.38,34.8,15.85,26.19
2012,213,0.5,0.49,0.34,95.29,2.13,88.56,0.0,39.44,8.36,19.63,37.16,10.09,26.94
2012,214,0.5,0.49,0.33,95.06,2.09,193.69,0.0,29.81,7.26,20.6,40.54,8.15,26.71
2012,215,0.5,0.48,0.32,95.04,2.66,260.88,0.0,31.56,8.48,23.4,40.03,10.55,24.98
2012,216,0.5,0.48,0.31,95.07,2.07,224.56,0.0,37.19,9.77,23.65,39.84,12.63,21.05
2012,217,0.49,0.48,0.31,94.87,2.28,216.69,0.01,43.12,11.05,23.16,38.19,14.44,23.98
2012,218,0.49,0.48,0.3,94.72,3.29,211.56,0.0,31.38,8.85,24.9,41.56,10.81,21.16
2012,219,0.49,0.48,0.3,95.12,2.22,179.31,0.01,39.69,10.07,23.8,39.9,12.39,20.96
2012,220,0.49,0.48,0.3,95.44,2.16,150.75,0.05,45.94,11.47,22.29,38.44,14.98,23.0
2012,221,0.49,0.48,0.3,95.43,2.16,193.06,0.0,33.0,9.28,24.73,41.08,11.69,22.1
2012,222,0.49,0.48,0.3,95.55,1.78,220.75,0.0,39.62,10.62,23.9,37.62,13.88,23.56
2012,223,0.48,0.48,0.29,95.42,2.61,311.06,0.0,39.75,9.7,22.41,37.78,12.51,25.37
2012,224,0.48,0.48,0.29,95.25,2.42,292.5,0.0,40.81,8.85,20.11,35.21,10.78,26.56
2012,225,0.48,0.48,0.29,94.99,2.29,244.0,0.0,28.06,7.39,22.02,39.33,8.33,23.35
2012,226,0.48,0.48,0.28,94.89,2.5,244.5,0.01,37.94,9.16,22.82,37.89,11.39,23.57
2012,227,0.48,0.48,0.28,94.95,2.34,237.94,0.02,51.06,10.86,21.01,35.01,14.12,25.9
2012,228,0.48,0.48,0.28,95.03,1.79,222.81,0.08,31.75,7.57,20.69,40.19,8.38,24.43
2012,229,0.48,0.47,0.27,95.24,1.67,220.44,0.0,35.06,9.4,23.87,39.96,11.93,23.06
2012,230,0.48,0.47,0.27,95.24,1.88,199.75,0.0,32.38,8.67,24.4,39.53,10.78,25.17
2012,231,0.48,0.47,0.27,95.29,2.32,79.44,0.0,35.88,8.36,21.66,37.9,10.16,25.85
2012,232,0.48,0.47,0.27,95.4,2.16,96.75,0.0,46.06,9.89,19.48,37.52,12.71,25.35
2012,233,0.48,0.47,0.27,95.56,2.01,98.12,0.0,45.0,9.83,20.38,35.8,12.77,25.05
2012,234,0.48,0.47,0.27,95.44,2.05,101.12,0.0,42.38,9.4,20.48,36.33,12.16,24.7
2012,235,0.48,0.47,0.27,95.26,1.88,104.88,0.0,40.75,9.34,21.09,36.96,11.98,24.42
2012,236,0.48,0.47,0.27,94.95,2.05,214.62,0.01,39.06,9.58,21.17,37.19,12.36,22.44
2012,237,0.48,0.47,0.26,94.83,3.02,212.94,0.04,39.12,10.25,24.17,37.08,13.37,19.75
2012,238,0.48,0.46,0.26,94.95,2.68,265.94,0.0,37.0,8.54,22.61,37.24,10.39,24.87
2012,239,0.48,0.47,0.28,95.33,2.66,183.69,1.28,62.75,12.88,20.33,31.75,17.05,22.84
2012,240,0.48,0.47,0.3,95.46,1.93,68.94,0.0,56.06,10.8,18.87,33.37,14.21,25.01
2012,241,0.48,0.47,0.28,95.39,1.87,174.31,0.0,35.69,7.51,19.4,36.06,8.76,24.25
2012,242,0.48,0.46,0.27,95.36,1.88,113.56,0.0,25.5,6.16,20.52,38.61,5.94,24.54
2012,243,0.47,0.46,0.27,95.2,2.69,270.44,0.84,40.69,9.95,22.52,38.12,12.63,22.24
2012,244,0.49,0.49,0.55,95.42,3.28,112.31,23.38,81.25,13.49,17.07,24.29,17.82,9.25
2012,245,0.5,0.51,0.51,95.35,2.66,56.06,3.7,64.38,9.28,15.2,26.28,12.01,19.04
2012,246,0.52,0.54,0.64,95.3,2.81,191.62,22.58,79.5,9.64,14.26,19.06,12.66,14.5
2012,247,0.52,0.55,0.54,95.26,2.81,315.06,1.86,72.38,9.46,14.57,22.57,12.4,14.96
2012,248,0.52,0.54,0.52,95.21,2.45,243.25,0.4,73.19,10.07,13.85,24.64,13.37,20.02
2012,249,0.52,0.53,0.5,95.21,1.95,180.62,0.16,68.06,10.62,13.94,30.51,14.05,19.8
2012,250,0.52,0.52,0.49,95.41,1.73,165.0,0.02,62.44,10.99,18.3,31.3,14.65,18.1
2012,251,0.52,0.52,0.49,95.54,1.55,135.06,0.16,65.38,11.54,17.63,29.84,15.51,19.42
2012,252,0.52,0.52,0.51,95.38,1.76,204.06,2.73,62.56,11.84,19.0,32.15,15.76,20.8
2012,253,0.52,0.52,0.51,95.32,2.09,202.38,2.21,65.62,12.02,19.14,30.32,16.0,21.22
2012,254,0.52,0.52,0.5,95.24,1.62,180.56,1.8,59.12,11.9,19.12,34.3,15.75,21.11
2012,255,0.52,0.52,0.54,95.27,2.88,193.69,6.49,62.06,12.15,20.37,33.62,16.09,19.3
2012,256,0.52,0.52,0.5,95.06,2.34,284.75,0.69,68.44,12.39,18.31,30.3,16.41,19.84
2012,257,0.52,0.53,0.56,94.82,3.01,331.44,10.05,83.25,11.47,14.69,23.26,15.13,8.25
2012,258,0.53,0.54,0.56,94.89,4.82,324.75,5.01,71.62,8.91,13.76,20.43,11.37,16.06
2012,259,0.53,0.54,0.52,95.11,3.42,326.62,0.77,72.12,9.83,13.77,23.87,12.9,17.16
2012,260,0.53,0.53,0.51,95.15,1.27,169.12,0.12,64.12,9.09,13.71,28.92,11.49,22.17
2012,261,0.53,0.53,0.5,95.1,1.66,186.38,0.0,48.88,7.45,14.27,32.45,8.43,22.18
2012,262,0.52,0.52,0.48,94.97,2.14,213.5,0.0,44.69,7.81,16.16,33.91,9.13,20.53
2012,263,0.52,0.52,0.49,95.07,2.02,240.56,0.02,55.31,9.52,18.02,27.74,12.26,15.58
2012,264,0.52,0.52,0.49,95.31,1.2,151.0,0.02,65.12,11.41,18.1,30.41,15.18,17.57
2012,265,0.52,0.52,0.48,95.38,2.53,212.75,0.0,52.25,10.31,19.53,32.41,13.63,16.56
2012,266,0.52,0.52,0.48,95.19,2.8,222.5,0.0,43.0,8.79,19.22,35.03,11.16,18.19
2012,267,0.52,0.51,0.47,95.19,3.31,210.12,0.03,35.88,8.0,21.21,35.88,9.68,17.61
2012,268,0.51,0.51,0.47,95.17,3.55,252.62,0.36,49.44,9.4,19.83,30.98,11.8,16.15
2012,269,0.51,0.5,0.48,94.85,2.88,188.25,0.24,64.31,10.44,18.26,25.27,13.71,5.12
2012,270,0.51,0.5,0.47,94.64,2.58,189.88,0.01,45.0,7.93,16.59,31.69,8.97,18.42
2012,271,0.51,0.5,0.47,94.69,1.88,159.94,0.0,48.75,8.73,15.95,32.84,10.64,15.38
2012,272,0.5,0.49,0.46,94.58,3.53,196.12,0.0,41.44,8.24,18.87,36.01,10.0,17.06
2012,273,0.5,0.49,0.46,94.94,1.99,198.44,0.37,61.81,10.13,17.06,28.63,13.12,15.76
2012,274,0.5,0.49,0.48,95.19,2.06,126.44,0.92,75.19,10.86,16.05,25.9,14.49,16.0
2012,275,0.5,0.49,0.47,95.53,2.19,231.94,0.17,75.25,10.31,15.5,24.19,13.73,16.33
2012,276,0.5,0.49,0.47,95.63,2.04,181.38,0.0,70.44,9.52,13.86,27.08,12.44,19.2
2012,277,0.49,0.49,0.46,95.52,1.7,211.94,0.0,60.62,8.67,14.38,29.37,10.99,18.38
2012,278,0.49,0.48,0.45,95.27,2.41,215.75,0.0,46.25,7.93,15.94,32.68,9.64,17.03
2012,279,0.49,0.48,0.44,95.35,2.93,231.0,0.01,38.62,7.63,18.69,34.06,8.99,17.02
2012,280,0.49,0.48,0.44,95.54,1.61,214.88,0.0,56.31,10.8,19.77,29.48,14.31,15.16
2012,281,0.49,0.48,0.44,95.57,1.8,272.25,0.06,60.81,10.5,18.41,30.94,13.65,16.84
2012,282,0.48,0.48,0.43,95.5,1.33,227.25,0.04,66.56,10.74,17.7,28.83,14.15,17.75
2012,283,0.48,0.48,0.42,95.22,1.96,262.62,0.0,57.62,9.09,16.58,29.97,11.67,17.78
2012,284,0.48,0.48,0.41,95.03,1.54,213.94,0.0,52.44,8.67,17.02,30.4,10.87,17.95
2012,285,0.48,0.48,0.4,94.79,1.96,264.0,0.15,52.75,8.85,16.98,30.58,11.12,15.54
2012,286,0.48,0.48,0.5,94.99,2.08,286.56,10.87,71.81,10.99,16.77,26.37,14.55,12.08
2012,287,0.5,0.5,0.55,94.9,2.66,289.38,6.69,78.69,10.62,15.33,23.73,14.05,15.35
2012,288,0.5,0.51,0.51,94.66,1.74,246.06,1.23,68.44,8.85,13.27,23.78,11.08,15.77
2012,289,0.51,0.51,0.53,94.51,2.62,265.0,8.75,73.25,8.91,13.37,21.09,11.29,9.51
2012,290,0.52,0.52,0.52,95.24,1.39,76.19,0.45,67.5,7.57,12.03,22.7,8.98,17.27
2012,291,0.51,0.52,0.49,95.22,3.66,200.5,0.0,59.5,7.57,11.9,26.28,9.0,16.84
2012,292,0.51,0.51,0.48,94.94,3.91,208.12,0.0,55.56,8.12,14.85,28.58,10.0,15.94
2012,293,0.51,0.51,0.48,94.93,2.67,196.25,0.01,59.62,8.85,14.9,26.38,11.26,12.27
2012,294,0.51,0.51,0.48,94.85,2.99,180.5,0.14,57.12,9.34,15.87,30.9,12.05,8.04
2012,295,0.51,0.51,0.5,95.02,1.84,178.25,2.86,79.88,10.07,14.24,19.72,13.26,6.06
2012,296,0.51,0.51,0.52,95.3,1.37,114.69,3.21,81.81,9.64,14.04,20.44,12.71,7.78
2012,297,0.51,0.52,0.5,95.3,1.08,263.75,0.46,76.0,8.85,12.73,23.3,11.39,12.88
2012,298,0.51,0.51,0.49,95.1,1.98,278.88,1.01,79.62,8.85,11.24,21.59,11.33,14.11
2012,299,0.51,0.51,0.48,94.68,1.74,219.62,0.0,63.38,8.42,10.89,27.64,10.51,14.94
2012,300,0.51,0.52,0.53,94.13,2.77,224.25,5.09,70.62,9.7,14.84,22.1,12.55,8.97
2012,301,0.52,0.52,0.52,93.81,3.97,258.56,6.31,69.81,8.61,13.9,23.01,10.68,9.14
2012,302,0.52,0.54,0.58,94.5,3.92,320.5,7.88,76.62,6.96,9.25,14.37,7.46,4.07
2012,303,0.52,0.53,0.52,94.95,2.33,257.0,0.11,65.44,5.68,7.2,16.23,4.88,12.19
2012,304,0.52,0.53,0.52,94.19,4.98,203.75,2.04,64.81,6.35,6.76,19.4,6.07,6.26
2012,305,0.53,0.53,0.53,93.44,4.89,235.62,2.79,69.25,7.51,9.4,19.84,8.58,7.31
2012,306,0.53,0.53,0.52,94.16,2.72,268.69,0.92,76.06,8.24,7.33,22.18,9.8,12.81
2012,307,0.53,0.53,0.53,95.04,1.74,251.25,1.67,78.62,8.67,11.7,20.83,10.98,11.64
2012,308,0.53,0.53,0.51,95.07,3.38,216.12,0.13,67.88,9.03,11.37,25.88,11.57,12.15
2012,309,0.52,0.53,0.5,94.92,3.69,223.19,0.0,62.44,9.77,15.31,28.17,12.73,9.87
2012,310,0.52,0.52,0.51,95.08,2.73,259.12,0.72,73.62,10.5,15.39,25.37,13.9,8.59
2012,311,0.52,0.53,0.53,95.28,1.69,133.44,3.6,83.88,10.5,13.96,24.21,14.02,9.67
2012,312,0.53,0.54,0.58,95.85,2.44,60.12,7.7,89.19,9.34,11.98,17.22,12.29,4.32
2012,313,0.53,0.54,0.53,95.61,1.8,214.69,0.23,75.19,9.46,11.9,25.8,12.44,12.82
2012,314,0.53,0.54,0.52,95.16,2.9,214.88,0.0,65.75,8.79,13.17,27.34,11.29,12.69
2012,315,0.53,0.53,0.52,94.73,2.57,191.06,0.23,71.12,8.79,13.09,24.29,11.09,6.33
2012,316,0.53,0.54,0.55,94.38,1.3,106.12,5.22,87.38,8.85,11.23,16.37,11.32,7.17
2012,317,0.54,0.54,0.53,94.69,2.04,65.94,0.87,90.38,9.58,10.87,18.01,12.47,6.17
2012,318,0.54,0.55,0.55,94.53,3.2,130.81,4.18,77.0,7.87,8.87,17.09,9.18,2.68
2012,319,0.54,0.55,0.55,94.74,1.39,174.81,2.43,75.88,6.29,8.05,15.52,6.19,7.17
2012,320,0.55,0.55,0.56,95.02,1.73,130.5,2.62,83.94,8.0,8.45,18.65,9.81,8.3
2012,321,0.55,0.55,0.54,95.15,0.88,142.62,0.18,81.88,8.06,9.76,20.16,9.96,12.1
2012,322,0.55,0.55,0.53,94.66,3.73,200.44,0.42,70.69,6.9,8.39,19.33,7.55,7.71
2012,323,0.55,0.55,0.53,94.34,2.63,239.31,0.11,72.62,7.45,9.66,20.0,8.55,11.88
2012,324,0.55,0.55,0.55,94.66,2.44,298.94,6.41,86.25,8.42,11.34,16.84,10.51,8.07
2012,325,0.55,0.56,0.59,95.26,2.17,304.19,5.27,87.75,7.57,8.36,15.3,9.04,7.29
2012,326,0.55,0.56,0.55,95.37,1.48,196.75,0.01,74.0,6.35,5.66,19.4,6.43,11.68
2012,327,0.55,0.55,0.55,95.51,1.27,226.5,0.0,66.12,6.23,8.15,20.01,6.26,11.42
2012,328,0.55,0.55,0.54,95.63,1.34,168.19,0.0,70.25,6.23,6.65,20.83,6.15,12.12
2012,329,0.55,0.55,0.54,95.57,1.43,216.0,0.0,64.06,5.74,6.5,21.4,5.05,12.13
2012,330,0.55,0.55,0.54,95.44,1.42,201.0,0.0,67.44,5.92,6.44,20.4,5.4,12.09
2012,331,0.55,0.55,0.53,95.04,3.16,211.31,0.0,72.62,6.41,6.03,20.09,6.54,11.92
2012,332,0.55,0.55,0.55,94.11,4.0,214.31,5.57,69.81,6.96,7.05,20.02,7.58,5.85
2012,333,0.55,0.56,0.57,93.64,5.2,249.38,1.24,69.5,4.76,5.13,10.71,1.96,8.45
2012,334,0.55,0.55,0.55,93.94,4.67,263.44,1.18,73.38,4.82,3.62,11.46,2.3,8.81
2012,335,0.55,0.55,0.55,93.92,3.12,252.62,1.06,74.31,4.46,3.4,10.87,1.23,8.79
2012,336,0.55,0.55,0.55,94.15,3.35,212.56,0.63,76.44,4.39,1.73,9.2,1.08,5.31
2012,337,0.55,0.56,0.59,95.08,3.93,303.38,6.28,84.81,5.49,3.81,10.14,4.32,3.7
2012,338,0.56,0.56,0.56,95.86,2.45,297.5,0.33,80.31,5.31,4.62,13.01,3.98,10.63
2012,339,0.56,0.56,0.55,95.36,3.54,267.0,0.74,78.88,5.37,1.63,14.8,3.9,10.89
2012,340,0.56,0.56,0.57,94.96,3.89,291.62,2.56,80.25,5.98,6.96,12.48,5.5,6.97
2012,341,0.56,0.57,0.57,95.24,3.4,297.19,2.15,77.81,5.31,4.61,11.9,3.94,7.24
2012,342,0.56,0.57,0.56,95.04,2.38,246.75,0.85,79.12,5.31,3.02,14.36,3.76,6.16
2012,343,0.57,0.58,0.63,94.92,4.06,315.25,11.36,87.88,6.47,6.5,10.38,6.63,3.85
2012,344,0.58,0.59,0.6,95.7,3.38,321.0,1.79,79.31,5.07,4.3,9.87,3.33,7.67
2012,345,0.58,0.59,0.59,95.37,2.22,260.94,0.25,74.69,4.46,0.72,13.55,1.41,11.31
2012,346,0.58,0.59,0.59,95.17,1.28,241.0,1.8,89.56,6.1,5.74,9.83,5.91,4.69
2012,347,0.58,0.58,0.59,95.14,1.02,175.62,0.0,78.69,5.49,3.82,13.26,4.23,8.97
2012,348,0.57,0.58,0.58,94.97,2.52,228.81,0.0,65.5,4.58,3.33,15.64,1.51,10.15
2012,349,0.57,0.58,0.58,95.24,1.29,216.75,0.0,68.0,4.88,3.55,15.9,2.62,10.72
2012,350,0.57,0.58,0.57,95.56,2.22,240.88,0.0,67.94,5.49,4.73,18.92,4.28,5.75
2012,351,0.57,0.58,0.57,95.67,2.07,265.25,0.02,83.81,7.51,7.2,16.79,8.69,5.86
2012,352,0.57,0.57,0.57,95.45,3.22,283.06,0.04,88.19,7.93,7.75,16.75,9.8,5.06
2012,353,0.57,0.57,0.57,95.56,2.31,298.5,0.01,84.44,6.71,6.32,15.24,7.23,8.74
2012,354,0.57,0.57,0.57,95.58,1.81,267.19,0.0,87.0,6.65,4.15,15.66,7.05,9.03
2012,355,0.57,0.57,0.56,95.4,2.1,256.12,0.0,76.56,6.04,5.15,19.25,5.68,9.43
2012,356,0.57,0.57,0.56,95.31,3.16,284.5,0.03,82.5,6.77,6.1,15.92,7.18,8.61
2012,357,0.57,0.57,0.56,95.65,3.05,311.88,0.33,89.19,7.2,7.18,13.27,8.37,8.58
2012,358,0.57,0.57,0.56,95.83,1.72,233.81,0.0,69.56,5.62,4.08,20.8,4.7,10.9
2012,359,0.56,0.57,0.55,95.51,2.84,210.38,0.0,62.25,5.74,6.83,23.04,4.97,10.86
2012,360,0.56,0.56,0.55,95.1,4.88,209.44,0.0,53.62,4.76,7.51,20.19,2.28,10.61
2012,361,0.56,0.56,0.55,95.51,2.74,283.38,0.43,76.25,5.68,4.28,14.46,4.62,9.52
2012,362,0.56,0.56,0.56,96.18,1.87,322.19,0.81,87.75,6.47,6.26,13.07,6.88,8.04
2012,363,0.56,0.56,0.56,96.33,2.27,309.25,0.54,89.94,6.65,6.92,12.05,7.36,8.09
2012,364,0.56,0.56,0.56,95.97,1.23,269.75,0.52,85.31,6.77,6.07,14.74,7.47,10.63
2012,365,0.56,0.56,0.56,95.92,2.52,262.88,1.95,88.69,6.41,4.88,13.24,6.65,8.26
2012,366,0.56,0.57,0.58,95.9,1.17,63.38,0.9,79.75,5.43,3.88,12.8,4.24,8.61
2013,1,0.56,0.57,0.56,95.31,2.72,227.75,0.0,74.56,4.82,3.33,13.94,2.49,10.43
2013,2,0.56,0.57,0.59,95.36,2.15,164.31,7.05,88.06,5.68,3.87,9.27,4.69,4.09
2013,3,0.57,0.58,0.59,96.17,1.8,37.0,1.14,85.12,5.49,5.13,10.6,4.62,7.85
2013,4,0.57,0.58,0.58,96.66,1.55,316.94,1.05,90.69,6.23,5.95,11.55,6.37,8.4
2013,5,0.57,0.58,0.58,96.24,2.62,292.44,0.75,89.25,6.23,4.42,12.56,6.28,6.81
2013,6,0.57,0.58,0.58,95.96,2.55,298.25,0.0,89.75,6.77,5.73,13.68,7.49,9.28
2013,7,0.57,0.58,0.57,95.84,2.25,280.44,0.0,83.81,5.92,4.88,15.68,5.38,11.05
2013,8,0.57,0.57,0.57,96.03,1.53,277.88,0.0,85.5,6.04,4.33,15.59,5.55,11.47
2013,9,0.57,0.57,0.56,95.85,1.62,257.5,0.0,66.25,4.52,3.16,17.83,1.55,11.81
2013,10,0.57,0.57,0.56,95.54,3.16,276.69,0.0,82.75,5.92,3.36,14.07,5.12,8.4
2013,11,0.57,0.57,0.57,95.45,2.05,292.31,1.03,87.12,6.53,5.3,14.58,6.87,8.75
2013,12,0.57,0.57,0.57,95.4,1.55,270.88,0.35,80.56,5.86,4.73,14.23,5.21,10.33
2013,13,0.57,0.57,0.57,94.82,2.98,246.62,1.83,77.25,5.19,3.08,14.15,3.46,10.14
2013,14,0.57,0.58,0.59,94.84,1.92,295.94,4.22,87.31,5.13,3.86,8.08,3.39,7.66
2013,15,0.58,0.58,0.61,94.85,3.91,272.81,6.51,84.94,5.19,3.61,9.08,3.46,8.26
2013,16,0.58,0.59,0.62,94.59,4.69,274.69,3.06,76.06,5.49,6.05,12.23,4.26,7.42
2013,17,0.59,0.6,0.66,94.24,4.7,295.62,11.68,89.0,6.47,5.82,11.57,6.58,3.73
2013,18,0.59,0.61,0.66,94.26,4.82,287.5,5.46,84.06,7.2,8.21,14.76,8.18,3.16
2013,19,0.59,0.61,0.62,93.51,5.53,215.12,0.06,74.62,7.02,8.44,17.94,7.66,8.14
2013,20,0.59,0.6,0.62,93.36,4.99,258.19,2.4,73.81,5.43,5.8,12.2,3.96,8.0
2013,21,0.59,0.6,0.62,94.15,4.27,269.38,2.24,81.25,5.55,4.06,12.72,4.33,6.1
2013,22,0.59,0.6,0.62,94.68,2.81,247.81,0.65,77.31,4.7,2.51,11.58,2.01,9.16
2013,23,0.6,0.61,0.64,94.29,5.55,254.31,4.11,80.62,4.64,3.8,7.66,1.89,6.5
2013,24,0.6,0.62,0.67,94.1,5.99,277.81,12.34,82.5,5.37,3.8,10.81,3.8,6.17
2013,25,0.62,0.63,0.7,94.42,4.78,308.56,6.79,81.0,4.82,2.76,8.44,2.31,5.07
2013,26,0.62,0.64,0.7,94.59,2.7,275.25,9.52,91.81,5.0,0.29,7.03,2.85,3.82
2013,27,0.62,0.64,0.69,95.21,2.44,295.12,0.7,78.69,5.55,5.45,13.52,4.51,10.64
2013,28,0.63,0.65,0.72,95.22,5.95,288.31,10.61,84.12,5.8,5.91,9.94,5.02,4.49
2013,29,0.63,0.65,0.69,96.09,3.53,307.81,0.13,75.75,5.19,4.42,12.54,3.63,13.54
2013,30,0.63,0.64,0.67,96.15,2.02,258.12,0.0,53.06,3.91,3.24,18.46,-0.43,14.45
2013,31,0.63,0.64,0.67,96.29,1.7,255.06,0.0,72.38,5.49,4.23,16.9,4.32,14.16
2013,32,0.63,0.64,0.66,95.59,2.31,236.88,0.0,63.12,4.94,4.05,20.63,2.74,14.46
2013,33,0.63,0.64,0.69,94.27,5.02,266.62,7.52,73.69,5.31,5.4,15.13,3.61,9.5
2013,34,0.64,0.66,0.75,94.87,5.07,321.38,16.48,83.75,4.76,4.1,6.33,2.28,7.54
2013,35,0.66,0.67,0.73,95.88,3.87,322.62,4.21,83.81,4.88,3.19,8.34,2.77,7.08
2013,36,0.66,0.66,0.7,95.6,1.85,274.56,0.01,75.31,4.7,1.26,14.88,2.24,15.12
2013,37,0.66,0.66,0.7,94.53,4.1,275.06,2.77,74.62,4.7,2.37,12.86,1.94,7.94
2013,38,0.66,0.68,0.77,94.51,5.82,314.31,20.18,81.56,4.52,2.84,6.12,1.49,5.04
2013,39,0.67,0.7,0.75,94.75,2.91,296.75,5.43,82.44,4.39,1.19,6.93,1.11,7.1
2013,40,0.68,0.7,0.77,94.99,2.48,321.12,9.39,87.0,4.39,1.33,6.46,1.3,6.8
2013,41,0.69,0.7,0.73,95.23,2.99,268.56,0.44,79.19,4.33,0.21,10.57,1.02,12.36
2013,42,0.69,0.7,0.74,94.25,4.34,236.75,5.11,75.0,4.21,2.46,8.76,0.4,4.88
2013,43,0.69,0.7,0.75,94.31,3.87,291.06,7.32,83.94,4.7,2.44,8.73,2.09,9.74
2013,44,0.7,0.72,0.79,94.86,3.74,312.5,12.96,90.62,5.25,2.37,7.73,3.61,6.65
2013,45,0.71,0.73,0.77,95.38,3.84,322.69,2.12,81.88,4.88,3.81,9.13,2.65,13.28
2013,46,0.7,0.72,0.75,95.42,1.89,287.88,0.0,81.81,5.92,4.4,15.88,5.4,16.25
2013,47,0.7,0.71,0.74,95.33,1.4,233.88,0.0,85.5,6.04,3.86,14.13,5.84,13.83
2013,48,0.7,0.71,0.74,94.92,1.2,212.31,0.0,76.12,5.25,2.98,15.4,3.6,14.05
2013,49,0.7,0.71,0.74,94.72,1.59,275.25,0.0,83.5,5.98,4.48,13.45,5.31,7.68
2013,50,0.7,0.71,0.73,94.61,1.26,184.56,0.0,78.88,6.35,3.87,17.77,6.3,11.83
2013,51,0.7,0.71,0.76,94.32,1.5,190.31,5.37,80.69,6.41,6.93,15.26,6.25,4.66
2013,52,0.7,0.72,0.76,94.51,3.25,296.44,2.48,86.94,6.35,5.62,12.5,6.34,11.58
2013,53,0.7,0.71,0.74,94.16,4.04,255.19,1.34,76.81,6.47,4.93,16.19,6.52,10.93
2013,54,0.7,0.71,0.76,93.83,3.93,275.75,8.32,76.5,5.98,3.16,15.13,5.23,10.53
2013,55,0.71,0.72,0.77,94.65,3.14,296.31,2.77,77.62,4.21,1.26,7.95,0.51,10.46
2013,56,0.71,0.72,0.76,94.84,2.09,274.69,2.42,87.5,4.15,-0.62,6.26,0.4,12.43
2013,57,0.71,0.73,0.76,95.2,1.91,287.94,1.84,81.56,4.03,0.01,7.07,-0.02,14.79
2013,58,0.71,0.72,0.75,95.23,1.34,173.94,0.18,64.94,3.97,-0.1,13.46,-0.42,15.67
2013,59,0.71,0.72,0.74,94.38,2.27,183.56,0.06,68.56,5.37,3.18,19.24,3.62,11.16
2013,60,0.71,0.72,0.76,94.26,2.59,291.88,3.77,78.81,5.31,4.81,13.11,3.64,13.9
2013,61,0.71,0.72,0.77,94.69,4.32,254.88,6.02,91.81,6.47,5.16,10.83,6.58,5.32
2013,62,0.71,0.73,0.76,95.02,1.92,181.5,0.34,83.0,6.16,4.65,16.1,5.97,11.7
2013,63,0.71,0.72,0.75,94.65,3.29,185.06,0.79,73.31,6.16,4.81,18.81,5.83,12.48
2013,64,0.71,0.72,0.74,93.64,5.78,170.44,1.51,60.44,6.23,9.13,19.9,5.73,7.93
2013,65,0.7,0.71,0.74,93.8,3.2,232.0,1.01,79.19,7.51,7.26,18.62,8.73,13.54
2013,66,0.7,0.71,0.74,94.45,2.66,253.81,0.0,78.31,7.75,8.27,20.06,9.2,15.78
2013,67,0.7,0.71,0.73,94.65,3.07,264.69,0.0,73.62,7.93,11.24,20.5,9.59,19.22
2013,68,0.7,0.7,0.74,94.59,1.99,272.75,2.1,82.25,8.42,9.03,20.62,10.59,10.92
2013,69,0.7,0.7,0.74,94.42,2.48,260.25,1.24,79.12,7.2,7.81,16.19,8.15,14.42
2013,70,0.7,0.7,0.73,94.37,3.4,269.56,0.78,73.44,5.68,5.79,14.6,4.63,15.24
2013,71,0.7,0.7,0.73,94.15,3.52,243.5,1.69,79.12,6.04,4.53,14.2,5.56,9.46
2013,72,0.7,0.7,0.75,93.4,5.2,260.5,4.89,77.25,6.16,4.13,13.76,5.53,6.89
2013,73,0.7,0.71,0.78,94.01,6.52,302.56,12.26,80.88,4.58,2.9,7.24,1.68,8.44
2013,74,0.71,0.73,0.77,94.86,4.86,314.44,5.65,77.38,4.7,2.84,9.82,2.09,13.94
2013,75,0.71,0.72,0.74,95.06,3.04,217.25,0.0,61.06,4.27,0.36,17.12,0.63,16.53
2013,76,0.7,0.71,0.73,94.35,5.26,204.06,0.1,47.0,4.64,8.86,18.44,1.69,10.78
2013,77,0.7,0.7,0.73,94.19,3.38,264.62,1.96,66.62,6.65,8.47,19.55,6.38,18.13
2013,78,0.7,0.7,0.73,94.19,1.91,222.12,0.56,69.88,7.32,7.81,22.24,8.23,21.0
2013,79,0.7,0.71,0.76,94.38,3.44,293.38,7.37,83.12,8.06,8.5,17.08,9.85,10.3
2013,80,0.7,0.71,0.74,95.3,1.71,203.56,0.19,68.25,5.74,7.03,19.41,4.9,23.15
2013,81,0.7,0.7,0.73,94.61,3.84,213.75,0.0,52.12,5.49,7.79,23.27,3.98,21.38
2013,82,0.69,0.7,0.72,93.99,1.43,213.81,0.0,56.19,5.86,7.76,23.5,4.89,18.98
2013,83,0.69,0.7,0.73,93.69,3.59,286.75,2.39,75.75,6.53,8.28,16.51,6.55,13.03
2013,84,0.69,0.7,0.73,94.35,5.2,283.56,1.99,72.56,5.98,6.15,15.23,5.51,16.58
2013,85,0.69,0.69,0.72,94.32,3.18,271.75,0.01,70.62,6.71,6.09,19.12,6.93,18.77
2013,86,0.68,0.69,0.71,94.21,2.21,235.38,0.0,70.19,6.96,8.41,19.48,7.52,20.58
2013,87,0.68,0.68,0.71,94.47,1.81,263.88,0.33,74.38,7.75,9.6,21.19,9.26,19.7
2013,88,0.68,0.68,0.71,94.83,2.25,285.0,0.0,74.69,7.45,7.55,19.86,8.7,22.09
2013,89,0.67,0.67,0.7,94.53,3.62,275.25,0.29,71.62,7.14,7.55,19.12,8.01,11.33
2013,90,0.67,0.67,0.7,94.44,2.41,266.25,0.18,70.81,6.77,6.33,19.23,7.12,16.69
2013,91,0.66,0.67,0.7,93.99,3.34,259.69,1.72,73.31,7.93,9.31,22.59,9.51,17.99
2013,92,0.66,0.66,0.7,94.4,4.12,282.06,0.97,69.69,5.74,6.42,15.23,4.87,20.46
2013,93,0.66,0.66,0.69,94.36,3.39,226.5,0.0,52.88,5.13,4.52,21.84,3.05,23.88
2013,94,0.66,0.66,0.68,93.71,3.02,274.25,0.62,61.56,5.92,7.91,20.63,4.94,21.24
2013,95,0.66,0.66,0.69,94.1,1.92,232.56,3.87,72.25,6.71,6.17,20.7,6.9,22.37
2013,96,0.66,0.66,0.73,94.38,4.56,280.44,7.97,79.94,5.68,4.12,11.18,4.55,11.8
2013,97,0.66,0.66,0.7,94.96,4.02,292.62,1.82,79.0,5.43,4.4,12.44,4.27,7.74
2013,98,0.66,0.66,0.69,94.83,2.29,251.0,0.0,60.19,5.31,5.39,19.73,3.79,24.7
2013,99,0.66,0.66,0.68,94.98,1.67,246.0,0.0,58.81,5.92,8.4,21.78,5.3,20.71
2013,100,0.65,0.66,0.67,95.23,1.81,284.31,0.0,66.69,6.77,9.5,21.3,7.27,22.52
2013,101,0.65,0.65,0.66,95.13,1.42,227.31,0.0,66.5,7.75,7.59,25.43,9.33,24.66
2013,102,0.64,0.64,0.66,95.17,2.02,232.25,0.07,65.25,8.12,11.99,25.09,10.04,23.85
2013,103,0.64,0.64,0.66,95.55,1.24,135.31,0.96,76.12,9.46,12.28,24.12,12.38,17.38
2013,104,0.64,0.63,0.65,95.54,2.66,108.62,0.0,65.44,8.54,11.27,27.75,10.77,24.8
2013,105,0.63,0.63,0.64,95.41,1.65,117.31,0.0,61.06,7.69,12.13,25.98,9.12,23.39
2013,106,0.62,0.62,0.63,95.53,1.55,119.56,0.01,68.19,8.06,10.57,24.82,9.94,25.99
2013,107,0.62,0.62,0.63,95.57,1.48,92.94,0.0,60.31,7.51,12.3,24.72,8.91,24.96
2013,108,0.62,0.62,0.62,95.44,1.59,94.75,0.0,58.56,7.26,12.08,25.54,8.48,26.43
2013,109,0.62,0.61,0.62,95.25,1.7,259.12,0.0,63.38,7.51,10.62,25.66,8.81,26.98
2013,110,0.62,0.61,0.62,95.39,2.32,33.31,1.34,85.25,7.63,7.52,15.19,9.12,9.65
2013,111,0.62,0.61,0.62,95.17,2.15,51.81,1.38,81.5,6.47,5.87,15.3,6.79,16.64
2013,112,0.61,0.61,0.62,94.99,2.36,56.25,0.22,73.12,5.92,5.2,17.85,5.38,23.19
2013,113,0.61,0.61,0.62,95.17,2.38,26.06,0.69,75.69,6.53,7.82,16.76,6.83,15.21
2013,114,0.62,0.62,0.71,94.62,4.77,66.88,20.11,91.5,8.79,8.98,15.28,11.13,3.79
2013,115,0.62,0.64,0.66,94.55,3.45,160.81,0.17,66.06,7.2,9.92,22.21,8.04,20.34
2013,116,0.62,0.63,0.65,94.7,2.67,211.0,0.67,70.44,7.51,9.19,19.95,8.85,8.45
2013,117,0.62,0.62,0.63,94.3,1.84,218.31,0.0,66.19,7.45,8.04,23.8,8.62,25.11
2013,118,0.62,0.62,0.62,94.0,1.9,138.06,0.03,58.31,7.63,10.58,25.58,8.78,19.4
2013,119,0.62,0.62,0.63,94.16,1.97,254.0,2.68,66.38,8.06,9.84,23.87,9.65,12.22
2013,120,0.62,0.62,0.62,94.74,1.91,78.75,0.34,70.25,7.63,9.3,25.83,9.01,16.81
2013,121,0.61,0.61,0.62,94.95,1.9,107.75,1.04,84.06,8.42,10.44,18.3,10.65,12.12
2013,122,0.61,0.61,0.62,94.84,2.15,111.5,1.94,83.0,9.34,10.69,23.47,12.08,17.36
2013,123,0.61,0.61,0.63,94.92,2.5,66.69,4.12,86.31,9.4,11.74,19.73,12.28,9.33
2013,124,0.62,0.62,0.65,95.06,2.96,116.94,3.5,89.19,8.61,10.19,16.22,10.92,11.54
2013,125,0.62,0.62,0.62,95.43,2.41,265.69,0.23,73.5,7.08,9.34,18.93,8.05,12.7
2013,126,0.61,0.61,0.62,95.55,1.91,270.19,0.0,59.25,6.04,6.87,22.48,5.76,29.29
2013,127,0.61,0.61,0.61,95.41,1.77,263.94,0.0,50.25,6.23,9.0,25.9,5.9,23.63
2013,128,0.6,0.6,0.59,95.21,1.76,246.75,0.0,48.81,7.32,13.76,26.76,8.49,27.75
2013,129,0.6,0.59,0.59,95.12,1.48,204.94,0.0,47.5,7.75,15.57,28.68,9.3,26.44
2013,130,0.59,0.59,0.58,95.17,2.06,287.69,0.0,55.88,8.48,14.95,29.13,10.65,28.29
2013,131,0.59,0.59,0.58,95.22,2.09,55.94,0.2,67.62,9.09,12.69,26.33,11.76,25.04
2013,132,0.59,0.59,0.58,95.45,2.02,41.12,0.02,71.69,7.87,10.32,22.4,9.73,24.49
2013,133,0.59,0.58,0.58,95.44,2.04,137.56,0.0,65.88,7.51,9.48,24.76,8.92,28.96
2013,134,0.59,0.59,0.61,94.7,2.53,192.5,8.43,68.88,9.64,12.59,25.94,12.51,15.8
2013,135,0.59,0.59,0.62,93.76,2.11,231.31,3.68,77.62,10.25,11.93,24.89,13.32,14.6
2013,136,0.59,0.59,0.61,93.79,2.41,283.5,2.35,69.56,8.0,10.53,24.15,9.56,21.78
2013,137,0.59,0.59,0.59,94.28,2.66,208.38,0.0,58.38,6.53,8.38,23.85,6.49,26.53
2013,138,0.59,0.59,0.59,94.51,3.28,279.19,0.91,64.81,7.69,11.61,24.9,9.1,24.06
2013,139,0.59,0.59,0.58,95.29,2.17,234.69,0.0,61.56,6.29,9.2,22.26,6.15,29.16
2013,140,0.59,0.58,0.57,95.08,2.21,137.12,0.21,66.94,7.32,7.73,25.94,8.44,26.83
2013,141,0.58,0.58,0.58,94.23,2.59,65.88,1.69,78.44,9.7,11.1,25.78,12.51,15.71
2013,142,0.59,0.59,0.66,94.54,6.05,299.31,13.34,87.5,8.12,9.57,14.67,9.91,8.47
2013,143,0.59,0.59,0.6,94.93,3.19,293.5,0.04,70.19,7.75,8.77,21.74,9.13,26.16
2013,144,0.59,0.59,0.59,94.98,2.63,236.44,0.66,70.94,8.54,9.37,25.16,10.73,28.52
2013,145,0.59,0.59,0.59,95.1,2.45,242.69,0.46,74.12,8.97,11.89,23.59,11.52,27.9
2013,146,0.59,0.59,0.58,95.18,1.75,54.69,0.16,63.94,7.81,11.33,25.69,9.45,28.52
2013,147,0.59,0.58,0.57,94.49,1.82,222.12,1.1,61.88,8.3,12.33,30.12,10.17,26.66
2013,148,0.58,0.58,0.57,94.53,2.63,323.5,0.35,67.88,7.87,11.67,23.1,9.44,26.4
2013,149,0.58,0.57,0.57,94.65,2.8,293.81,0.96,71.69,8.3,10.68,24.49,10.23,24.29
2013,150,0.58,0.57,0.57,94.84,2.86,287.56,0.76,70.81,7.26,9.73,21.06,8.33,24.34
2013,151,0.57,0.57,0.56,94.89,2.9,298.94,0.01,67.0,6.84,8.07,22.48,7.38,29.38
2013,152,0.57,0.56,0.56,95.15,3.25,305.25,0.07,70.94,7.45,10.49,19.26,8.79,17.01
2013,153,0.57,0.56,0.55,95.27,2.03,219.31,0.0,55.12,6.35,9.82,25.36,6.34,30.63
2013,154,0.56,0.56,0.55,95.13,2.32,90.25,0.0,55.69,6.84,11.51,25.76,7.44,30.2
2013,155,0.56,0.55,0.55,95.1,2.0,96.31,0.0,55.31,6.53,10.44,25.22,6.83,31.06
2013,156,0.56,0.55,0.54,94.82,1.92,84.81,0.0,54.44,7.57,10.94,30.87,8.77,24.5
2013,157,0.55,0.55,0.54,94.88,2.55,158.38,0.0,69.56,9.4,14.03,25.83,12.08,22.97
2013,158,0.55,0.55,0.53,95.16,1.82,120.44,0.0,57.88,8.06,11.87,30.26,9.81,29.64
2013,159,0.55,0.55,0.52,95.0,2.48,216.94,0.0,58.94,8.61,13.73,29.52,10.88,25.83
2013,160,0.55,0.54,0.52,94.95,1.86,327.88,0.0,63.75,8.3,12.71,26.4,10.4,28.97
2013,161,0.55,0.54,0.52,95.19,2.28,302.06,0.0,62.06,7.81,11.81,24.36,9.4,27.69
2013,162,0.55,0.54,0.52,95.46,1.69,269.5,0.0,52.5,7.32,13.21,27.34,8.43,30.04
2013,163,0.54,0.53,0.51,95.53,1.91,224.94,0.0,47.94,7.57,14.59,29.38,8.98,29.66
2013,164,0.54,0.53,0.51,95.37,1.83,105.25,0.0,50.19,8.42,16.23,30.69,10.64,29.9
2013,165,0.53,0.52,0.5,95.22,1.73,155.38,0.0,47.38,8.3,15.29,33.06,10.4,29.84
2013,166,0.53,0.52,0.48,95.14,1.85,196.12,0.0,43.06,8.61,17.48,35.5,10.85,29.28
2013,167,0.52,0.52,0.48,95.04,1.8,219.56,0.01,39.81,8.73,19.32,36.89,10.95,29.77
2013,168,0.52,0.52,0.46,94.81,2.2,204.38,0.0,33.69,8.12,20.55,38.47,9.78,27.88
2013,169,0.52,0.51,0.45,94.68,1.81,190.81,0.0,39.38,8.18,17.79,37.7,9.84,29.59
2013,170,0.52,0.51,0.45,94.97,2.46,253.31,0.05,55.12,8.36,14.76,34.55,10.4,28.55
2013,171,0.52,0.51,0.45,95.18,2.13,65.12,0.04,63.12,9.22,14.26,29.12,12.01,28.09
2013,172,0.52,0.5,0.44,95.19,2.24,58.5,0.06,57.75,9.16,14.63,32.16,11.9,29.03
2013,173,0.52,0.51,0.5,95.44,3.34,43.31,7.45,77.31,10.5,15.51,23.28,14.03,15.05
2013,174,0.52,0.52,0.5,95.42,2.38,43.88,0.02,67.38,10.01,14.93,28.33,13.23,25.14
2013,175,0.52,0.52,0.49,95.59,2.59,38.75,0.19,67.44,9.64,14.29,27.21,12.73,27.24
2013,176,0.52,0.51,0.48,95.62,2.24,109.94,0.01,63.19,8.54,12.75,27.83,10.98,29.13
2013,177,0.52,0.51,0.48,95.65,2.38,34.56,0.0,58.62,7.75,12.43,26.71,9.43,26.94
2013,178,0.51,0.51,0.47,95.51,1.87,128.12,0.0,56.12,7.87,12.97,28.34,9.59,29.3
2013,179,0.51,0.5,0.45,95.63,2.48,19.69,0.0,60.38,8.06,13.91,25.63,9.91,25.39
2013,180,0.51,0.5,0.45,95.85,2.43,185.06,0.0,64.19,8.61,13.4,25.12,11.09,27.47
2013,181,0.51,0.5,0.44,95.55,1.75,138.06,0.0,62.0,9.16,13.18,28.62,11.84,28.66
2013,182,0.51,0.5,0.42,95.1,1.8,215.0,0.0,49.88,9.22,15.6,31.68,11.88,21.48
2013,183,0.5,0.49,0.41,95.08,1.66,202.62,0.05,49.75,10.68,19.68,33.97,14.14,17.33
2013,184,0.5,0.49,0.41,95.2,2.26,233.69,0.22,61.81,11.78,19.49,28.68,15.58,21.6
2013,185,0.5,0.49,0.41,95.4,2.41,181.31,0.02,66.88,11.23,17.13,30.16,14.87,26.92
2013,186,0.5,0.49,0.4,95.59,2.5,225.19,0.19,66.81,10.31,15.72,27.74,13.67,29.02
2013,187,0.5,0.49,0.39,95.63,2.27,79.12,0.0,58.81,9.46,15.15,30.56,12.31,29.19
2013,188,0.5,0.49,0.38,95.56,1.97,84.31,0.0,49.19,8.18,15.19,32.67,9.86,29.98
2013,189,0.49,0.48,0.37,95.42,1.82,113.5,0.02,46.44,8.73,16.92,33.09,11.15,27.21
2013,190,0.49,0.48,0.36,95.24,1.95,133.62,0.13,49.56,9.58,18.0,34.23,12.5,28.04
2013,191,0.49,0.48,0.35,95.01,2.11,65.0,0.36,53.38,10.01,17.53,32.82,13.14,25.9
2013,192,0.49,0.48,0.35,94.85,1.8,169.0,0.0,44.06,8.85,17.64,35.44,11.1,28.24
2013,193,0.49,0.48,0.34,95.11,1.8,220.69,0.0,41.0,9.03,19.52,36.08,11.45,27.24
2013,194,0.49,0.48,0.33,95.13,2.08,172.12,0.4,46.5,10.19,20.26,38.2,13.21,20.63
2013,195,0.49,0.48,0.33,95.29,2.3,108.56,0.0,57.94,10.99,18.26,33.42,14.51,28.32
2013,196,0.48,0.48,0.32,95.43,2.05,67.38,0.02,50.06,9.52,17.82,33.76,12.44,28.82
2013,197,0.48,0.48,0.32,95.41,1.77,154.0,0.01,45.5,9.46,18.76,35.55,12.35,28.28
2013,198,0.48,0.48,0.34,95.3,2.1,121.81,1.82,47.88,10.38,20.18,35.22,13.68,24.72
2013,199,0.48,0.48,0.39,95.31,2.26,72.56,2.9,59.31,11.84,19.55,33.29,15.78,25.88
2013,200,0.49,0.48,0.4,95.13,2.04,68.75,0.42,53.56,11.78,20.38,35.67,15.65,26.57
2013,201,0.48,0.48,0.37,94.79,2.27,149.69,0.02,44.69,10.86,22.09,39.57,14.2,24.06
2013,202,0.48,0.48,0.36,94.93,1.93,129.06,0.42,53.62,12.27,21.35,36.03,16.19,25.36
2013,203,0.48,0.48,0.41,95.02,2.66,231.81,4.19,66.19,14.16,20.43,31.15,18.59,25.0
2013,204,0.49,0.48,0.43,95.06,2.05,65.56,1.19,61.0,12.15,18.64,33.4,16.14,27.39
2013,205,0.48,0.48,0.4,95.22,1.7,119.56,0.0,51.06,10.68,19.8,34.94,14.09,27.68
2013,206,0.48,0.48,0.37,95.19,1.75,93.44,0.0,40.94,9.34,19.77,38.22,12.01,27.51
2013,207,0.48,0.48,0.34,94.98,2.36,198.0,0.0,36.81,10.07,23.1,39.4,13.25,25.19
2013,208,0.48,0.48,0.33,94.82,2.02,204.94,0.0,30.81,9.34,24.64,42.22,12.0,26.15
2013,209,0.48,0.47,0.31,95.11,2.09,195.75,0.03,35.38,9.95,25.16,39.83,13.02,26.62
2013,210,0.48,0.47,0.32,95.6,2.88,289.75,0.78,51.69,11.9,22.04,34.08,15.89,26.99
2013,211,0.48,0.47,0.32,95.68,2.58,64.25,0.0,61.25,12.21,19.03,33.01,16.24,27.56
2013,212,0.48,0.47,0.32,95.38,2.09,94.69,0.0,59.19,10.38,17.26,32.08,13.48,28.47
2013,213,0.48,0.47,0.31,95.17,1.93,74.38,0.0,56.62,10.38,17.63,32.98,13.59,28.7
2013,214,0.48,0.47,0.3,95.19,1.99,96.12,0.0,45.06,8.85,17.44,36.87,10.99,28.18
2013,215,0.48,0.47,0.3,95.26,2.15,83.31,0.0,38.5,7.87,19.8,35.98,9.17,28.5
2013,216,0.48,0.47,0.29,95.35,2.01,116.69,0.0,42.0,8.67,18.53,36.94,10.79,27.54
2013,217,0.48,0.47,0.28,95.22,1.7,108.38,0.0,31.44,7.2,20.08,39.44,8.01,27.43
2013,218,0.48,0.46,0.27,95.06,2.35,186.81,0.0,23.81,6.23,21.48,40.19,6.04,26.86
2013,219,0.47,0.46,0.25,94.82,2.38,109.31,0.0,23.06,6.35,23.77,40.5,6.14,25.79
2013,220,0.47,0.46,0.25,95.04,3.91,282.81,0.97,41.38,9.46,21.94,37.71,10.98,25.71
2013,221,0.47,0.46,0.28,95.57,3.79,220.75,0.27,64.62,11.35,19.01,28.34,15.0,23.02
2013,222,0.47,0.46,0.28,95.51,2.73,348.19,0.0,62.81,10.68,17.71,29.19,14.23,26.4
2013,223,0.47,0.46,0.28,95.38,2.32,253.12,0.0,62.44,10.38,16.47,29.51,13.65,25.99
2013,224,0.47,0.46,0.27,95.19,2.05,220.38,0.0,48.5,8.91,16.74,33.98,11.18,27.3
2013,225,0.47,0.46,0.26,95.03,2.18,186.56,0.02,45.0,9.28,19.87,36.04,11.74,25.87
2013,226,0.47,0.46,0.27,95.2,2.36,50.25,0.34,55.75,10.07,18.69,31.74,13.01,24.73
2013,227,0.47,0.46,0.27,95.36,2.03,237.19,0.0,52.56,9.16,18.01,31.23,11.58,26.42
2013,228,0.47,0.46,0.26,95.27,2.16,213.69,0.0,48.69,9.22,17.98,33.37,11.56,26.81
2013,229,0.47,0.46,0.25,95.16,2.05,158.06,0.08,50.62,10.19,19.04,33.78,13.32,18.34
2013,230,0.47,0.46,0.27,95.23,2.07,197.56,2.39,48.81,10.38,20.98,34.41,13.65,13.45
2013,231,0.47,0.47,0.33,95.31,2.06,155.5,0.24,51.94,10.74,20.08,33.15,14.19,22.82
2013,232,0.47,0.46,0.31,95.43,2.76,242.06,0.0,64.5,11.66,18.07,30.74,15.52,23.12
2013,233,0.47,0.46,0.3,95.32,2.77,268.12,0.06,64.69,10.44,16.87,28.5,13.73,24.0
2013,234,0.47,0.46,0.29,95.16,1.8,239.88,0.0,60.75,10.07,16.23,30.58,13.15,24.98
2013,235,0.47,0.46,0.28,95.02,2.18,196.5,0.01,51.12,9.16,16.49,33.26,11.32,25.0
2013,236,0.47,0.46,0.27,94.89,2.22,194.12,0.0,40.88,8.79,19.83,35.67,11.04,24.03
2013,237,0.47,0.46,0.27,94.77,2.08,145.44,0.53,51.56,10.93,19.98,34.58,14.28,23.67
2013,238,0.47,0.46,0.32,94.6,1.3,237.06,3.91,57.0,11.9,20.83,33.55,15.6,15.13
2013,239,0.48,0.48,0.48,94.8,1.8,219.62,6.14,67.81,13.92,21.14,29.84,18.23,18.42
2013,240,0.48,0.48,0.53,95.0,2.25,105.0,7.56,67.88,12.7,19.26,30.94,16.78,20.53
2013,241,0.48,0.48,0.48,94.87,3.23,178.06,1.78,55.69,11.35,20.16,34.16,14.69,19.17
2013,242,0.48,0.49,0.52,95.07,2.68,79.62,6.01,77.81,13.85,18.95,28.43,18.22,17.71
2013,243,0.51,0.52,0.66,95.25,2.58,26.0,28.68,84.75,12.94,17.39,23.4,17.19,10.43
2013,244,0.52,0.55,0.6,95.37,2.32,233.56,10.75,80.44,11.47,16.8,22.48,15.34,17.36
2013,245,0.53,0.55,0.58,95.58,2.34,24.5,4.78,78.94,11.84,16.4,25.15,15.87,14.14
2013,246,0.53,0.55,0.53,95.67,2.17,58.62,0.49,74.88,11.66,16.96,27.37,15.62,18.56
2013,247,0.53,0.55,0.55,95.45,1.12,142.81,4.55,81.81,12.51,16.75,24.07,16.76,15.85
2013,248,0.53,0.55,0.54,94.94,2.3,229.88,2.27,66.88,12.08,19.21,30.33,16.04,18.48
2013,249,0.53,0.54,0.53,94.89,1.8,176.75,2.22,70.56,12.27,17.74,30.17,16.3,21.85
2013,250,0.53,0.54,0.51,95.15,1.45,240.31,0.1,65.94,12.39,17.16,35.51,16.35,21.64
2013,251,0.53,0.53,0.51,95.39,1.35,199.56,1.63,66.0,13.55,19.85,34.2,17.66,14.25
2013,252,0.53,0.54,0.57,95.68,2.43,116.38,6.78,87.69,15.01,19.16,24.39,19.61,13.4
2013,253,0.54,0.55,0.57,95.47,1.73,165.5,6.72,75.81,12.63,18.55,29.05,16.72,8.23
2013,254,0.54,0.55,0.55,95.26,1.83,143.94,4.19,75.12,12.7,16.65,29.71,16.87,20.73
2013,255,0.55,0.55,0.58,95.4,1.33,96.69,4.8,85.75,13.37,17.3,23.59,17.76,11.15
2013,256,0.55,0.55,0.55,95.64,1.54,93.44,0.07,75.75,11.54,16.8,24.45,15.55,12.19
2013,257,0.55,0.55,0.52,95.42,1.53,201.75,0.0,63.12,11.35,17.89,31.51,15.08,15.77
2013,258,0.54,0.55,0.52,95.03,2.39,263.81,0.13,63.06,12.33,19.94,32.01,16.33,15.98
2013,259,0.54,0.54,0.52,94.85,1.62,149.69,0.15,75.31,13.43,19.35,30.75,17.72,17.88
2013,260,0.54,0.54,0.51,94.87,2.04,236.44,0.01,77.12,13.06,17.44,28.13,17.23,17.31
2013,261,0.54,0.54,0.55,94.91,1.19,132.25,4.84,77.81,12.57,17.47,26.47,16.68,14.66
2013,262,0.55,0.55,0.61,94.9,1.32,249.69,13.18,83.25,11.54,15.95,20.49,15.33,10.02
2013,263,0.55,0.57,0.59,95.3,2.36,328.75,4.79,78.69,10.5,14.71,23.3,13.9,17.68
2013,264,0.55,0.56,0.55,95.66,2.31,238.69,0.09,78.38,10.68,14.65,24.69,14.33,17.68
2013,265,0.55,0.55,0.54,95.71,1.66,161.62,0.26,74.0,10.01,13.36,26.45,13.21,19.78
2013,266,0.55,0.55,0.53,95.5,1.6,203.56,0.0,72.69,10.38,14.77,26.94,13.86,19.86
2013,267,0.55,0.55,0.52,95.19,1.88,228.94,0.0,64.69,10.25,14.84,28.83,13.59,18.53
2013,268,0.55,0.55,0.52,95.05,2.63,239.94,0.0,59.5,9.83,16.12,30.03,12.83,19.28
2013,269,0.55,0.54,0.52,95.16,2.05,201.81,0.0,57.44,9.22,15.37,30.91,11.8,20.34
2013,270,0.54,0.54,0.51,94.96,1.78,214.25,0.0,46.12,8.61,16.73,34.37,10.75,19.38
2013,271,0.54,0.53,0.5,94.77,1.85,236.06,0.0,53.5,9.89,18.65,33.08,12.64,18.6
2013,272,0.54,0.53,0.51,94.72,2.19,292.31,0.0,67.94,10.99,17.51,27.77,14.48,14.16
2013,273,0.53,0.53,0.5,94.73,2.97,289.19,0.0,71.62,10.86,15.21,26.23,14.26,18.69
2013,274,0.53,0.53,0.5,94.86,2.16,274.06,0.0,74.31,12.57,16.83,29.28,16.66,17.09
2013,275,0.53,0.52,0.49,94.87,1.37,205.62,0.0,60.19,11.72,18.15,33.41,15.52,18.89
2013,276,0.52,0.52,0.48,95.01,3.51,202.56,0.0,44.69,9.7,21.76,34.68,12.62,17.21
2013,277,0.52,0.52,0.48,95.29,2.65,201.44,0.0,45.69,9.83,20.3,35.8,12.86,17.16
2013,278,0.52,0.52,0.5,95.43,2.44,184.19,4.55,64.31,12.27,19.74,31.01,16.2,11.26
2013,279,0.53,0.53,0.57,95.5,2.2,21.12,6.57,83.25,12.02,15.66,22.89,16.08,11.21
2013,280,0.53,0.54,0.56,95.46,1.58,82.25,5.47,76.62,10.31,14.79,24.6,13.77,15.46
2013,281,0.54,0.54,0.53,95.54,1.7,68.5,0.44,74.19,9.83,13.78,25.21,12.98,15.9
2013,282,0.54,0.54,0.55,95.33,0.71,173.5,3.76,79.38,11.17,13.77,24.74,14.94,14.7
2013,283,0.54,0.55,0.56,94.91,1.66,240.69,4.5,74.19,11.72,16.62,26.47,15.61,16.21
2013,284,0.54,0.55,0.57,94.84,1.73,238.94,5.64,69.94,11.29,16.05,27.28,14.9,16.67
2013,285,0.55,0.55,0.54,95.22,1.73,196.31,0.52,72.44,11.29,16.12,27.93,14.9,16.66
2013,286,0.54,0.55,0.53,95.43,1.37,105.62,0.0,78.12,11.96,16.4,27.58,15.98,15.3
2013,287,0.54,0.54,0.52,95.5,1.48,136.75,0.0,79.38,11.78,16.7,26.55,15.76,14.61
2013,288,0.54,0.54,0.52,95.47,1.89,254.88,0.0,69.88,10.31,15.88,26.3,13.24,8.51
2013,289,0.54,0.54,0.52,95.47,2.03,300.06,0.0,69.75,10.31,15.47,27.03,13.63,16.64
2013,290,0.54,0.53,0.52,95.43,1.41,107.25,0.0,69.81,10.25,15.68,27.65,13.61,17.05
2013,291,0.53,0.53,0.51,95.12,1.84,209.88,0.0,60.75,9.4,15.25,29.91,12.15,14.35
2013,292,0.53,0.53,0.51,95.23,2.15,225.38,0.0,53.19,8.48,15.33,30.11,10.56,15.79
2013,293,0.53,0.53,0.5,95.45,1.99,219.06,0.0,53.69,8.54,15.75,29.17,10.69,12.31
2013,294,0.53,0.52,0.5,95.43,1.85,192.81,0.0,54.62,8.91,16.25,29.9,11.44,12.89
2013,295,0.52,0.52,0.49,95.21,3.84,208.75,0.0,49.44,8.06,17.01,30.63,9.89,15.39
2013,296,0.52,0.52,0.49,95.27,2.3,213.44,0.0,51.94,8.0,15.32,28.24,9.65,12.3
2013,297,0.52,0.52,0.49,95.35,1.48,200.56,0.0,51.31,7.87,15.9,28.42,9.39,14.18
2013,298,0.52,0.52,0.48,95.23,2.16,219.38,0.0,38.88,6.41,15.67,31.88,6.47,14.7
2013,299,0.52,0.52,0.48,95.37,1.99,218.19,0.0,49.38,7.32,15.32,30.13,8.12,15.2
2013,300,0.52,0.52,0.49,95.71,1.54,241.38,0.0,68.81,9.77,14.97,26.9,12.69,14.72
2013,301,0.52,0.51,0.48,95.4,1.55,193.44,0.0,55.81,7.87,13.55,30.47,9.38,14.89
2013,302,0.52,0.51,0.49,94.96,2.53,254.44,1.9,64.62,8.91,13.84,27.78,11.24,13.85
2013,303,0.52,0.52,0.55,94.99,1.73,290.81,5.35,77.88,9.16,12.81,21.69,11.62,8.38
2013,304,0.52,0.52,0.55,95.4,2.07,316.31,5.4,84.94,8.79,10.9,17.0,11.3,5.98
2013,305,0.53,0.53,0.56,95.61,2.09,286.88,6.6,84.19,8.61,10.95,18.01,10.94,6.32
2013,306,0.53,0.54,0.53,95.49,1.5,213.19,0.05,70.12,7.14,9.98,21.93,8.06,14.72
2013,307,0.53,0.53,0.52,95.3,2.05,257.19,0.0,53.75,6.16,9.73,25.19,5.69,14.15
2013,308,0.53,0.53,0.51,94.78,2.8,257.88,0.33,55.88,6.41,10.65,23.6,6.16,14.4
2013,309,0.54,0.55,0.63,94.62,6.89,299.75,20.12,81.81,10.13,14.26,19.01,13.23,4.56
2013,310,0.55,0.56,0.57,95.31,3.55,314.06,1.27,84.81,10.68,13.65,21.64,14.23,11.2
2013,311,0.55,0.55,0.55,95.51,1.38,187.56,0.03,69.06,8.3,11.58,25.9,10.3,14.28
2013,312,0.55,0.55,0.54,95.3,1.86,239.06,0.0,63.88,8.06,12.29,26.03,9.93,13.78
2013,313,0.55,0.55,0.54,95.41,1.85,290.12,2.05,77.19,8.91,11.74,22.18,11.3,8.4
2013,314,0.55,0.55,0.55,95.5,3.18,302.0,1.5,75.06,8.06,11.9,19.08,9.89,12.09
2013,315,0.55,0.55,0.55,95.06,6.52,326.56,2.27,68.75,6.59,9.84,15.49,6.6,7.54
2013,316,0.56,0.58,0.7,94.84,5.63,330.75,32.82,84.56,7.87,10.04,13.84,9.48,2.91
2013,317,0.59,0.62,0.71,95.07,3.28,288.94,12.98,88.5,8.67,10.94,16.06,11.02,4.69
2013,318,0.61,0.63,0.73,95.23,3.05,322.75,23.75,90.38,8.79,11.19,16.33,11.29,3.67
2013,319,0.62,0.65,0.7,94.87,1.44,187.81,2.31,76.75,6.53,7.62,15.94,6.67,10.89
2013,320,0.62,0.64,0.67,94.86,1.82,177.25,0.04,74.31,6.71,7.55,18.81,7.22,5.57
2013,321,0.62,0.63,0.66,94.7,3.13,166.75,0.0,66.75,6.23,6.76,20.58,6.05,7.13
2013,322,0.62,0.62,0.66,93.96,2.6,245.75,1.13,74.5,5.86,5.84,13.88,5.04,8.94
2013,323,0.62,0.62,0.65,94.08,5.51,250.56,0.95,77.0,6.29,5.79,15.36,6.12,6.2
2013,324,0.62,0.62,0.66,94.59,3.07,271.31,1.29,88.06,6.53,6.24,12.55,6.69,5.54
2013,325,0.62,0.62,0.66,94.49,3.08,265.75,0.86,76.69,5.0,3.68,12.37,2.82,10.99
2013,326,0.62,0.62,0.66,94.03,4.2,269.94,3.2,79.19,5.43,4.19,12.27,3.92,7.16
2013,327,0.62,0.62,0.66,94.18,3.24,268.31,2.96,84.94,5.19,3.24,10.4,3.4,7.11
2013,328,0.62,0.63,0.69,94.43,3.18,308.81,5.7,85.75,5.74,4.72,10.33,4.91,7.1
2013,329,0.63,0.65,0.73,94.84,3.38,336.12,13.19,90.25,6.47,6.28,10.54,6.73,5.09
2013,330,0.64,0.66,0.73,95.14,2.3,263.44,6.81,88.62,6.16,5.34,11.41,6.0,5.94
2013,331,0.65,0.66,0.71,95.27,1.88,191.56,2.35,85.38,5.92,6.2,11.27,5.37,10.48
2013,332,0.65,0.66,0.7,95.59,1.21,186.38,0.66,85.56,5.62,5.73,9.83,4.75,9.4
2013,333,0.65,0.66,0.7,95.53,1.38,313.5,0.73,85.31,5.19,3.6,8.41,3.6,9.96
2013,334,0.65,0.66,0.7,94.85,1.64,245.81,1.45,87.56,5.19,2.58,8.62,3.47,8.6
2013,335,0.65,0.66,0.7,94.47,1.27,218.5,1.18,88.12,5.8,4.98,9.88,4.98,9.41
2013,336,0.65,0.66,0.72,94.81,2.46,277.81,6.21,95.0,6.1,3.57,8.56,5.66,3.44
2013,337,0.66,0.67,0.74,95.34,1.77,187.62,6.48,93.62,7.32,6.15,12.52,8.53,5.3
2013,338,0.66,0.67,0.71,95.81,1.16,111.06,0.38,87.56,6.29,4.26,14.5,6.33,6.76
2013,339,0.66,0.67,0.71,95.87,1.79,306.94,1.21,89.62,6.47,5.8,12.98,6.86,9.18
2013,340,0.66,0.67,0.71,95.79,2.38,300.44,0.76,91.0,6.29,5.62,11.27,6.42,6.98
2013,341,0.66,0.67,0.7,95.83,1.62,257.44,0.01,85.94,6.23,4.48,13.4,6.32,8.84
2013,342,0.66,0.66,0.7,96.0,1.33,129.94,0.0,81.69,5.37,2.46,15.92,4.15,11.25
2013,343,0.66,0.66,0.7,96.2,1.23,123.81,0.0,86.5,5.86,2.98,14.41,5.37,11.1
2013,344,0.66,0.66,0.7,96.38,1.01,143.44,0.0,86.06,5.68,3.67,12.94,5.01,8.47
2013,345,0.66,0.66,0.7,96.51,1.12,170.06,0.0,75.06,4.88,1.95,15.87,2.9,10.14
2013,346,0.66,0.66,0.7,96.29,1.58,242.31,0.0,74.19,5.0,2.38,16.75,3.2,11.08
2013,347,0.66,0.66,0.7,95.91,1.54,249.31,0.0,76.62,5.43,2.87,16.73,4.19,11.13
2013,348,0.66,0.66,0.7,96.25,1.11,242.94,0.03,87.75,6.35,5.17,13.18,6.5,8.58
2013,349,0.66,0.66,0.7,96.56,1.09,208.25,0.02,86.75,6.23,4.42,14.19,6.34,10.57
2013,350,0.65,0.66,0.7,96.39,1.16,165.38,0.0,77.25,5.43,2.63,16.9,4.28,10.81
2013,351,0.65,0.66,0.7,96.13,2.1,225.81,0.03,75.5,5.31,3.94,15.08,3.95,8.29
2013,352,0.65,0.66,0.7,95.83,1.32,273.25,0.59,86.56,6.04,4.05,12.26,5.72,3.99
2013,353,0.65,0.66,0.7,95.43,2.4,209.38,0.1,80.38,5.8,5.07,16.4,5.14,10.31
2013,354,0.65,0.66,0.7,95.19,2.47,150.75,0.95,75.75,5.37,5.53,13.44,3.97,7.88
2013,355,0.65,0.66,0.69,96.08,1.99,127.12,0.1,87.62,6.35,4.01,13.91,6.47,5.01
2013,356,0.65,0.66,0.7,96.04,1.01,109.56,1.1,93.0,6.96,6.86,12.66,8.0,3.69
2013,357,0.65,0.66,0.7,95.85,0.75,153.25,2.15,89.25,6.9,7.5,13.34,7.83,5.81
2013,358,0.65,0.66,0.7,95.51,2.6,217.94,0.28,83.25,6.41,6.94,16.65,6.68,10.27
2013,359,0.65,0.66,0.69,94.5,6.01,207.38,0.74,66.62,5.25,6.08,15.09,3.54,4.91
2013,360,0.65,0.66,0.71,94.32,6.3,278.69,6.24,76.06,5.37,6.31,9.68,3.93,5.39
2013,361,0.65,0.66,0.7,94.99,4.08,289.0,0.8,81.88,5.92,4.39,12.98,5.47,5.8
2013,362,0.65,0.66,0.7,95.07,1.83,255.31,0.05,80.75,5.98,2.66,16.12,5.58,11.03
2013,363,0.66,0.67,0.76,95.48,2.3,310.31,16.2,91.75,6.84,6.36,10.62,7.55,2.32
2013,364,0.67,0.69,0.75,95.89,2.03,343.06,6.24,88.88,5.68,4.65,9.12,4.97,4.3
2013,365,0.67,0.69,0.72,95.67,1.34,246.44,0.19,77.38,5.0,2.87,12.13,3.06,10.17
2014,1,0.67,0.68,0.71,95.44,1.67,243.69,0.0,62.62,3.91,1.17,14.37,-0.49,10.3
2014,2,0.67,0.68,0.71,95.35,2.14,234.81,0.01,69.56,4.94,3.19,14.3,2.46,6.73
2014,3,0.67,0.67,0.71,95.56,1.77,244.25,0.03,77.0,6.29,4.93,16.87,6.17,8.03
2014,4,0.66,0.67,0.7,95.39,3.3,217.38,0.0,71.75,5.86,6.8,18.57,5.23,8.7
2014,5,0.66,0.67,0.7,95.31,4.16,282.5,0.31,72.12,4.94,4.74,11.92,2.75,11.14
2014,6,0.66,0.67,0.7,95.44,1.84,264.56,0.0,80.69,6.29,4.57,15.38,6.26,11.16
2014,7,0.66,0.66,0.7,95.68,1.48,225.56,0.0,71.38,6.04,6.22,19.95,5.83,11.61
2014,8,0.66,0.66,0.7,95.74,1.84,209.44,0.0,67.69,5.62,5.15,20.33,4.65,11.7
2014,9,0.66,0.66,0.7,95.55,2.75,217.19,0.0,69.44,5.43,5.19,18.79,4.26,11.81
2014,10,0.66,0.66,0.7,95.28,3.21,211.81,0.0,68.5,5.31,5.6,17.37,3.77,9.61
2014,11,0.66,0.66,0.7,95.26,2.03,247.31,0.02,72.12,5.92,5.4,18.76,5.37,7.53
2014,12,0.66,0.66,0.7,95.52,1.32,286.5,2.11,88.88,6.96,7.14,13.15,7.7,6.14
2014,13,0.66,0.66,0.71,95.41,1.27,260.44,1.3,86.69,6.9,7.05,15.44,7.68,7.92
2014,14,0.66,0.66,0.71,94.84,2.62,268.56,2.87,85.0,5.8,4.58,10.85,5.06,5.19
2014,15,0.66,0.67,0.71,94.97,1.99,289.31,2.53,86.0,5.8,3.0,11.34,5.12,8.35
2014,16,0.66,0.66,0.7,94.91,3.2,206.0,0.0,73.5,5.25,2.45,16.87,3.66,11.95
2014,17,0.66,0.66,0.7,94.46,4.58,199.0,0.0,68.88,5.49,6.8,15.6,4.24,7.45
2014,18,0.66,0.66,0.7,93.83,3.89,193.19,0.08,62.62,4.7,4.8,17.08,1.95,11.22
2014,19,0.66,0.66,0.7,93.51,5.48,217.19,1.68,72.25,5.19,4.67,14.04,3.32,11.76
2014,20,0.66,0.66,0.7,94.42,5.69,275.06,2.3,74.81,4.94,4.13,10.23,2.7,7.3
2014,21,0.66,0.66,0.7,95.05,3.55,274.06,0.84,78.25,4.94,2.76,11.83,2.77,8.55
2014,22,0.66,0.66,0.7,94.87,2.52,222.38,0.7,75.5,4.76,0.8,12.69,2.11,11.13
2014,23,0.66,0.66,0.72,95.0,2.82,279.19,7.43,88.0,5.98,4.44,10.84,5.48,5.83
2014,24,0.66,0.67,0.72,95.32,3.93,301.31,1.91,80.56,5.43,4.87,11.62,4.24,8.94
2014,25,0.66,0.67,0.72,94.96,4.77,317.5,5.43,86.0,6.29,5.77,10.93,6.18,8.18
2014,26,0.67,0.68,0.74,95.26,3.94,307.12,5.54,88.5,6.96,5.99,14.48,7.78,12.87
2014,27,0.67,0.68,0.73,94.35,3.15,271.62,8.44,89.81,6.71,4.4,13.72,7.08,4.92
2014,28,0.68,0.7,0.77,94.12,4.06,293.06,9.17,80.75,5.19,2.07,10.09,3.19,8.42
2014,29,0.68,0.7,0.73,93.85,3.24,206.75,0.97,77.31,4.94,1.3,14.55,2.62,10.05
2014,30,0.69,0.7,0.76,93.82,2.16,290.25,11.44,83.62,5.43,4.58,10.65,4.09,3.81
2014,31,0.7,0.72,0.77,94.34,2.58,340.81,6.69,90.0,5.43,4.7,7.73,4.06,5.02
2014,32,0.7,0.71,0.75,94.52,1.47,294.31,1.12,78.12,5.07,3.55,11.8,3.1,13.82
2014,33,0.7,0.72,0.76,94.77,4.05,302.12,4.55,82.0,5.43,4.3,9.55,3.98,9.76
2014,34,0.7,0.71,0.74,94.89,2.16,243.06,0.01,67.5,3.91,-0.37,12.9,-0.53,15.03
2014,35,0.7,0.71,0.75,95.11,2.09,249.88,1.39,83.62,5.07,1.54,10.85,3.2,4.88
2014,36,0.7,0.71,0.74,94.99,3.0,238.19,0.98,73.62,5.62,1.5,16.33,4.39,8.57
2014,37,0.7,0.71,0.74,95.17,1.91,262.12,0.84,81.06,7.63,9.3,18.44,9.15,13.93
2014,38,0.7,0.7,0.73,95.16,3.55,270.44,0.47,75.81,6.35,4.4,17.48,6.46,11.35
2014,39,0.7,0.7,0.73,95.02,2.55,232.31,0.0,64.62,4.21,1.69,16.33,0.32,13.79
2014,40,0.7,0.7,0.73,94.8,3.13,243.19,0.67,75.31,6.65,6.05,17.02,6.98,10.28
2014,41,0.7,0.7,0.73,94.05,4.66,232.12,1.05,65.56,5.13,3.92,15.3,3.22,8.31
2014,42,0.7,0.71,0.78,94.77,4.48,288.25,12.79,84.69,5.07,2.94,9.26,3.14,7.57
2014,43,0.7,0.72,0.76,95.13,2.98,286.62,3.23,86.94,5.62,2.31,11.68,4.54,10.23
2014,44,0.7,0.71,0.74,95.35,2.46,264.56,0.03,83.44,6.41,1.51,17.65,6.33,11.19
2014,45,0.7,0.71,0.73,95.27,2.4,237.94,0.01,74.75,7.14,6.87,21.24,8.16,16.16
2014,46,0.7,0.7,0.73,94.97,3.72,202.38,0.0,60.62,6.23,9.08,23.35,6.07,15.93
2014,47,0.7,0.7,0.73,95.05,3.3,202.44,0.0,53.06,4.82,6.87,21.64,2.33,17.1
2014,48,0.69,0.7,0.72,94.81,2.4,172.75,0.0,48.5,4.46,5.58,24.4,1.02,16.57
2014,49,0.69,0.69,0.72,94.24,4.09,197.38,0.0,57.12,5.07,7.51,18.62,2.83,9.17
2014,50,0.69,0.69,0.73,95.03,3.0,295.31,1.27,91.06,6.71,4.94,11.96,7.22,6.57
2014,51,0.69,0.69,0.73,95.2,2.48,319.31,1.74,87.0,6.23,4.36,12.69,6.22,9.07
2014,52,0.69,0.69,0.72,95.16,2.16,284.56,0.3,81.69,6.29,2.8,17.08,6.13,16.89
2014,53,0.69,0.7,0.76,95.45,1.84,232.0,9.16,91.69,6.71,5.83,11.51,7.33,8.35
2014,54,0.7,0.7,0.73,95.57,1.16,228.31,0.44,75.88,5.25,4.28,15.5,3.74,17.32
2014,55,0.69,0.7,0.73,95.1,2.56,251.94,0.0,67.0,5.19,4.04,18.68,3.45,18.08
2014,56,0.69,0.7,0.73,95.3,2.06,306.75,2.17,89.94,6.47,5.38,12.37,6.66,7.21
2014,57,0.69,0.7,0.73,95.64,1.62,232.12,0.75,82.19,5.98,4.76,14.01,5.62,12.23
2014,58,0.7,0.7,0.76,95.78,1.75,272.44,6.35,89.31,5.55,3.5,8.87,4.64,11.2
2014,59,0.7,0.7,0.74,95.16,2.37,274.94,3.62,76.44,5.68,3.99,15.87,4.8,16.79
2014,60,0.7,0.71,0.77,94.2,4.33,284.81,10.73,78.94,5.62,5.5,11.0,4.44,10.77
2014,61,0.71,0.73,0.78,93.8,3.45,301.31,8.31,88.69,6.53,6.06,11.81,6.61,8.26
2014,62,0.71,0.73,0.77,93.97,4.84,275.31,5.77,79.06,6.47,4.96,16.88,6.32,8.72
2014,63,0.72,0.73,0.78,94.11,7.22,294.5,8.54,74.44,5.25,5.86,10.2,3.62,8.26
2014,64,0.72,0.73,0.77,94.54,4.35,318.62,5.93,82.12,5.8,5.58,11.44,5.12,8.64
2014,65,0.73,0.74,0.79,95.15,3.91,328.12,8.32,83.5,5.74,5.07,11.08,4.97,11.38
2014,66,0.73,0.74,0.78,95.52,2.5,333.75,2.74,88.44,5.98,4.6,11.43,5.59,9.48
2014,67,0.73,0.73,0.77,95.75,2.19,335.12,0.16,80.88,5.86,5.38,14.46,5.33,17.09
2014,68,0.73,0.73,0.77,95.55,1.3,109.44,0.29,81.62,5.49,4.54,12.98,4.36,16.48
2014,69,0.73,0.73,0.77,95.29,1.37,267.38,1.28,84.75,5.86,5.37,11.69,5.26,11.92
2014,70,0.73,0.73,0.77,95.24,1.73,247.56,1.95,86.25,5.74,4.13,9.76,4.97,10.78
2014,71,0.73,0.73,0.76,95.5,1.87,101.88,0.14,80.44,5.62,1.88,15.0,4.61,17.69
2014,72,0.73,0.74,0.81,95.19,3.41,77.88,18.95,93.56,5.86,4.54,9.55,5.24,2.63
2014,73,0.74,0.77,0.83,95.1,2.88,45.81,14.99,93.62,7.26,5.64,12.46,8.35,3.49
2014,74,0.76,0.78,0.84,95.4,3.16,108.5,12.16,94.81,7.2,6.37,10.61,8.39,4.48
2014,75,0.77,0.78,0.8,95.56,3.26,295.88,0.59,85.19,6.65,6.75,14.79,7.19,16.87
2014,76,0.76,0.77,0.79,95.64,1.57,242.94,0.31,81.44,6.77,6.86,18.18,7.41,21.5
2014,77,0.76,0.77,0.79,95.49,1.57,230.06,0.0,64.06,6.1,5.58,22.26,5.77,21.22
2014,78,0.76,0.77,0.78,95.4,1.6,127.94,0.16,69.06,6.47,6.32,21.71,6.48,21.07
2014,79,0.75,0.77,0.8,95.36,1.3,203.25,4.31,84.94,7.57,8.57,17.18,9.02,17.96
2014,80,0.76,0.77,0.8,95.36,1.46,171.19,3.51,86.88,7.75,6.8,16.94,9.34,10.64
2014,81,0.76,0.77,0.78,95.0,1.27,208.25,0.15,72.31,7.39,8.94,21.31,8.58,21.44
2014,82,0.75,0.76,0.78,94.94,3.34,292.25,1.02,77.44,6.59,4.98,15.53,6.87,17.69
2014,83,0.75,0.76,0.77,95.29,2.48,282.69,0.0,68.12,4.7,2.7,15.55,2.15,23.98
2014,84,0.75,0.76,0.78,94.85,4.16,270.44,3.55,73.75,5.43,5.3,12.72,4.1,11.36
2014,85,0.75,0.77,0.8,94.06,4.45,265.0,9.26,79.62,5.19,5.19,9.26,3.31,7.27
2014,86,0.76,0.77,0.79,94.57,4.33,291.88,2.53,76.19,5.31,4.77,12.25,3.69,14.84
2014,87,0.75,0.77,0.78,94.79,1.52,188.56,0.0,64.44,5.0,1.3,20.23,2.81,24.41
2014,88,0.75,0.76,0.77,94.25,3.42,158.31,0.52,60.44,5.74,6.91,19.95,4.52,9.92
2014,89,0.75,0.77,0.8,94.65,1.64,221.12,9.6,88.94,7.2,8.32,12.94,8.25,4.48
2014,90,0.76,0.77,0.79,95.12,1.77,227.94,0.37,82.94,7.02,7.03,16.73,7.87,16.34
2014,91,0.75,0.76,0.77,95.0,2.77,214.44,0.0,58.88,5.98,6.37,23.15,5.34,24.98
2014,92,0.74,0.75,0.77,94.53,4.79,197.62,0.0,50.38,5.43,9.73,22.47,4.04,18.47
2014,93,0.74,0.74,0.77,93.82,3.45,247.62,1.25,63.12,6.41,8.58,21.27,6.21,14.97
2014,94,0.74,0.74,0.78,94.42,5.56,272.81,4.72,81.38,6.59,6.97,12.92,6.82,7.97
2014,95,0.74,0.74,0.77,95.0,3.8,293.44,0.75,77.94,6.65,5.8,16.21,6.92,13.18
2014,96,0.73,0.74,0.77,95.35,2.7,304.25,0.0,76.31,7.08,7.54,18.19,8.06,22.76
2014,97,0.73,0.73,0.76,95.52,1.71,166.62,0.0,70.88,6.77,8.03,20.62,7.4,24.89
2014,98,0.73,0.73,0.75,95.57,1.6,206.94,0.0,60.94,6.29,7.15,24.16,6.33,25.91
2014,99,0.73,0.73,0.75,95.51,1.68,111.44,0.0,62.12,6.84,9.55,23.28,7.33,25.84
2014,100,0.72,0.72,0.74,95.35,1.67,161.06,0.0,67.06,7.26,10.28,22.29,8.4,25.9
2014,101,0.71,0.71,0.73,95.16,1.52,234.62,0.0,58.5,7.08,9.93,25.44,7.79,24.34
2014,102,0.71,0.71,0.73,94.78,1.26,230.44,0.08,61.44,8.48,11.61,27.38,10.43,21.4
2014,103,0.7,0.7,0.73,95.14,2.23,139.0,0.0,80.19,8.67,10.69,20.64,11.07,20.13
2014,104,0.7,0.7,0.73,95.24,1.53,249.5,0.01,76.31,7.63,8.76,20.23,9.06,22.18
2014,105,0.7,0.7,0.72,94.97,2.25,274.44,0.01,69.19,7.57,10.04,22.48,9.01,25.52
2014,106,0.7,0.7,0.72,95.19,2.43,315.38,0.0,77.25,7.26,7.5,18.75,8.36,26.98
2014,107,0.69,0.69,0.71,95.22,1.96,249.5,0.0,73.0,6.65,7.7,18.99,7.09,25.38
2014,108,0.69,0.69,0.7,94.86,1.86,247.5,0.0,63.44,5.8,6.14,19.79,5.04,27.58
2014,109,0.68,0.68,0.7,94.38,2.3,231.19,0.0,60.0,7.26,7.49,25.24,7.94,26.51
2014,110,0.67,0.67,0.69,94.14,2.52,275.06,0.0,70.38,8.36,10.75,21.45,10.33,12.83
2014,111,0.67,0.67,0.69,94.26,1.96,132.75,0.0,70.69,7.87,9.44,23.95,9.4,25.96
2014,112,0.67,0.66,0.69,94.67,2.74,270.88,0.39,82.81,8.06,9.01,17.17,9.87,14.2
2014,113,0.66,0.66,0.68,95.44,2.91,300.12,0.03,76.5,7.81,8.59,19.76,9.49,23.91
2014,114,0.66,0.66,0.67,95.27,1.51,216.62,0.0,59.75,6.84,8.85,24.44,7.48,25.73
2014,115,0.66,0.66,0.67,94.98,4.75,276.06,0.7,64.62,6.47,10.11,18.84,6.62,16.17
2014,116,0.66,0.66,0.66,95.13,3.44,292.56,0.0,65.94,6.35,7.69,19.35,6.32,28.11
2014,117,0.65,0.65,0.66,94.97,3.28,285.75,0.0,74.06,7.51,8.48,19.87,8.76,19.5
2014,118,0.65,0.65,0.66,95.02,2.07,288.75,0.0,62.44,6.23,7.36,22.49,5.83,27.84
2014,119,0.65,0.64,0.65,95.0,1.95,239.62,0.0,60.12,7.08,10.19,24.43,8.0,27.53
2014,120,0.64,0.63,0.64,94.8,1.66,193.81,0.0,56.75,7.26,11.63,27.76,8.34,27.45
2014,121,0.63,0.63,0.63,94.98,1.78,71.06,0.0,63.56,7.2,10.47,23.65,8.28,28.52
2014,122,0.63,0.62,0.63,94.82,3.03,243.56,1.31,69.25,7.45,9.31,25.05,8.76,23.01
2014,123,0.63,0.62,0.63,94.85,3.01,309.56,0.6,77.0,7.02,7.4,17.57,7.91,15.11
2014,124,0.62,0.62,0.63,94.97,2.6,318.75,0.11,75.0,6.84,8.19,18.21,7.55,23.99
2014,125,0.62,0.62,0.62,95.08,1.77,181.94,0.01,62.38,5.68,6.35,22.84,4.55,29.96
2014,126,0.62,0.62,0.62,95.21,1.79,225.12,0.0,51.19,6.23,8.05,27.55,6.01,29.43
2014,127,0.62,0.61,0.6,95.18,2.69,222.5,0.0,46.12,6.47,12.22,29.5,6.49,28.46
2014,128,0.61,0.6,0.6,95.34,1.77,109.94,0.0,52.75,6.9,12.59,26.76,7.5,27.48
2014,129,0.61,0.6,0.6,95.4,1.67,89.75,0.0,55.06,7.57,13.69,26.81,9.06,27.38
2014,130,0.6,0.59,0.59,95.4,1.62,87.06,0.0,51.19,7.14,12.36,29.04,8.05,28.96
2014,131,0.6,0.59,0.59,95.09,1.88,204.31,0.0,52.5,8.61,14.51,30.2,10.8,27.36
2014,132,0.59,0.59,0.58,95.04,1.57,133.81,0.0,55.31,9.09,14.87,31.55,11.67,28.18
2014,133,0.59,0.59,0.58,95.18,3.18,231.25,0.0,61.81,8.36,11.71,24.64,10.45,25.63
2014,134,0.59,0.58,0.58,95.92,2.95,324.25,0.0,65.94,6.16,7.74,18.98,6.14,29.37
2014,135,0.59,0.58,0.58,95.64,2.94,320.56,0.0,70.06,6.35,7.11,19.26,6.56,28.85
2014,136,0.59,0.58,0.58,95.19,2.26,188.56,0.01,62.31,5.74,7.3,20.05,4.98,29.71
2014,137,0.59,0.58,0.59,94.86,1.71,200.56,3.0,66.31,7.51,7.61,21.83,8.6,17.29
2014,138,0.59,0.58,0.59,94.6,1.52,201.44,0.05,67.31,8.85,12.69,23.03,11.28,6.03
2014,139,0.59,0.58,0.59,94.62,1.55,219.0,1.85,73.06,9.58,12.48,23.18,12.47,14.49
2014,140,0.58,0.58,0.57,94.76,2.12,191.06,0.0,54.06,9.09,14.0,32.06,11.63,26.59
2014,141,0.58,0.57,0.55,94.62,3.46,240.12,0.01,47.75,8.73,17.21,33.13,10.87,24.13
2014,142,0.57,0.56,0.56,94.95,2.24,327.81,0.77,62.06,8.61,13.02,28.05,10.88,25.59
2014,143,0.57,0.56,0.56,94.99,1.91,92.81,0.38,65.12,7.87,11.69,23.82,9.49,24.51
2014,144,0.57,0.56,0.57,94.82,2.34,78.81,1.31,66.81,8.79,10.83,26.75,11.19,28.14
2014,145,0.57,0.57,0.61,95.03,2.16,283.75,8.06,80.69,10.19,13.38,22.4,13.54,21.05
2014,146,0.57,0.57,0.59,95.22,1.97,169.75,1.35,74.25,9.7,12.9,27.94,12.73,18.6
2014,147,0.58,0.58,0.61,95.23,2.32,55.75,10.82,81.38,9.83,13.29,22.39,13.0,16.38
2014,148,0.59,0.62,0.72,94.96,1.48,225.0,21.52,80.5,9.34,12.01,21.04,12.13,14.09
2014,149,0.6,0.62,0.62,95.15,3.05,270.56,0.8,74.94,8.61,10.88,22.97,10.92,25.24
2014,150,0.6,0.6,0.61,95.26,2.05,221.31,0.0,62.19,7.45,9.85,24.63,8.69,30.48
2014,151,0.59,0.59,0.59,95.01,2.29,95.94,0.15,62.62,8.36,12.37,26.26,10.47,29.13
2014,152,0.59,0.6,0.62,94.87,3.05,57.25,4.48,83.62,9.64,11.39,21.76,12.63,16.78
2014,153,0.6,0.6,0.63,94.79,4.43,107.44,4.17,84.0,8.73,11.03,16.85,11.07,5.89
2014,154,0.6,0.6,0.61,95.25,2.75,263.75,0.56,71.81,8.3,11.58,20.98,10.43,23.44
2014,155,0.59,0.59,0.59,95.08,2.16,217.19,0.0,53.44,7.57,10.52,28.47,8.98,28.9
2014,156,0.59,0.59,0.57,95.02,3.2,211.25,0.0,41.44,7.32,14.8,32.28,8.34,30.32
2014,157,0.59,0.58,0.57,95.14,2.87,218.31,0.0,42.06,8.0,17.9,31.4,9.61,20.73
2014,158,0.59,0.58,0.56,95.21,1.66,207.31,0.0,40.75,7.75,17.27,34.39,9.12,28.94
2014,159,0.58,0.57,0.55,95.26,1.98,100.44,0.0,46.62,8.54,17.6,33.78,10.65,30.01
2014,160,0.57,0.56,0.55,95.07,2.16,98.81,0.0,50.25,8.54,15.71,32.15,10.69,29.8
2014,161,0.57,0.56,0.55,95.05,2.1,194.38,1.53,53.56,9.46,16.15,30.41,12.32,28.68
2014,162,0.57,0.56,0.6,95.33,1.68,195.94,7.78,62.38,10.86,16.67,29.3,14.48,22.32
2014,163,0.57,0.57,0.57,95.44,1.78,94.0,1.41,55.62,9.7,17.68,30.05,12.73,25.62
2014,164,0.57,0.56,0.55,95.26,1.76,79.69,0.05,53.5,9.03,15.8,29.3,11.64,27.73
2014,165,0.57,0.56,0.55,94.94,1.68,214.0,0.0,52.06,8.61,16.51,29.4,10.81,29.52
2014,166,0.56,0.56,0.59,94.68,1.97,226.88,6.73,62.62,9.77,15.87,31.52,12.69,23.46
2014,167,0.57,0.57,0.59,94.82,2.23,336.06,3.3,76.94,10.68,14.04,22.62,14.12,18.2
2014,168,0.57,0.57,0.58,94.96,1.84,149.81,1.1,69.19,9.46,13.92,24.95,12.38,25.85
2014,169,0.57,0.56,0.56,95.19,2.13,225.06,0.45,61.25,8.67,13.25,26.81,11.08,29.26
2014,170,0.56,0.56,0.55,95.24,1.68,205.06,0.0,52.62,8.79,13.98,31.2,11.11,26.53
2014,171,0.56,0.55,0.54,95.02,1.8,154.44,0.01,52.69,10.25,18.3,33.47,13.55,25.61
2014,172,0.55,0.55,0.54,95.01,2.05,156.88,0.11,57.88,11.66,19.03,32.76,15.51,26.61
2014,173,0.55,0.55,0.53,95.19,1.17,143.0,0.03,55.62,11.54,18.62,35.63,15.09,27.73
2014,174,0.55,0.54,0.52,95.13,2.1,205.19,0.0,42.38,9.16,18.81,37.88,11.51,26.58
2014,175,0.55,0.53,0.51,94.94,3.23,266.38,0.63,53.88,10.62,17.84,34.12,13.85,23.21
2014,176,0.54,0.53,0.52,94.99,2.33,211.94,0.05,62.31,9.83,16.66,28.61,12.83,26.83
2014,177,0.54,0.53,0.51,95.12,2.07,306.56,0.0,63.0,9.58,15.31,27.05,12.49,28.89
2014,178,0.54,0.53,0.49,95.41,1.54,105.94,0.0,51.0,8.73,15.47,31.87,11.06,29.94
2014,179,0.53,0.52,0.47,95.13,3.57,213.44,0.0,40.56,9.03,19.05,35.81,11.67,29.01
2014,180,0.53,0.52,0.45,95.01,4.0,277.81,0.01,48.0,9.89,19.63,36.12,12.76,28.86
2014,181,0.53,0.52,0.44,95.38,2.77,55.81,0.0,56.19,9.03,16.09,29.19,11.4,30.0
2014,182,0.53,0.52,0.43,95.08,1.9,203.81,0.0,46.94,8.67,14.81,33.67,10.96,28.89
2014,183,0.52,0.52,0.41,95.08,2.77,178.38,0.0,40.69,8.97,19.37,36.49,11.49,21.96
2014,184,0.52,0.51,0.4,95.06,2.78,191.38,0.0,35.38,8.24,20.26,40.47,9.83,19.85
2014,185,0.52,0.51,0.39,95.12,2.18,193.94,0.0,42.81,9.09,18.35,37.46,11.53,24.5
2014,186,0.52,0.51,0.39,95.18,2.09,42.62,0.0,49.69,9.03,17.62,31.8,11.6,28.13
2014,187,0.52,0.51,0.39,94.97,1.84,177.38,0.08,47.94,9.77,19.23,34.21,12.73,21.33
2014,188,0.52,0.51,0.38,95.0,2.01,301.0,0.04,53.88,10.38,18.91,32.29,13.6,11.03
2014,189,0.52,0.5,0.38,95.23,2.45,158.19,0.04,59.44,10.99,17.4,33.08,14.62,28.29
2014,190,0.52,0.5,0.38,95.0,3.12,54.69,0.0,56.44,9.89,17.02,31.73,12.99,28.86
2014,191,0.51,0.5,0.38,95.08,2.55,87.31,0.03,63.0,10.01,15.8,27.82,13.26,24.96
2014,192,0.51,0.5,0.38,95.14,2.13,205.19,0.0,56.5,8.73,15.23,28.58,10.99,29.59
2014,193,0.51,0.5,0.37,95.09,1.84,138.56,0.0,52.12,9.03,15.97,31.69,11.48,28.58
2014,194,0.51,0.5,0.36,95.15,1.6,144.31,0.0,50.0,9.16,16.76,32.86,11.72,28.8
2014,195,0.51,0.49,0.36,95.17,2.13,186.06,0.0,45.38,8.91,18.52,33.4,11.35,28.45
2014,196,0.51,0.49,0.35,95.38,2.26,91.38,0.0,52.12,9.16,16.53,31.59,11.92,28.38
2014,197,0.5,0.49,0.35,95.43,2.06,162.62,0.0,50.69,8.97,16.96,32.19,11.46,28.68
2014,198,0.5,0.49,0.34,95.48,1.95,82.0,0.0,44.94,7.87,17.11,33.35,9.32,29.97
2014,199,0.5,0.49,0.34,95.32,1.86,99.56,0.0,34.69,6.65,16.62,36.98,6.55,29.85
2014,200,0.5,0.49,0.33,95.12,2.8,211.56,0.0,31.44,8.12,21.64,37.58,9.97,27.67
2014,201,0.5,0.48,0.32,95.08,3.0,274.0,0.02,36.25,8.3,20.34,38.3,10.23,22.29
2014,202,0.49,0.48,0.32,95.31,2.55,261.12,0.0,57.88,10.25,18.05,29.86,13.46,28.39
2014,203,0.49,0.48,0.32,95.13,1.78,186.62,0.0,53.69,9.03,16.69,31.41,11.33,28.81
2014,204,0.49,0.48,0.32,94.92,1.7,108.62,0.0,46.19,8.36,16.98,33.38,10.22,28.98
2014,205,0.49,0.48,0.3,94.74,1.87,176.38,0.0,34.31,7.93,19.37,38.23,9.55,26.86
2014,206,0.49,0.48,0.3,94.58,2.59,221.44,0.94,31.0,8.91,23.11,41.12,11.19,18.41
2014,207,0.49,0.48,0.33,94.87,2.94,191.62,0.4,55.69,12.45,20.4,31.9,16.38,25.69
2014,208,0.49,0.48,0.32,95.13,2.27,60.38,0.0,51.44,9.83,18.29,33.96,12.62,27.57
2014,209,0.49,0.48,0.31,94.96,1.69,198.25,0.0,40.06,8.97,18.81,37.34,11.37,27.51
2014,210,0.49,0.48,0.33,94.66,3.98,238.44,1.59,56.75,12.15,19.62,34.23,15.87,25.33
2014,211,0.49,0.48,0.34,95.0,2.28,111.88,0.19,53.25,9.16,17.33,31.69,11.5,27.32
2014,212,0.48,0.48,0.33,95.03,1.8,169.75,0.0,44.38,8.42,17.83,33.41,10.48,27.94
2014,213,0.48,0.48,0.32,94.78,1.85,201.94,0.0,40.06,9.16,20.08,36.23,11.79,27.0
2014,214,0.48,0.48,0.31,94.56,2.45,261.56,0.02,45.06,10.5,20.9,38.78,13.65,22.86
2014,215,0.48,0.48,0.3,94.87,1.72,208.31,0.0,50.31,10.44,19.18,35.68,13.62,27.7
2014,216,0.48,0.48,0.3,94.95,1.97,190.62,0.14,42.12,10.25,21.32,37.41,13.42,22.99
2014,217,0.48,0.48,0.3,95.17,2.56,236.56,0.0,64.25,13.12,19.72,32.38,17.36,23.89
2014,218,0.48,0.48,0.3,95.21,2.04,90.31,0.0,60.0,10.99,18.72,31.62,14.53,25.72
2014,219,0.48,0.48,0.3,95.22,1.87,91.12,0.0,52.0,9.64,18.14,31.99,12.62,26.9
2014,220,0.48,0.47,0.3,95.03,1.89,174.62,0.0,38.62,8.18,17.85,36.02,10.02,27.49
2014,221,0.48,0.47,0.29,94.93,2.76,231.0,0.0,35.25,9.03,22.8,37.26,11.52,23.14
2014,222,0.48,0.47,0.28,94.93,2.59,252.19,0.0,33.5,9.4,24.4,40.29,12.04,22.54
2014,223,0.48,0.47,0.28,95.01,2.54,204.19,0.0,38.94,10.19,23.76,37.85,13.3,25.36
2014,224,0.48,0.47,0.28,94.93,2.05,132.25,0.0,51.19,12.21,22.47,36.73,16.13,25.55
2014,225,0.48,0.47,0.28,94.76,2.66,234.38,0.0,51.38,11.29,21.05,36.14,14.66,26.02
2014,226,0.48,0.47,0.28,95.07,2.48,76.06,0.27,64.19,13.12,19.71,33.98,17.4,26.23
2014,227,0.48,0.47,0.29,95.2,2.88,53.56,0.59,57.69,11.72,19.26,33.85,15.65,25.33
2014,228,0.48,0.47,0.3,95.28,3.48,50.62,0.4,59.25,10.99,19.34,30.98,14.68,19.3
2014,229,0.48,0.47,0.3,95.28,2.63,65.62,0.35,56.31,10.38,17.61,32.45,13.81,24.17
2014,230,0.48,0.47,0.3,94.88,2.12,202.88,0.0,42.12,9.95,19.37,37.4,13.08,24.6
2014,231,0.47,0.46,0.28,94.84,3.48,208.62,0.25,42.94,11.29,23.67,36.55,14.51,19.43
2014,232,0.47,0.46,0.3,95.06,2.3,191.31,0.7,65.69,14.28,21.94,33.55,18.69,21.3
2014,233,0.47,0.46,0.3,95.12,2.02,116.56,0.16,58.5,11.96,20.28,34.57,15.82,25.37
2014,234,0.47,0.46,0.29,95.02,1.86,196.69,0.01,47.06,10.01,19.53,36.21,12.83,25.3
2014,235,0.47,0.46,0.28,95.2,2.68,177.38,0.05,50.19,10.5,21.12,30.85,13.65,16.32
2014,236,0.47,0.46,0.28,95.44,2.65,53.0,0.17,64.5,12.21,19.95,30.68,16.3,19.91
2014,237,0.47,0.46,0.27,95.26,2.1,134.44,0.0,47.38,9.83,18.41,35.37,12.87,24.69
2014,238,0.47,0.46,0.27,95.01,2.46,203.12,0.0,40.0,9.58,21.55,37.44,12.44,24.76
2014,239,0.47,0.46,0.26,95.06,1.96,174.38,0.0,41.19,9.7,22.33,35.51,12.66,24.9
2014,240,0.47,0.46,0.25,95.18,2.04,185.81,0.0,38.62,8.54,20.8,35.07,10.72,24.96
2014,241,0.47,0.46,0.24,95.16,2.05,103.81,0.0,29.38,6.35,19.93,36.97,6.05,25.04
2014,242,0.47,0.46,0.23,95.02,2.17,212.88,0.03,32.56,8.18,22.76,37.64,9.92,20.02
2014,243,0.47,0.46,0.25,95.09,1.91,208.06,1.17,58.31,12.02,19.74,31.01,15.82,22.24
2014,244,0.47,0.46,0.27,95.09,2.59,330.62,0.02,63.12,11.35,18.76,31.58,14.88,24.07
2014,245,0.47,0.46,0.27,94.95,2.76,322.19,0.0,61.31,10.68,17.08,29.7,14.09,24.22
2014,246,0.47,0.46,0.26,94.85,2.0,214.81,0.0,49.31,9.16,17.7,33.34,11.63,23.4
2014,247,0.47,0.46,0.25,94.86,1.79,135.0,0.0,41.88,8.73,19.7,34.79,11.02,22.26
2014,248,0.47,0.46,0.24,94.95,1.94,239.88,0.0,49.81,9.77,18.87,32.49,12.76,23.03
2014,249,0.47,0.46,0.24,94.93,1.92,220.12,0.05,52.94,10.13,18.57,32.12,13.31,22.73
2014,250,0.47,0.46,0.23,94.93,2.29,209.06,0.13,42.69,9.09,18.62,36.11,11.58,22.9
2014,251,0.47,0.46,0.26,95.16,2.37,194.62,1.43,49.12,10.31,21.57,32.21,13.48,16.18
2014,252,0.47,0.46,0.28,95.06,2.12,155.94,0.72,43.88,10.01,22.08,33.01,13.23,16.7
2014,253,0.47,0.46,0.32,94.89,2.59,274.69,2.06,55.31,11.78,20.83,33.73,15.51,18.38
2014,254,0.47,0.47,0.34,94.96,2.13,267.69,0.3,57.31,10.99,18.87,31.55,14.4,22.34
2014,255,0.47,0.47,0.33,95.05,2.24,275.69,0.0,51.06,9.77,19.3,32.02,12.83,22.52
2014,256,0.47,0.46,0.3,95.28,1.95,229.5,0.0,55.12,10.01,18.37,31.24,13.15,21.34
2014,257,0.47,0.46,0.29,95.06,2.16,202.44,0.0,44.06,9.03,18.74,35.28,11.51,21.83
2014,258,0.47,0.46,0.27,94.99,1.83,222.81,0.09,39.69,8.85,20.58,35.9,11.33,15.0
2014,259,0.47,0.46,0.27,94.82,2.56,239.75,0.1,38.5,9.09,21.65,35.63,11.66,17.15
2014,260,0.47,0.46,0.26,94.65,2.61,228.06,0.09,37.44,8.91,21.91,35.97,11.11,13.81
2014,261,0.47,0.46,0.25,94.73,2.4,241.75,0.09,40.88,9.46,21.11,35.65,11.73,13.94
2014,262,0.47,0.46,0.23,95.01,2.66,256.56,0.05,34.12,8.3,22.27,38.32,9.16,13.98
2014,263,0.47,0.46,0.23,95.47,2.64,253.44,0.01,46.19,10.44,21.76,37.05,13.61,13.26
2014,264,0.47,0.46,0.22,95.41,1.39,213.69,0.17,44.12,10.44,22.14,36.85,13.73,12.39
2014,265,0.47,0.46,0.22,94.91,2.26,246.75,0.17,46.31,10.74,22.98,34.34,14.1,13.57
2014,266,0.47,0.46,0.33,95.05,2.83,247.81,3.78,65.75,11.41,18.23,27.9,14.99,18.64
2014,267,0.47,0.47,0.38,95.1,1.52,210.31,1.99,59.12,10.68,17.96,30.87,14.0,17.29
2014,268,0.48,0.48,0.47,95.27,1.57,152.69,4.73,76.06,12.27,18.51,24.84,16.39,11.19
2014,269,0.48,0.48,0.48,95.56,1.83,41.5,0.79,72.25,10.8,16.55,25.65,14.36,12.92
2014,270,0.48,0.48,0.44,95.64,1.3,166.31,0.04,61.06,9.95,14.27,29.75,13.19,18.53
2014,271,0.47,0.47,0.42,95.59,1.59,231.56,0.4,57.38,10.5,17.82,30.9,14.05,18.52
2014,272,0.47,0.47,0.41,95.72,1.48,213.88,0.59,54.19,10.19,17.87,31.83,13.52,16.7
2014,273,0.47,0.47,0.39,95.81,2.14,193.88,0.5,54.44,10.38,19.62,32.0,13.85,17.33
2014,274,0.47,0.47,0.38,95.77,1.59,209.0,0.35,58.81,11.11,18.58,31.09,14.87,16.98
2014,275,0.47,0.47,0.38,95.63,2.05,170.75,0.74,67.56,11.41,19.19,27.01,15.15,13.83
2014,276,0.48,0.48,0.52,95.3,1.67,249.12,12.92,87.25,12.15,16.29,20.6,16.23,6.94
2014,277,0.49,0.5,0.55,95.07,2.34,339.94,7.02,79.94,10.62,15.0,22.64,14.1,11.21
2014,278,0.49,0.5,0.51,95.11,1.95,263.06,1.86,74.31,9.83,14.76,23.03,12.94,12.18
2014,279,0.49,0.5,0.48,95.09,1.63,205.75,0.01,59.31,7.93,12.33,27.01,9.51,18.55
2014,280,0.49,0.49,0.46,95.1,3.54,213.5,0.0,45.62,7.57,16.21,30.09,8.89,17.96
2014,281,0.48,0.49,0.45,95.11,4.54,209.0,0.0,38.06,6.96,17.34,33.18,7.77,17.34
2014,282,0.48,0.48,0.45,95.03,3.29,211.69,0.0,37.75,7.08,18.72,33.15,7.78,17.35
2014,283,0.48,0.48,0.45,95.07,2.25,234.62,0.01,41.31,7.63,15.63,33.94,8.73,16.95
2014,284,0.48,0.48,0.45,95.08,1.24,215.81,0.01,48.19,9.16,19.51,32.62,11.68,16.37
2014,285,0.48,0.48,0.43,94.94,3.89,201.94,0.0,33.44,6.59,20.05,33.33,6.84,10.97
2014,286,0.48,0.48,0.42,94.94,1.73,179.12,0.19,57.56,9.22,17.19,30.48,11.43,10.83
2014,287,0.48,0.48,0.45,94.4,2.91,231.19,4.33,59.44,8.97,15.63,30.97,10.75,8.55
2014,288,0.48,0.48,0.48,94.84,2.98,311.06,1.05,74.75,9.22,14.28,20.79,11.87,10.0
2014,289,0.48,0.48,0.47,95.34,1.23,231.38,0.03,64.62,8.73,14.19,27.49,11.01,17.06
2014,290,0.48,0.48,0.45,95.57,2.7,216.19,0.0,55.94,8.61,14.54,29.51,10.94,16.31
2014,291,0.48,0.48,0.44,95.75,1.95,206.62,0.0,48.19,7.81,15.21,31.08,9.47,16.05
2014,292,0.48,0.48,0.42,95.79,1.41,119.06,0.0,45.31,7.51,16.62,31.06,8.9,16.01
2014,293,0.48,0.47,0.41,95.66,1.59,211.81,0.0,44.44,7.26,17.23,30.74,8.44,16.12
2014,294,0.48,0.47,0.39,95.51,2.09,298.56,0.0,54.44,7.57,14.8,27.69,8.73,15.66
2014,295,0.48,0.47,0.41,95.51,3.7,307.75,0.88,67.69,8.12,12.19,21.91,9.83,8.51
2014,296,0.48,0.47,0.41,95.39,4.79,324.88,0.21,71.44,8.3,12.5,18.78,10.37,10.54
2014,297,0.48,0.47,0.41,95.2,3.55,306.0,0.14,71.94,8.61,12.26,21.94,10.94,12.73
2014,298,0.47,0.47,0.4,95.44,2.11,298.56,0.0,76.0,8.91,11.33,23.05,11.25,15.66
2014,299,0.47,0.47,0.39,95.62,1.63,226.19,0.13,69.56,8.73,12.25,24.71,11.01,14.99
2014,300,0.47,0.47,0.38,95.43,1.48,216.31,0.13,68.56,8.3,13.18,23.6,10.32,15.02
2014,301,0.47,0.47,0.38,95.14,1.3,194.19,0.03,67.88,7.81,12.12,21.67,9.39,14.55
2014,302,0.47,0.47,0.38,95.22,1.64,175.69,0.0,67.94,7.51,11.28,23.17,8.89,14.89
2014,303,0.47,0.47,0.37,95.63,1.38,88.56,0.0,71.0,7.26,10.63,21.31,8.35,14.6
2014,304,0.47,0.47,0.36,95.7,1.51,99.88,0.0,74.62,7.2,9.45,21.78,8.15,14.29
2014,305,0.47,0.47,0.35,95.68,1.48,99.38,0.0,65.56,6.41,8.81,22.08,6.47,14.89
2014,306,0.47,0.47,0.34,95.5,1.3,231.94,0.01,50.69,5.25,8.56,23.37,3.68,14.24
2014,307,0.47,0.47,0.34,95.13,4.53,210.19,0.0,53.69,5.98,10.79,22.9,5.62,13.86
2014,308,0.47,0.47,0.33,94.23,5.59,199.81,0.11,44.88,5.43,11.76,22.95,4.14,12.24
2014,309,0.48,0.48,0.45,94.09,1.95,261.06,9.26,71.12,6.59,9.18,14.41,6.72,4.35
2014,310,0.48,0.49,0.55,94.48,3.02,306.31,9.87,83.69,6.65,7.02,12.45,6.98,4.46
2014,311,0.49,0.5,0.52,94.72,4.96,311.44,3.37,79.88,7.75,9.8,15.44,9.15,6.47
2014,312,0.49,0.5,0.51,94.97,2.1,274.5,1.7,79.62,8.79,11.19,19.4,11.21,9.27
2014,313,0.49,0.5,0.48,94.6,2.7,201.69,0.06,64.44,7.39,10.19,23.05,8.55,9.09
2014,314,0.49,0.5,0.51,94.63,1.41,78.56,4.92,82.69,8.42,11.8,16.33,10.38,5.77
2014,315,0.5,0.51,0.54,94.36,1.54,230.25,4.16,85.5,8.42,10.96,16.55,10.49,8.1
2014,316,0.5,0.51,0.49,94.64,3.05,271.62,0.01,78.06,7.32,8.86,17.8,8.25,6.82
2014,317,0.5,0.51,0.48,95.1,1.95,252.56,0.02,75.5,7.45,8.43,20.7,8.67,12.93
2014,318,0.5,0.5,0.48,94.79,2.67,219.38,0.0,61.38,7.02,10.37,24.94,7.83,12.1
2014,319,0.5,0.5,0.48,94.76,2.36,257.5,0.03,69.44,7.57,10.47,21.14,8.83,7.96
2014,320,0.5,0.5,0.48,94.94,1.81,253.94,0.0,73.19,6.47,7.93,16.66,6.44,8.55
2014,321,0.5,0.5,0.48,94.67,2.48,253.5,0.0,70.88,6.84,7.22,21.53,7.34,11.19
2014,322,0.5,0.5,0.48,94.87,1.47,230.88,0.0,76.75,7.69,9.61,20.87,9.15,11.63
2014,323,0.5,0.5,0.48,95.24,1.68,223.44,0.0,58.75,6.23,8.83,25.06,6.15,12.3
2014,324,0.49,0.49,0.48,95.49,2.34,212.12,0.0,49.12,5.62,10.55,26.25,4.73,12.04
2014,325,0.49,0.49,0.47,95.5,2.58,232.69,0.0,43.38,5.49,12.29,27.17,4.24,11.74
2014,326,0.49,0.49,0.47,95.53,2.41,212.5,0.0,42.19,5.37,12.65,28.41,3.99,11.53
2014,327,0.49,0.49,0.47,95.55,3.25,191.5,0.04,42.5,5.43,14.29,25.02,4.14,7.64
2014,328,0.49,0.48,0.47,95.44,1.95,142.62,0.19,55.44,6.77,12.7,24.2,7.15,4.21
2014,329,0.49,0.48,0.48,95.27,1.38,196.69,0.88,66.19,7.51,11.87,21.62,8.8,7.29
2014,330,0.49,0.48,0.48,94.91,1.3,177.94,0.33,70.69,7.57,10.54,21.58,8.83,8.34
2014,331,0.49,0.48,0.47,94.28,2.7,180.19,0.0,62.25,6.47,9.14,22.69,6.48,11.14
2014,332,0.48,0.48,0.47,93.71,5.23,186.56,0.54,55.06,5.8,8.79,20.32,4.97,8.36
2014,333,0.48,0.48,0.47,93.64,6.73,190.94,0.18,54.88,6.84,13.12,21.95,7.12,7.64
2014,334,0.48,0.48,0.46,93.62,6.91,199.62,0.11,50.19,5.98,10.58,19.03,5.31,7.67
2014,335,0.48,0.48,0.47,93.69,5.03,224.5,0.31,62.31,5.74,7.84,17.31,4.83,9.2
2014,336,0.48,0.48,0.5,93.79,2.59,255.56,6.09,86.12,7.51,8.29,15.1,8.69,4.98
2014,337,0.5,0.51,0.59,94.42,2.55,242.0,10.64,87.69,7.93,8.41,14.37,9.65,5.69
2014,338,0.51,0.52,0.51,94.7,2.7,221.0,1.97,77.75,6.35,6.62,17.26,6.32,7.57
2014,339,0.51,0.51,0.5,95.21,2.54,272.38,0.11,80.88,6.16,6.16,14.92,6.05,9.54
2014,340,0.51,0.51,0.49,95.37,2.3,278.06,0.35,79.94,5.68,5.5,12.64,4.83,8.78
2014,341,0.51,0.52,0.56,95.21,4.43,291.44,13.17,89.0,5.74,3.85,8.5,4.9,5.1
2014,342,0.52,0.54,0.59,95.56,4.35,308.94,6.64,82.25,6.04,6.91,12.35,5.85,5.27
2014,343,0.54,0.56,0.64,94.84,4.43,302.69,20.89,89.19,5.49,3.86,8.62,4.23,1.84
2014,344,0.56,0.59,0.68,95.48,4.88,300.12,19.06,86.94,6.23,5.31,10.85,6.23,3.2
2014,345,0.57,0.59,0.62,95.85,3.96,318.81,2.5,87.25,6.71,6.92,12.78,7.3,4.99
2014,346,0.57,0.59,0.6,95.75,1.77,232.56,0.22,77.38,6.04,5.91,17.12,5.76,11.21
2014,347,0.57,0.59,0.58,95.37,3.72,207.12,0.0,64.81,4.58,4.91,16.63,1.7,8.45
2014,348,0.57,0.58,0.57,95.13,3.68,205.38,0.26,69.88,4.76,4.3,14.51,2.32,5.28
2014,349,0.57,0.58,0.57,94.92,1.68,247.31,0.16,73.56,5.0,2.62,15.12,3.04,9.53
2014,350,0.57,0.58,0.6,94.73,3.27,252.25,12.0,84.06,5.74,3.33,11.76,4.84,6.42
2014,351,0.59,0.6,0.66,95.31,3.66,311.81,6.32,87.5,6.65,7.52,11.34,7.12,4.93
2014,352,0.59,0.61,0.69,95.63,3.98,312.94,13.21,93.88,7.63,8.12,11.71,9.22,2.65
2014,353,0.6,0.62,0.68,96.11,1.79,319.75,4.73,96.5,7.93,8.13,13.15,9.87,4.26
2014,354,0.6,0.62,0.65,96.29,2.05,281.69,0.22,88.94,7.02,5.9,16.15,8.02,10.32
2014,355,0.6,0.62,0.64,96.4,1.24,98.31,0.83,88.94,7.08,6.26,14.69,8.26,6.25
2014,356,0.6,0.61,0.63,96.46,1.48,179.0,0.21,77.44,5.25,3.27,16.11,3.88,10.17
2014,357,0.6,0.61,0.63,96.35,1.64,227.75,0.01,74.38,5.07,2.77,16.01,3.29,11.08
2014,358,0.6,0.61,0.62,96.14,1.45,208.56,0.0,71.12,4.64,1.71,15.8,2.02,11.14
2014,359,0.6,0.61,0.62,96.09,1.57,303.25,0.28,78.06,5.25,4.21,13.18,3.73,5.62
2014,360,0.6,0.61,0.63,96.02,3.53,324.81,1.41,84.81,6.04,5.94,11.39,5.83,5.11
2014,361,0.6,0.61,0.62,95.48,2.5,289.88,0.26,80.31,5.62,5.77,12.87,4.71,7.35
2014,362,0.61,0.62,0.69,94.57,4.49,292.75,15.6,85.56,5.8,4.4,12.83,4.99,5.26
2014,363,0.62,0.64,0.72,95.22,2.11,198.81,9.36,88.81,4.88,2.58,6.12,2.69,5.05
2014,364,0.62,0.64,0.7,95.85,3.29,193.25,4.91,82.38,4.27,0.66,6.27,0.82,4.87
2014,365,0.63,0.66,0.74,95.69,5.24,281.81,23.69,85.5,4.82,0.14,7.78,2.45,1.94
2015,1,0.65,0.67,0.73,96.33,2.63,157.69,2.36,84.25,4.21,-0.92,6.5,0.76,6.81
2015,2,0.66,0.67,0.74,96.7,2.63,329.88,3.99,94.25,5.98,3.98,8.11,5.75,2.92
2015,3,0.66,0.67,0.71,96.86,1.63,286.38,0.03,85.62,5.8,4.2,14.15,5.41,11.04
2015,4,0.66,0.67,0.7,96.44,2.49,290.38,0.11,76.94,5.62,4.01,15.81,4.45,11.53
2015,5,0.66,0.66,0.7,96.23,1.51,199.12,0.43,86.19,6.29,3.9,13.89,6.43,10.04
2015,6,0.66,0.66,0.7,95.99,2.05,243.38,0.0,77.62,5.07,2.02,15.33,3.22,11.38
2015,7,0.66,0.66,0.7,96.24,1.28,205.38,0.0,80.94,5.43,2.76,14.99,4.2,9.2
2015,8,0.66,0.66,0.7,96.82,1.18,257.38,0.0,84.0,5.8,3.4,14.55,5.2,11.11
2015,9,0.65,0.66,0.7,97.27,1.01,301.19,0.0,84.0,5.86,3.83,14.01,5.65,10.54
2015,10,0.65,0.66,0.69,96.69,1.7,270.62,0.0,68.12,4.82,3.55,17.24,2.36,11.81
2015,11,0.65,0.66,0.69,96.15,2.27,285.69,0.34,63.62,4.76,4.9,17.72,1.71,11.89
2015,12,0.65,0.66,0.7,96.57,1.24,173.81,0.38,75.81,5.43,3.37,14.65,4.23,11.81
2015,13,0.65,0.65,0.69,96.12,3.34,216.19,0.01,63.94,4.58,2.85,17.3,1.71,10.45
2015,14,0.65,0.65,0.68,95.98,1.82,269.56,0.01,76.25,6.29,6.31,17.79,6.22,10.91
2015,15,0.64,0.65,0.69,95.62,2.34,214.0,1.84,74.06,6.53,5.96,21.13,6.9,11.32
2015,16,0.64,0.65,0.69,95.14,3.48,212.88,0.36,74.19,5.92,5.71,17.22,5.27,11.91
2015,17,0.65,0.66,0.73,95.32,1.64,309.19,14.65,88.19,5.49,3.12,9.98,4.25,2.58
2015,18,0.66,0.67,0.74,95.07,1.45,289.44,7.6,91.31,4.88,1.23,6.92,2.64,5.58
2015,19,0.66,0.67,0.72,94.23,3.23,195.81,0.07,75.75,4.03,0.31,9.73,-0.1,10.51
2015,20,0.66,0.67,0.72,94.19,2.27,256.38,1.15,83.38,5.07,1.98,9.76,2.9,7.27
2015,21,0.66,0.67,0.71,94.38,2.38,228.94,0.69,79.62,4.64,0.46,11.91,1.83,10.99
2015,22,0.66,0.67,0.73,94.06,2.68,250.88,9.42,88.12,4.82,0.52,8.58,2.38,6.76
2015,23,0.69,0.71,0.81,94.64,4.54,307.38,25.65,91.88,5.31,4.1,6.9,3.81,4.95
2015,24,0.7,0.72,0.77,95.11,5.27,311.25,4.23,82.38,4.94,4.31,7.48,2.85,4.71
2015,25,0.71,0.73,0.83,94.75,4.62,305.19,32.31,92.69,5.43,3.77,6.87,4.08,4.13
2015,26,0.74,0.78,0.87,95.25,4.41,327.56,25.66,96.0,5.31,3.52,5.66,3.87,3.4
2015,27,0.75,0.79,0.82,95.51,3.15,303.75,3.85,94.0,5.43,3.64,6.78,4.27,4.18
2015,28,0.76,0.78,0.81,95.24,4.23,314.19,3.83,88.56,5.62,5.34,8.53,4.76,4.52
2015,29,0.76,0.78,0.8,94.69,2.67,273.88,0.77,84.06,5.68,4.99,12.79,4.83,10.53
2015,30,0.76,0.77,0.79,93.48,5.8,262.69,0.76,80.81,7.08,5.55,15.8,7.7,6.72
2015,31,0.76,0.77,0.81,92.99,6.17,270.31,8.92,82.69,7.51,6.75,14.96,8.49,5.59
2015,32,0.77,0.78,0.82,93.96,5.43,287.94,8.04,79.12,4.94,4.62,8.45,2.73,5.9
2015,33,0.77,0.78,0.8,94.53,3.47,269.56,3.15,78.62,4.58,2.93,8.95,1.72,7.45
2015,34,0.77,0.78,0.8,93.95,4.21,241.0,0.97,82.38,5.0,1.55,12.02,2.82,10.14
2015,35,0.77,0.78,0.8,93.46,4.88,231.69,3.43,81.06,5.25,2.14,13.02,3.37,9.55
2015,36,0.77,0.78,0.8,93.77,3.88,263.5,6.37,81.38,3.97,0.08,5.57,-0.61,11.5
2015,37,0.77,0.78,0.8,94.41,3.67,264.69,0.31,77.38,3.72,-0.54,6.68,-1.13,8.28
2015,38,0.77,0.78,0.8,95.05,1.66,280.88,0.2,77.31,3.72,-1.52,7.21,-1.11,11.39
2015,39,0.77,0.78,0.8,95.2,2.63,296.25,1.17,86.31,4.52,-0.64,8.75,1.49,9.76
2015,40,0.77,0.78,0.8,95.44,2.93,170.12,2.45,87.69,4.82,-1.39,9.4,2.44,6.92
2015,41,0.77,0.78,0.8,95.77,1.33,150.75,0.0,69.31,3.6,-2.52,14.7,-1.68,15.99
2015,42,0.77,0.78,0.8,95.5,1.78,227.44,0.0,63.38,4.09,0.26,15.83,0.14,11.48
2015,43,0.77,0.77,0.8,95.22,1.3,145.38,0.14,69.62,5.13,2.42,17.66,3.23,11.78
2015,44,0.77,0.77,0.8,95.3,1.51,304.44,6.36,85.81,6.41,5.76,13.57,6.55,13.46
2015,45,0.77,0.79,0.82,95.19,2.33,286.31,4.12,81.5,5.8,6.01,12.23,5.05,11.99
2015,46,0.77,0.79,0.81,94.67,1.72,261.06,3.46,86.12,6.29,4.66,13.87,6.19,7.99
2015,47,0.78,0.8,0.83,94.66,3.38,305.88,8.17,90.06,6.04,4.74,9.23,5.6,10.19
2015,48,0.79,0.8,0.84,94.94,3.03,264.19,12.31,89.75,6.1,5.8,9.55,5.87,9.02
2015,49,0.8,0.82,0.85,95.49,3.27,79.88,12.82,90.19,6.53,5.7,11.71,6.84,6.17
2015,50,0.8,0.82,0.83,95.81,2.16,118.75,0.43,84.31,5.8,4.31,14.15,5.23,10.15
2015,51,0.8,0.81,0.84,95.28,2.18,154.0,5.39,88.38,5.68,3.09,10.9,4.83,7.8
2015,52,0.8,0.82,0.84,94.02,2.08,264.56,9.08,87.19,5.86,2.88,12.19,5.08,9.81
2015,53,0.82,0.84,0.88,93.76,5.01,312.81,16.59,90.25,5.07,2.93,5.26,2.9,6.52
2015,54,0.82,0.84,0.84,94.7,3.98,295.38,0.81,80.94,5.49,4.18,12.37,4.23,14.81
2015,55,0.82,0.84,0.84,94.84,6.7,293.19,2.86,79.38,5.43,5.44,9.79,4.05,10.66
2015,56,0.83,0.84,0.85,94.76,6.81,316.94,7.64,78.81,4.82,5.08,7.09,2.5,5.57
2015,57,0.83,0.84,0.85,94.78,4.66,327.25,5.88,84.31,5.49,4.8,9.97,4.4,8.57
2015,58,0.84,0.85,0.88,94.81,3.26,301.31,19.1,91.75,6.29,5.51,11.44,6.23,5.96
2015,59,0.85,0.88,0.89,95.3,3.57,322.75,15.64,87.56,5.31,3.69,8.76,3.84,9.88
2015,60,0.85,0.88,0.86,95.7,1.95,284.12,0.02,85.81,5.55,1.95,12.19,4.53,11.89
2015,61,0.85,0.87,0.86,95.86,1.74,255.19,0.0,76.19,6.65,3.92,19.62,7.12,18.17
2015,62,0.85,0.86,0.85,95.92,1.55,218.5,0.0,68.5,7.08,6.69,23.25,8.01,18.8
2015,63,0.84,0.86,0.85,95.61,3.79,268.75,6.08,72.94,7.51,7.05,22.15,8.8,18.04
2015,64,0.85,0.87,0.87,95.61,6.05,319.69,8.27,80.38,4.82,4.37,7.82,2.58,9.51
2015,65,0.85,0.88,0.88,95.94,4.69,330.69,5.77,75.5,4.64,4.15,9.96,2.05,10.69
2015,66,0.85,0.87,0.86,95.96,3.57,336.38,1.13,80.81,5.25,4.22,11.49,3.9,17.09
2015,67,0.85,0.87,0.86,95.43,2.51,192.38,2.97,79.31,4.82,3.62,9.11,2.56,12.7
2015,68,0.85,0.87,0.86,95.63,2.05,322.44,4.2,83.38,5.19,3.02,10.65,3.65,10.46
2015,69,0.86,0.88,0.87,95.89,1.69,332.25,3.7,84.69,5.68,4.56,13.0,4.99,11.98
2015,70,0.85,0.87,0.85,95.86,1.73,270.44,0.04,65.69,4.76,2.33,16.93,2.44,20.87
2015,71,0.85,0.86,0.85,95.42,2.23,284.88,0.0,64.75,5.31,5.35,18.31,3.72,20.12
2015,72,0.84,0.86,0.85,95.33,1.84,235.56,0.01,81.94,6.47,5.28,16.89,6.58,20.55
2015,73,0.84,0.85,0.85,95.06,1.81,242.06,1.31,76.5,6.53,4.66,18.62,6.8,15.49
2015,74,0.84,0.85,0.85,95.06,1.56,163.81,1.37,86.19,5.86,5.05,10.44,5.37,5.82
2015,75,0.84,0.85,0.84,95.05,1.38,158.69,0.09,77.31,5.86,5.9,15.94,5.2,17.83
2015,76,0.84,0.85,0.85,95.32,1.62,204.44,1.59,79.5,5.8,4.68,14.95,5.18,20.09
2015,77,0.84,0.85,0.84,95.0,1.41,142.62,0.0,65.31,5.86,3.62,22.69,4.98,21.31
2015,78,0.84,0.84,0.84,94.7,2.07,156.12,0.0,59.62,6.35,6.77,25.84,6.13,20.38
2015,79,0.83,0.84,0.84,94.33,4.02,162.44,0.0,60.81,6.59,8.8,22.8,6.65,10.75
2015,80,0.82,0.84,0.83,94.24,1.88,202.06,0.02,65.88,6.29,6.26,21.5,6.07,16.49
2015,81,0.82,0.84,0.84,94.34,2.74,262.56,4.65,83.38,6.77,6.28,13.77,7.2,13.26
2015,82,0.82,0.83,0.83,94.33,2.2,186.25,0.05,63.25,6.1,5.55,21.93,5.6,20.98
2015,83,0.84,0.85,0.88,93.49,2.41,237.56,34.71,82.25,7.2,8.45,16.76,7.93,3.18
2015,84,0.84,0.87,0.86,93.46,2.88,279.0,4.26,78.62,5.98,5.15,12.58,5.19,18.08
2015,85,0.86,0.89,0.91,94.45,4.28,326.38,27.91,90.44,6.23,6.23,9.11,6.05,7.13
2015,86,0.87,0.89,0.87,95.25,5.02,314.5,0.13,85.88,6.47,5.36,12.69,6.64,12.15
2015,87,0.87,0.88,0.86,95.51,5.63,319.94,0.22,86.81,7.26,7.9,14.13,8.5,21.17
2015,88,0.86,0.88,0.86,95.63,2.66,281.5,0.06,78.81,6.96,7.27,17.33,7.83,21.99
2015,89,0.86,0.87,0.85,95.64,2.83,288.19,0.0,70.69,6.65,6.96,20.8,7.12,18.02
2015,90,0.85,0.86,0.85,95.8,1.2,213.31,0.0,66.81,7.39,8.75,23.5,8.61,23.36
2015,91,0.85,0.86,0.85,95.86,2.13,243.12,0.0,80.5,7.26,5.87,18.18,8.5,22.76
2015,92,0.84,0.85,0.84,95.82,2.14,314.75,0.0,79.25,6.04,4.99,15.88,5.9,23.6
2015,93,0.84,0.85,0.84,95.38,1.53,188.0,0.0,70.06,6.04,6.52,19.55,5.7,25.01
2015,94,0.84,0.84,0.84,94.67,1.83,177.62,0.0,71.25,6.77,8.37,20.04,7.3,19.47
2015,95,0.84,0.84,0.84,94.57,1.7,154.56,0.0,77.06,6.59,7.33,18.9,6.95,25.48
2015,96,0.83,0.84,0.84,95.1,2.15,112.06,0.0,78.88,6.47,6.44,15.83,6.76,20.95
2015,97,0.83,0.84,0.84,95.66,2.74,86.62,0.0,74.44,5.13,1.76,14.82,3.33,18.68
2015,98,0.82,0.83,0.83,96.09,2.06,109.5,0.0,66.38,4.15,0.03,16.8,0.3,26.42
2015,99,0.82,0.83,0.83,95.9,1.63,119.5,0.0,61.69,4.82,2.44,20.07,2.51,26.24
2015,100,0.81,0.82,0.82,95.85,2.68,224.81,0.0,54.56,5.25,5.44,22.2,3.58,25.11
2015,101,0.8,0.81,0.82,95.72,2.09,145.62,0.0,57.06,5.98,6.71,23.85,5.25,24.19
2015,102,0.8,0.8,0.81,95.87,1.75,127.25,0.0,63.5,6.77,9.9,21.71,7.31,24.56
2015,103,0.8,0.8,0.81,96.08,1.58,108.19,0.0,65.69,6.9,9.34,21.79,7.65,25.48
2015,104,0.8,0.8,0.8,95.92,1.53,132.38,0.0,61.88,6.71,8.89,23.65,7.26,26.42
2015,105,0.79,0.79,0.8,95.49,1.67,238.06,0.0,51.75,6.77,9.4,27.56,7.29,25.64
2015,106,0.78,0.78,0.79,95.23,2.13,208.06,0.0,54.19,7.14,11.59,27.19,8.01,16.15
2015,107,0.77,0.78,0.79,95.28,1.65,226.38,0.0,68.56,7.81,11.37,22.9,9.28,22.19
2015,108,0.77,0.77,0.78,94.83,1.37,233.56,0.0,72.12,9.34,10.81,28.38,12.0,22.65
2015,109,0.77,0.77,0.78,95.03,2.18,244.12,0.0,75.44,8.54,10.65,22.15,10.76,22.73
2015,110,0.77,0.77,0.78,95.37,1.88,160.94,0.08,77.31,8.12,9.37,20.46,10.13,19.88
2015,111,0.76,0.76,0.77,95.59,1.94,98.69,0.0,75.31,7.75,8.73,22.48,9.38,24.12
2015,112,0.76,0.76,0.77,95.49,1.74,217.62,0.0,67.88,8.97,11.98,23.12,11.6,14.18
2015,113,0.75,0.75,0.77,95.19,2.03,197.94,0.0,65.25,9.22,13.45,26.3,11.89,21.95
2015,114,0.74,0.74,0.77,95.1,1.74,51.94,0.0,74.5,9.28,12.82,22.3,12.08,24.69
2015,115,0.74,0.74,0.76,94.99,1.94,222.0,0.0,73.94,9.58,12.66,24.4,12.52,23.13
2015,116,0.73,0.73,0.76,94.66,1.77,202.69,1.67,77.25,10.13,13.74,26.5,13.3,18.67
2015,117,0.73,0.74,0.77,94.65,3.54,273.81,5.59,72.5,7.87,9.03,19.37,9.44,23.48
2015,118,0.73,0.73,0.76,95.23,2.8,250.31,0.1,74.06,7.39,7.72,19.35,8.53,24.16
2015,119,0.73,0.73,0.75,95.35,1.76,199.12,0.63,73.38,8.18,7.79,23.45,10.21,23.38
2015,120,0.73,0.73,0.75,95.55,1.4,114.62,0.05,67.0,7.32,10.46,22.33,8.62,27.07
2015,121,0.72,0.72,0.73,95.27,2.1,243.38,0.0,60.31,8.36,9.83,27.81,10.33,27.85
2015,122,0.71,0.71,0.73,95.1,1.88,216.44,0.0,57.06,9.28,14.51,29.43,11.92,26.98
2015,123,0.7,0.7,0.71,94.9,2.43,214.12,0.0,47.56,9.09,16.39,33.72,11.55,27.53
2015,124,0.7,0.69,0.69,94.77,3.68,201.69,0.0,39.44,8.0,17.44,35.48,9.53,26.9
2015,125,0.69,0.68,0.67,94.82,2.23,225.75,0.0,40.19,8.42,18.26,36.51,10.25,26.55
2015,126,0.68,0.67,0.68,95.11,2.21,273.12,0.0,62.94,9.4,14.39,28.72,12.12,21.91
2015,127,0.68,0.67,0.67,95.3,1.75,143.31,0.0,67.94,9.7,13.23,27.98,12.78,27.82
2015,128,0.67,0.66,0.67,95.29,3.27,268.56,0.0,69.25,9.7,12.67,25.57,12.69,26.51
2015,129,0.67,0.66,0.66,95.79,2.21,289.5,0.0,69.0,8.42,10.8,23.92,10.65,28.79
2015,130,0.66,0.66,0.66,95.94,1.4,125.0,0.0,59.31,7.32,11.13,26.38,8.62,28.58
2015,131,0.66,0.65,0.65,95.7,1.69,178.69,0.0,48.75,7.02,11.95,31.02,7.73,29.4
2015,132,0.66,0.65,0.64,95.65,1.79,137.81,0.0,48.12,7.39,14.73,30.98,8.54,29.32
2015,133,0.65,0.64,0.64,95.8,1.69,172.56,0.0,48.62,7.45,13.65,29.29,8.8,29.51
2015,134,0.64,0.63,0.63,95.27,1.99,194.25,0.0,40.06,7.2,14.6,34.6,7.99,25.93
2015,135,0.64,0.62,0.62,94.92,4.52,196.62,0.05,54.88,7.87,12.26,27.82,9.47,21.54
2015,136,0.63,0.62,0.64,95.37,3.79,281.38,2.43,78.44,7.63,10.96,16.09,9.19,14.16
2015,137,0.64,0.64,0.69,95.35,5.39,321.69,9.26,88.0,9.09,11.37,15.8,11.86,6.85
2015,138,0.64,0.64,0.65,95.08,2.18,226.56,0.08,68.0,8.85,11.82,25.98,11.33,28.64
2015,139,0.63,0.63,0.63,94.54,2.92,232.44,0.35,50.06,8.42,14.33,29.4,10.17,24.13
2015,140,0.63,0.63,0.66,94.92,3.37,71.69,5.4,84.12,10.31,12.18,22.44,13.65,17.23
2015,141,0.64,0.64,0.67,95.51,2.79,59.19,3.95,78.69,7.14,7.44,16.11,8.14,7.7
2015,142,0.64,0.64,0.65,95.52,2.4,290.06,0.04,67.81,6.23,6.93,18.08,6.28,21.22
2015,143,0.63,0.63,0.64,95.13,1.7,142.06,0.04,61.75,6.53,9.55,22.15,6.89,28.58
2015,144,0.63,0.63,0.63,95.0,2.3,73.19,0.02,66.81,7.32,9.71,22.4,8.5,22.27
2015,145,0.63,0.62,0.63,94.84,2.78,52.56,0.5,70.19,7.93,9.67,22.94,9.72,16.47
2015,146,0.63,0.62,0.65,95.07,2.67,333.19,3.68,79.69,8.67,11.26,19.19,11.05,15.62
2015,147,0.62,0.62,0.63,95.34,2.69,316.25,0.22,72.69,7.87,9.83,20.8,9.58,25.73
2015,148,0.62,0.62,0.62,95.35,1.68,103.69,0.0,59.5,6.84,9.48,25.98,7.44,29.81
2015,149,0.62,0.62,0.62,94.92,2.54,218.31,2.8,57.75,8.79,12.18,30.62,11.12,24.48
2015,150,0.62,0.62,0.62,95.11,2.21,204.62,1.04,75.25,10.68,14.64,24.77,14.22,22.6
2015,151,0.62,0.62,0.62,95.26,1.56,75.88,1.19,68.19,9.52,13.9,27.62,12.47,27.85
2015,152,0.62,0.61,0.61,95.23,1.8,77.25,0.43,60.62,8.54,13.09,28.31,10.79,27.93
2015,153,0.61,0.6,0.6,95.45,2.2,97.0,0.0,55.94,7.75,12.76,27.94,9.37,28.64
2015,154,0.61,0.6,0.59,95.49,1.92,97.75,0.0,56.0,8.06,12.92,29.12,9.8,28.88
2015,155,0.6,0.59,0.59,95.41,2.19,105.62,0.0,50.81,7.69,14.47,29.85,9.09,29.47
2015,156,0.6,0.59,0.58,95.37,1.9,124.75,0.03,51.81,8.06,14.65,29.87,9.85,29.1
2015,157,0.59,0.59,0.58,95.47,1.98,91.88,0.0,50.5,7.87,15.25,29.48,9.54,29.52
2015,158,0.59,0.58,0.58,95.39,1.77,87.88,0.04,54.44,8.91,14.55,31.11,11.39,27.51
2015,159,0.59,0.58,0.59,95.14,1.62,183.44,3.82,60.69,10.93,17.24,29.19,14.47,24.81
2015,160,0.59,0.59,0.6,94.9,1.8,167.75,4.83,62.19,11.17,17.44,30.66,14.8,26.13
2015,161,0.59,0.59,0.58,94.81,2.3,190.06,0.02,52.0,10.62,18.43,34.01,13.93,25.81
2015,162,0.59,0.58,0.56,94.61,3.62,186.5,0.0,46.5,9.89,20.47,33.98,12.8,19.34
2015,163,0.58,0.57,0.57,94.61,2.41,282.06,0.76,68.88,11.66,17.02,29.33,15.3,18.29
2015,164,0.58,0.57,0.57,94.73,2.25,310.56,0.31,73.06,10.86,15.62,26.36,14.38,20.26
2015,165,0.58,0.57,0.56,94.94,1.96,239.44,0.12,58.5,9.4,15.39,32.07,12.18,25.77
2015,166,0.57,0.56,0.56,95.15,2.62,67.62,0.67,69.44,10.8,16.18,28.76,14.44,26.09
2015,167,0.57,0.56,0.56,95.34,2.05,202.81,0.91,71.56,10.56,15.44,26.3,14.06,20.5
2015,168,0.57,0.56,0.55,95.45,2.59,335.44,0.18,71.38,9.77,13.77,24.94,12.85,26.5
2015,169,0.57,0.56,0.55,95.43,2.15,247.38,0.03,65.94,9.4,14.76,26.23,12.35,24.2
2015,170,0.56,0.55,0.54,95.27,2.08,194.94,0.02,60.81,8.79,13.76,27.17,11.17,28.7
2015,171,0.56,0.55,0.54,95.33,2.06,241.81,0.21,62.88,9.4,15.12,27.9,12.26,29.72
2015,172,0.56,0.55,0.53,95.47,1.84,230.38,0.0,56.81,8.54,14.44,28.57,10.73,30.12
2015,173,0.55,0.55,0.52,95.24,1.66,212.06,0.0,40.5,7.26,14.74,33.42,8.12,29.4
2015,174,0.55,0.54,0.5,94.92,2.95,232.19,0.75,50.0,9.64,18.54,34.48,12.41,24.87
2015,175,0.55,0.54,0.49,95.11,2.32,62.38,0.07,58.44,9.89,16.5,31.37,12.93,26.55
2015,176,0.55,0.54,0.48,95.44,2.34,46.19,0.0,62.12,10.01,15.72,29.9,13.15,28.37
2015,177,0.55,0.54,0.48,95.62,2.24,242.44,0.0,63.12,9.77,15.73,28.47,12.86,29.55
2015,178,0.55,0.53,0.47,95.56,1.81,171.06,0.0,43.0,7.14,15.33,31.49,8.01,29.92
2015,179,0.54,0.53,0.45,95.45,1.79,144.19,0.0,35.19,7.32,18.59,34.77,8.47,29.03
2015,180,0.54,0.53,0.44,95.5,2.12,245.62,0.0,38.62,7.63,18.79,32.97,8.89,29.95
2015,181,0.54,0.52,0.43,95.33,1.91,176.56,0.0,42.25,7.93,16.76,35.39,9.36,29.77
2015,182,0.53,0.52,0.42,95.23,1.63,186.38,0.0,38.25,8.18,18.44,37.55,9.83,29.37
2015,183,0.53,0.52,0.41,95.35,1.87,160.94,0.0,39.56,8.85,20.47,37.9,11.05,28.95
2015,184,0.53,0.52,0.4,95.56,2.3,92.06,0.0,42.25,8.91,19.91,36.66,11.25,29.25
2015,185,0.53,0.52,0.39,95.56,2.43,106.0,0.0,40.69,8.61,19.33,35.7,10.93,28.41
2015,186,0.52,0.52,0.38,95.44,2.45,103.94,0.0,42.38,8.97,19.58,35.07,11.55,28.28
2015,187,0.52,0.51,0.38,95.44,2.28,100.12,0.0,41.19,8.91,19.77,35.19,11.37,28.15
2015,188,0.52,0.51,0.38,95.22,1.86,101.88,0.0,38.69,8.42,19.98,35.96,10.4,28.42
2015,189,0.52,0.51,0.37,95.04,1.94,99.88,0.01,38.69,8.61,19.83,36.87,10.66,27.81
2015,190,0.52,0.51,0.37,95.19,2.23,254.12,0.11,54.81,10.8,19.12,32.23,14.3,28.38
2015,191,0.52,0.51,0.37,95.3,1.95,274.0,0.0,52.25,9.03,17.24,31.53,11.42,29.27
2015,192,0.52,0.5,0.36,95.41,2.08,110.75,0.0,52.88,9.83,17.41,32.26,12.79,28.8
2015,193,0.52,0.5,0.36,95.4,1.98,80.88,0.0,50.88,9.89,17.74,34.65,12.8,28.71
2015,194,0.51,0.5,0.35,95.4,1.96,144.5,0.0,48.69,9.83,19.3,34.51,12.84,28.33
2015,195,0.51,0.5,0.35,95.36,1.98,173.5,0.0,47.75,9.52,20.08,32.75,12.45,28.01
2015,196,0.51,0.5,0.34,95.21,1.86,217.25,0.0,45.62,8.91,19.34,33.45,11.2,28.07
2015,197,0.51,0.5,0.34,95.09,1.98,197.94,0.0,46.31,10.07,18.44,35.98,13.2,27.28
2015,198,0.51,0.49,0.33,95.23,1.98,193.75,0.0,47.31,10.99,20.87,36.76,14.53,27.48
2015,199,0.51,0.49,0.32,95.18,2.06,191.44,0.0,46.19,10.68,20.94,36.81,14.0,27.29
2015,200,0.5,0.49,0.32,95.11,2.51,212.94,0.0,43.56,10.07,21.46,36.3,13.19,27.3
2015,201,0.5,0.49,0.31,95.06,2.08,75.56,0.01,43.38,10.01,21.78,35.79,13.08,27.33
2015,202,0.5,0.49,0.31,95.08,2.04,68.69,0.15,46.44,10.56,21.37,35.64,13.98,25.39
2015,203,0.5,0.49,0.31,95.07,1.9,145.94,0.15,45.81,10.68,21.5,36.55,14.09,24.06
2015,204,0.5,0.49,0.33,94.96,1.97,68.56,1.51,50.0,10.99,21.26,33.4,14.48,25.02
2015,205,0.5,0.49,0.34,94.82,1.84,205.88,0.03,48.62,10.38,19.64,34.7,13.55,27.96
2015,206,0.5,0.48,0.33,94.92,1.97,192.62,0.0,40.88,9.34,20.48,36.59,11.98,27.61
2015,207,0.49,0.48,0.32,95.06,2.02,123.56,0.0,54.75,12.21,20.64,35.86,16.15,27.52
2015,208,0.49,0.48,0.31,94.91,1.9,190.06,0.0,43.56,9.95,20.59,37.62,12.76,28.08
2015,209,0.49,0.48,0.3,94.93,2.15,83.69,0.0,40.5,9.83,21.79,37.47,12.62,27.21
2015,210,0.49,0.48,0.3,94.84,1.81,97.94,0.0,35.94,9.16,21.92,41.02,11.45,27.11
2015,211,0.49,0.48,0.3,94.67,2.75,219.12,0.25,33.81,9.77,24.65,40.9,12.39,17.06
2015,212,0.49,0.48,0.36,94.67,1.91,230.12,5.16,45.56,11.72,24.3,39.72,15.01,23.63
2015,213,0.49,0.48,0.42,94.82,2.0,177.19,0.25,36.75,10.25,24.9,36.44,12.96,17.28
2015,214,0.49,0.48,0.39,95.08,2.16,209.62,0.2,49.69,12.08,22.44,38.38,15.46,23.64
2015,215,0.49,0.48,0.38,95.22,2.05,134.12,0.29,51.44,11.84,20.47,35.74,15.55,25.84
2015,216,0.49,0.48,0.36,95.09,2.0,79.25,0.0,37.62,7.87,18.97,37.6,8.99,26.83
2015,217,0.48,0.48,0.34,95.06,2.12,180.31,0.0,36.81,9.46,22.62,38.33,12.24,26.28
2015,218,0.48,0.48,0.33,95.06,2.21,87.88,0.0,35.06,8.61,22.9,37.48,10.73,27.01
2015,219,0.48,0.48,0.32,95.08,2.14,87.56,0.0,38.19,9.03,22.04,37.18,11.51,26.62
2015,220,0.48,0.48,0.31,95.18,2.05,87.44,0.01,39.88,9.46,22.44,36.68,12.16,26.42
2015,221,0.48,0.48,0.31,95.31,1.49,184.06,0.2,57.06,12.21,21.45,33.19,16.0,20.84
2015,222,0.48,0.48,0.34,95.15,2.12,244.56,1.49,67.06,13.85,20.9,31.51,18.24,22.5
2015,223,0.48,0.48,0.34,95.12,2.36,254.62,0.02,59.81,11.41,19.3,32.05,15.08,26.71
2015,224,0.48,0.48,0.33,95.3,2.22,219.44,0.0,49.19,10.01,19.87,33.25,13.11,26.04
2015,225,0.48,0.48,0.32,95.17,1.91,284.31,0.01,44.62,9.77,19.8,34.98,12.68,24.9
2015,226,0.48,0.48,0.34,95.04,2.1,277.81,1.26,56.44,11.17,20.42,32.3,14.58,13.94
2015,227,0.48,0.48,0.34,94.91,2.41,196.75,0.22,68.06,12.21,19.02,29.82,16.12,19.12
2015,228,0.48,0.48,0.34,94.98,2.16,227.62,0.14,57.5,9.95,17.75,28.17,13.02,24.96
2015,229,0.48,0.48,0.34,94.88,2.16,185.81,0.07,49.38,9.46,16.24,34.03,12.09,24.8
2015,230,0.48,0.48,0.34,94.73,2.3,170.94,2.01,50.38,12.21,22.17,37.03,16.13,18.56
2015,231,0.48,0.48,0.49,95.22,2.3,86.0,6.55,71.75,14.04,19.51,29.8,18.44,18.1
2015,232,0.48,0.48,0.44,95.6,2.13,59.62,0.12,62.0,11.23,17.96,31.19,15.01,22.54
2015,233,0.48,0.48,0.41,95.54,2.01,79.25,0.07,55.12,10.07,17.48,33.21,13.3,25.45
2015,234,0.48,0.48,0.46,95.13,1.32,131.19,9.38,52.5,10.62,18.42,35.22,13.72,22.76
2015,235,0.49,0.49,0.48,94.82,1.76,229.5,0.46,59.88,13.31,21.47,34.17,17.51,23.93
2015,236,0.49,0.49,0.48,94.95,2.11,199.44,9.44,55.56,12.27,21.3,35.44,16.17,20.14
2015,237,0.5,0.51,0.52,95.34,2.06,87.62,3.02,71.5,14.4,20.83,32.08,18.91,23.24
2015,238,0.5,0.5,0.48,95.12,1.61,166.12,0.74,61.94,13.43,20.19,35.28,17.65,22.71
2015,239,0.5,0.5,0.46,95.1,1.91,190.06,1.6,63.06,13.98,22.56,31.62,18.33,21.01
2015,240,0.5,0.5,0.49,95.15,1.39,169.06,2.6,62.0,13.61,22.08,34.48,17.75,21.24
2015,241,0.5,0.5,0.48,95.3,2.05,197.19,0.49,62.94,13.43,22.8,31.0,17.71,19.97
2015,242,0.5,0.5,0.48,95.33,1.48,190.12,0.89,64.69,13.92,22.61,29.89,18.37,21.44
2015,243,0.49,0.49,0.45,95.12,1.8,223.25,0.14,56.81,13.06,20.98,34.51,17.3,22.45
2015,244,0.49,0.49,0.43,95.08,1.95,225.0,0.17,56.12,12.33,21.46,34.78,16.3,17.82
2015,245,0.5,0.5,0.52,95.08,1.26,233.56,10.15,67.5,14.16,21.41,31.28,18.53,16.34
2015,246,0.51,0.52,0.55,94.97,1.95,211.69,7.47,65.06,13.79,21.11,32.08,18.1,11.21
2015,247,0.51,0.51,0.48,94.88,2.87,249.19,0.56,54.5,11.6,20.96,35.3,15.07,19.16
2015,248,0.51,0.51,0.49,95.23,2.75,208.0,0.99,75.81,13.98,19.98,29.28,18.4,16.42
2015,249,0.51,0.51,0.5,95.34,3.08,51.44,2.97,74.25,12.94,19.14,29.93,17.26,13.23
2015,250,0.51,0.51,0.52,95.39,2.17,50.06,1.43,74.31,12.15,17.78,26.14,16.3,13.0
2015,251,0.51,0.52,0.58,95.05,1.5,143.81,13.16,84.56,12.76,17.39,23.84,16.98,9.83
2015,252,0.52,0.53,0.54,94.99,2.91,321.62,1.72,76.38,10.99,16.46,22.73,14.57,17.46
2015,253,0.52,0.52,0.51,95.17,1.89,236.56,0.28,69.62,10.62,15.79,26.58,14.13,18.54
2015,254,0.52,0.52,0.49,95.21,2.32,211.12,0.0,53.0,9.16,15.94,31.59,11.77,22.69
2015,255,0.52,0.52,0.48,95.22,3.45,218.12,0.05,50.5,10.38,18.87,32.98,13.6,21.27
2015,256,0.52,0.52,0.51,95.08,3.42,206.5,2.51,58.25,11.72,20.74,32.78,15.56,17.27
2015,257,0.51,0.51,0.48,94.98,3.12,203.25,0.01,53.0,11.41,20.74,33.86,15.12,20.7
2015,258,0.51,0.51,0.47,94.82,2.77,211.5,0.0,53.12,11.05,20.28,33.46,14.65,19.71
2015,259,0.51,0.5,0.45,94.61,3.51,198.38,0.0,39.62,9.46,21.01,37.76,12.11,18.43
2015,260,0.5,0.5,0.43,94.76,2.48,152.75,0.01,44.75,9.77,19.99,36.48,12.54,20.77
2015,261,0.5,0.49,0.43,95.16,2.19,75.44,0.38,71.25,12.82,18.43,32.48,17.04,19.56
2015,262,0.5,0.49,0.43,95.44,2.59,106.5,0.34,69.81,11.9,17.6,31.83,15.81,13.33
2015,263,0.5,0.49,0.43,95.55,2.32,170.5,0.2,66.88,9.46,15.26,25.73,12.41,16.03
2015,264,0.5,0.49,0.42,95.31,1.49,269.19,0.04,63.88,8.97,14.38,26.12,11.48,20.15
2015,265,0.5,0.49,0.41,94.97,1.98,281.44,0.0,46.69,7.39,14.9,29.44,8.53,20.48
2015,266,0.5,0.49,0.41,94.84,3.06,234.75,1.57,60.0,9.95,17.08,30.43,12.55,20.95
2015,267,0.5,0.49,0.48,95.21,2.7,203.88,2.29,71.5,9.52,14.88,23.14,12.45,12.92
2015,268,0.5,0.49,0.46,95.25,2.16,332.56,0.38,71.56,9.22,14.14,22.76,12.03,13.76
2015,269,0.5,0.49,0.45,95.18,2.15,303.5,0.46,72.0,9.09,13.43,23.12,11.72,16.1
2015,270,0.5,0.49,0.46,95.32,1.67,247.75,1.82,74.88,9.58,13.75,22.99,12.55,14.41
2015,271,0.5,0.5,0.48,95.43,1.52,226.75,0.31,69.75,9.16,14.5,24.13,11.89,17.11
2015,272,0.5,0.49,0.45,95.23,1.64,197.38,0.52,66.0,9.03,12.72,27.38,11.52,15.61
2015,273,0.5,0.5,0.48,95.12,3.01,225.75,2.81,66.75,9.4,14.9,24.34,12.2,7.25
2015,274,0.5,0.5,0.51,95.39,4.34,285.44,2.31,79.31,9.58,12.8,21.25,12.53,11.08
2015,275,0.5,0.5,0.48,95.49,1.05,193.0,0.07,59.69,7.69,13.28,26.13,9.12,19.44
2015,276,0.5,0.5,0.47,95.51,2.76,212.38,2.1,56.25,8.48,13.48,28.63,10.6,16.73
2015,277,0.5,0.5,0.49,95.62,2.45,244.44,0.26,58.94,9.89,17.92,30.08,13.02,17.16
2015,278,0.5,0.5,0.46,95.58,1.48,255.31,1.0,55.56,10.44,17.83,32.01,13.87,16.18
2015,279,0.5,0.5,0.49,95.18,2.53,248.25,1.65,65.12,11.96,19.59,31.42,15.91,10.12
2015,280,0.5,0.5,0.49,95.14,2.01,230.12,2.15,71.38,11.35,17.67,27.36,15.09,16.36
2015,281,0.52,0.53,0.64,94.99,1.51,62.06,29.2,85.94,11.96,16.51,22.19,15.99,7.82
2015,282,0.55,0.57,0.66,94.6,2.47,214.19,14.39,88.81,10.68,12.27,21.05,14.03,5.61
2015,283,0.55,0.57,0.58,94.58,4.02,300.12,1.5,78.5,9.34,13.17,20.27,12.05,12.21
2015,284,0.55,0.56,0.55,94.69,1.96,236.06,0.0,60.56,7.08,10.55,25.03,7.58,18.17
2015,285,0.55,0.55,0.53,94.83,3.56,212.88,0.0,51.75,7.75,14.37,28.81,9.26,17.16
2015,286,0.54,0.55,0.52,94.81,3.27,209.19,0.01,48.25,7.87,16.47,29.52,9.44,15.72
2015,287,0.54,0.54,0.52,94.57,1.99,257.25,1.14,69.94,9.77,15.2,24.76,12.43,13.9
2015,288,0.54,0.54,0.53,94.95,1.84,246.62,0.59,79.69,9.77,13.37,21.88,12.79,12.59
2015,289,0.54,0.54,0.52,95.16,1.66,209.12,0.02,73.06,8.67,11.29,24.39,10.98,16.51
2015,290,0.54,0.54,0.52,95.07,2.92,209.75,0.0,62.81,8.85,13.2,26.69,11.33,14.12
2015,291,0.53,0.53,0.51,94.95,3.38,209.75,0.04,60.31,9.16,16.01,25.62,11.78,12.68
2015,292,0.53,0.53,0.52,94.67,2.74,222.19,1.28,60.19,10.01,15.98,29.48,12.98,13.91
2015,293,0.53,0.53,0.55,94.59,0.94,130.31,4.05,81.12,12.02,17.23,23.94,15.99,10.93
2015,294,0.55,0.55,0.62,94.66,3.97,295.19,12.88,85.69,9.95,12.42,19.12,13.0,4.8
2015,295,0.56,0.57,0.65,95.17,4.84,317.94,13.64,84.0,8.42,12.08,15.4,10.65,5.99
2015,296,0.56,0.58,0.6,95.44,3.18,330.25,1.94,87.25,8.97,12.14,15.8,11.62,5.04
2015,297,0.56,0.58,0.58,95.39,0.88,171.5,0.04,71.75,8.18,12.31,20.98,10.18,14.92
2015,298,0.56,0.57,0.56,95.37,2.02,229.31,0.0,67.62,8.42,11.77,24.47,10.58,14.02
2015,299,0.56,0.57,0.6,95.15,3.77,205.75,6.93,73.81,8.54,13.87,19.6,10.81,5.01
2015,300,0.57,0.58,0.58,95.13,1.8,231.62,0.17,72.12,9.28,11.7,24.64,12.06,13.9
2015,301,0.57,0.57,0.58,95.28,1.71,280.94,3.4,78.88,10.01,12.6,23.31,13.18,13.39
2015,302,0.57,0.58,0.59,95.43,2.06,311.94,1.35,80.88,8.91,12.43,19.92,11.42,12.85
2015,303,0.57,0.57,0.57,95.39,1.57,157.31,0.23,74.94,7.93,10.8,20.06,9.76,13.61
2015,304,0.57,0.57,0.57,95.4,1.52,92.56,0.48,82.06,8.18,9.47,20.14,10.15,13.92
2015,305,0.57,0.57,0.58,95.64,1.64,58.88,1.77,85.94,9.34,11.97,19.87,12.2,8.89
2015,306,0.57,0.57,0.57,95.62,2.0,177.06,0.83,81.12,8.79,9.98,20.19,11.33,8.22
2015,307,0.57,0.57,0.57,95.73,2.52,194.25,0.59,72.94,8.12,11.21,22.9,10.1,5.69
2015,308,0.57,0.57,0.57,95.66,1.27,257.69,0.43,78.56,9.52,12.92,22.83,12.52,9.41
2015,309,0.57,0.57,0.57,95.74,1.28,253.31,0.24,86.62,9.77,13.02,19.97,12.94,10.37
2015,310,0.56,0.57,0.56,95.96,1.07,151.31,0.09,81.0,9.03,13.06,20.47,11.77,12.71
2015,311,0.56,0.56,0.56,96.1,1.2,148.25,0.0,81.62,8.67,10.51,20.36,11.24,10.59
2015,312,0.56,0.56,0.55,96.33,1.31,128.06,0.0,71.0,7.26,8.83,22.13,8.51,13.76
2015,313,0.56,0.56,0.55,96.46,1.63,208.88,0.0,71.19,7.32,9.05,22.53,8.72,13.82
2015,314,0.56,0.56,0.55,96.2,1.32,198.5,0.0,77.75,7.69,9.47,21.6,9.32,12.37
2015,315,0.56,0.56,0.55,95.89,1.36,130.62,0.0,72.75,7.14,8.8,22.98,8.19,13.55
2015,316,0.55,0.55,0.55,95.85,1.34,202.94,0.0,75.5,7.57,9.66,22.32,9.04,13.41
2015,317,0.55,0.55,0.55,96.1,1.18,109.69,0.01,79.12,7.87,9.33,21.43,9.71,12.37
2015,318,0.55,0.55,0.55,96.25,1.62,320.12,0.07,85.69,8.85,11.6,18.32,11.58,5.74
2015,319,0.55,0.55,0.55,95.92,1.38,302.19,0.01,76.75,7.32,9.48,18.91,8.61,13.05
2015,320,0.55,0.55,0.54,95.6,1.27,197.19,0.0,65.06,5.86,7.73,21.15,4.83,13.02
2015,321,0.55,0.55,0.54,95.76,1.22,212.75,0.15,80.69,7.45,8.44,19.16,8.68,12.52
2015,322,0.55,0.55,0.55,95.98,1.03,290.31,0.26,83.56,7.93,10.71,18.18,9.84,11.31
2015,323,0.55,0.55,0.55,96.19,1.75,301.44,1.11,88.5,8.48,9.69,18.17,10.87,10.15
2015,324,0.55,0.55,0.55,96.03,1.71,291.75,0.16,81.56,7.75,8.98,19.92,9.45,12.21
2015,325,0.55,0.55,0.55,94.54,4.56,273.06,4.06,67.44,6.65,8.44,22.58,6.8,10.27
2015,326,0.56,0.56,0.62,94.43,1.33,158.81,8.74,80.81,6.16,6.38,11.48,5.86,5.63
2015,327,0.56,0.58,0.62,94.88,1.82,295.94,9.71,84.62,5.92,5.58,11.55,5.3,5.64
2015,328,0.59,0.62,0.73,95.29,3.35,291.0,24.73,89.12,6.04,6.44,8.32,5.71,3.61
2015,329,0.6,0.62,0.67,95.11,4.23,289.0,6.95,78.12,5.92,6.46,12.91,5.28,8.1
2015,330,0.62,0.64,0.73,94.39,6.22,320.12,18.24,81.88,6.84,6.76,13.19,7.33,3.92
2015,331,0.62,0.65,0.71,94.77,2.84,317.5,5.22,82.44,5.68,4.83,11.24,4.83,7.33
2015,332,0.62,0.64,0.67,95.51,1.43,307.31,0.12,78.19,5.68,4.92,14.14,4.89,12.09
2015,333,0.62,0.64,0.66,96.42,1.65,326.81,0.56,88.38,6.9,7.05,14.33,7.8,8.55
2015,334,0.62,0.63,0.66,96.78,1.26,252.69,0.1,82.75,6.41,5.76,16.53,6.75,11.5
2015,335,0.62,0.63,0.66,96.55,1.44,207.12,0.0,59.31,4.64,4.4,19.78,1.87,11.48
2015,336,0.62,0.62,0.65,96.33,1.53,228.25,0.0,50.88,4.03,4.07,19.8,0.1,11.61
2015,337,0.62,0.62,0.65,96.28,1.62,251.44,0.0,58.12,4.88,5.05,19.45,2.47,8.4
2015,338,0.62,0.62,0.65,96.52,1.14,157.5,0.0,73.69,6.23,7.48,17.07,5.89,10.53
2015,339,0.62,0.62,0.64,96.51,0.92,132.31,0.0,78.56,6.59,7.33,17.44,7.16,9.24
2015,340,0.62,0.62,0.64,96.37,1.74,230.94,0.0,69.75,5.43,4.35,17.94,4.26,10.82
2015,341,0.62,0.62,0.64,96.44,1.79,231.31,0.0,74.56,5.55,3.95,17.33,4.6,10.92
2015,342,0.62,0.62,0.64,96.51,1.46,208.5,0.0,71.31,5.25,4.26,17.26,3.83,10.57
2015,343,0.62,0.62,0.63,96.63,1.34,128.12,0.0,76.56,5.8,5.87,16.74,5.17,10.27
2015,344,0.62,0.62,0.63,96.61,1.01,203.75,0.0,83.44,6.29,6.55,15.44,6.4,9.77
2015,345,0.62,0.62,0.63,96.51,1.41,149.38,0.0,71.81,4.94,2.01,17.13,2.94,10.79
2015,346,0.61,0.62,0.63,96.16,1.72,232.56,0.0,75.81,5.25,3.29,16.48,3.8,10.66
2015,347,0.61,0.62,0.62,95.71,2.72,229.44,0.0,76.25,5.25,3.12,15.99,3.7,10.33
2015,348,0.61,0.61,0.62,95.8,1.59,227.81,0.0,79.5,5.8,3.34,15.76,5.15,10.31
2015,349,0.61,0.61,0.62,96.24,1.38,270.12,0.0,77.62,5.92,5.04,16.65,5.51,10.51
2015,350,0.61,0.61,0.62,96.44,1.91,273.5,0.0,73.56,5.68,5.86,18.12,4.87,10.54
2015,351,0.61,0.61,0.62,96.31,1.3,247.81,0.0,84.56,6.96,6.49,17.02,7.85,9.96
2015,352,0.61,0.61,0.62,96.2,1.28,202.62,0.0,74.81,6.29,6.58,19.13,6.38,10.41
2015,353,0.6,0.61,0.62,96.02,1.6,239.69,0.0,69.94,6.04,5.89,20.48,5.82,10.47
2015,354,0.6,0.61,0.62,95.84,1.45,194.31,0.0,72.38,6.04,6.23,20.48,5.78,10.61
2015,355,0.6,0.6,0.62,96.31,1.41,287.0,0.0,83.25,6.96,6.98,17.3,7.8,10.25
2015,356,0.6,0.6,0.62,96.65,1.16,215.25,0.0,78.88,6.59,6.56,18.62,7.23,9.68
2015,357,0.6,0.6,0.61,96.48,2.55,221.94,0.0,77.94,6.1,5.5,18.47,6.1,10.52
2015,358,0.6,0.6,0.62,96.41,2.0,215.44,0.0,78.62,5.8,5.46,13.21,5.4,7.21
2015,359,0.6,0.6,0.62,96.41,1.02,214.94,0.0,74.69,5.55,6.3,13.84,4.69,6.06
2015,360,0.6,0.6,0.61,96.42,0.96,199.19,0.0,76.5,5.8,7.0,14.91,5.3,8.89
2015,361,0.6,0.6,0.61,96.5,1.21,143.0,0.01,79.69,5.62,3.9,15.27,4.76,10.01
2015,362,0.6,0.6,0.61,96.28,2.12,216.56,0.0,74.38,4.88,2.37,16.83,2.94,10.49
2015,363,0.59,0.6,0.61,96.34,1.72,260.12,0.01,85.06,5.68,2.22,12.65,4.87,6.99
2015,364,0.59,0.6,0.61,96.06,1.67,279.94,0.12,87.75,6.96,4.79,15.42,7.89,7.38
2015,365,0.59,0.6,0.61,95.93,1.4,236.0,0.11,88.69,7.32,6.78,16.14,8.67,7.85
2016,1,0.59,0.59,0.61,95.84,1.93,227.5,0.0,78.56,6.1,5.33,16.73,5.98,10.6
2016,2,0.59,0.59,0.6,95.49,2.94,249.31,0.71,68.31,5.74,5.87,18.59,4.8,10.57
2016,3,0.59,0.59,0.61,95.16,2.63,273.81,0.6,87.25,7.57,7.44,15.89,9.04,7.94
2016,4,0.59,0.59,0.6,94.47,3.48,257.38,0.01,79.0,7.87,9.58,20.01,9.5,7.94
2016,5,0.59,0.59,0.6,94.1,3.39,254.38,0.97,79.94,7.75,9.48,18.57,9.17,6.81
2016,6,0.59,0.6,0.64,94.64,4.59,280.0,6.43,81.94,5.55,5.51,9.23,4.39,5.26
2016,7,0.59,0.6,0.62,95.11,3.77,276.0,0.04,77.5,6.04,6.25,16.26,5.57,8.71
2016,8,0.59,0.6,0.61,95.08,2.16,235.06,0.0,69.75,5.86,4.63,20.06,5.14,11.49
2016,9,0.59,0.6,0.6,94.87,2.89,221.31,0.25,64.94,6.1,7.84,21.25,5.79,6.89
2016,10,0.59,0.59,0.6,95.11,2.48,244.69,0.0,68.25,5.49,6.29,18.07,4.23,9.81
2016,11,0.59,0.59,0.59,95.02,3.25,238.69,0.07,65.31,5.8,7.25,20.16,5.08,11.2
2016,12,0.59,0.59,0.6,95.41,2.73,290.19,1.12,84.12,7.14,5.98,14.77,8.12,5.89
2016,13,0.59,0.59,0.6,95.9,1.52,260.62,0.18,75.75,5.43,5.48,14.16,4.26,10.94
2016,14,0.59,0.59,0.59,95.45,2.72,226.38,0.0,69.12,5.43,4.29,19.19,4.21,12.05
2016,15,0.59,0.6,0.66,95.02,2.67,182.12,20.44,83.31,6.23,4.37,15.33,6.04,5.37
2016,16,0.62,0.64,0.74,95.28,5.93,331.69,18.07,83.62,4.58,3.62,5.76,1.81,4.21
2016,17,0.63,0.65,0.7,95.69,5.45,317.19,2.52,77.56,4.39,2.26,7.9,1.41,5.51
2016,18,0.62,0.64,0.66,95.21,2.05,242.44,0.0,71.38,4.03,0.19,14.13,-0.17,9.24
2016,19,0.62,0.64,0.66,95.07,2.89,291.75,1.21,79.56,5.19,3.12,11.51,3.38,7.9
2016,20,0.62,0.63,0.66,95.27,1.59,242.75,0.15,79.12,5.31,4.07,13.19,3.98,9.21
2016,21,0.63,0.64,0.69,95.44,1.48,284.56,7.96,89.75,6.23,3.99,12.71,6.12,9.88
2016,22,0.64,0.65,0.7,96.24,1.29,321.94,2.59,88.06,6.41,6.9,13.0,6.81,10.08
2016,23,0.63,0.64,0.67,96.66,1.29,204.12,0.05,82.0,5.92,4.76,15.42,5.67,11.46
2016,24,0.63,0.64,0.66,96.68,1.33,139.06,0.0,81.69,6.04,5.24,16.46,5.97,12.29
2016,25,0.63,0.64,0.66,96.55,1.82,237.19,0.0,67.12,5.0,3.79,19.01,3.19,13.42
2016,26,0.63,0.63,0.66,96.45,1.66,228.44,0.0,64.06,5.31,4.26,20.09,3.87,13.48
2016,27,0.63,0.63,0.66,96.29,1.26,187.0,0.0,62.81,5.43,5.84,20.76,4.26,13.4
2016,28,0.63,0.63,0.66,96.21,1.13,226.56,0.0,68.94,5.49,6.67,17.56,4.35,10.23
2016,29,0.62,0.63,0.65,96.31,1.29,137.31,0.0,77.0,5.98,4.59,18.33,5.62,11.21
2016,30,0.62,0.63,0.65,96.29,1.75,264.31,0.0,69.56,5.19,4.19,15.9,3.48,9.87
2016,31,0.62,0.62,0.65,96.34,1.69,298.94,0.23,87.81,6.96,6.89,14.89,8.04,9.4
2016,32,0.62,0.62,0.65,96.42,1.67,254.5,0.03,86.25,7.08,6.03,16.98,8.19,13.58
2016,33,0.62,0.62,0.64,96.17,1.56,219.69,0.0,70.31,6.16,5.03,20.46,6.15,14.41
2016,34,0.62,0.62,0.64,95.86,2.89,214.81,0.81,74.06,6.41,6.15,19.73,6.42,13.87
2016,35,0.62,0.62,0.64,96.46,3.4,260.0,0.1,74.44,5.13,5.33,11.51,3.51,10.07
2016,36,0.62,0.62,0.64,96.28,0.95,213.81,0.01,71.38,5.0,3.78,15.78,3.08,13.75
2016,37,0.62,0.62,0.63,95.84,4.45,210.0,0.0,56.75,4.03,3.12,16.31,0.06,11.54
2016,38,0.62,0.62,0.65,95.28,5.44,244.0,5.3,66.5,5.25,6.66,16.21,3.59,5.6
2016,39,0.62,0.62,0.64,95.83,2.48,291.88,0.06,78.38,5.49,4.07,13.78,4.44,11.98
2016,40,0.62,0.62,0.63,95.52,3.29,228.94,0.0,69.44,5.43,3.79,20.12,4.3,13.28
2016,41,0.62,0.62,0.63,95.05,3.88,270.19,0.09,77.88,6.84,7.29,16.28,7.42,4.96
2016,42,0.62,0.62,0.63,94.88,2.85,259.5,0.82,80.75,7.63,8.68,19.21,9.12,7.63
2016,43,0.62,0.62,0.63,94.75,3.3,255.38,1.16,77.31,7.51,8.59,19.59,8.82,11.22
2016,44,0.62,0.62,0.62,94.43,3.73,269.62,0.28,77.06,8.48,11.52,20.52,10.62,6.19
2016,45,0.61,0.62,0.63,93.78,3.69,242.19,2.01,77.88,7.32,7.72,15.83,8.3,4.65
2016,46,0.62,0.62,0.64,93.87,4.14,261.62,6.43,70.75,4.82,4.47,12.48,2.16,13.57
2016,47,0.64,0.66,0.77,95.1,2.88,272.5,24.81,92.06,5.62,4.76,7.97,4.72,6.4
2016,48,0.65,0.66,0.72,95.52,2.19,322.94,3.1,85.94,5.13,2.03,9.12,3.41,7.74
2016,49,0.65,0.66,0.69,95.33,2.09,237.62,0.0,70.62,4.27,-0.3,14.28,0.8,16.83
2016,50,0.64,0.65,0.68,95.6,1.85,168.62,0.07,67.19,4.46,0.7,16.94,1.04,16.72
2016,51,0.64,0.65,0.67,96.21,1.93,103.19,0.05,78.44,5.68,4.69,16.26,5.05,15.52
2016,52,0.64,0.65,0.66,96.17,1.44,165.44,0.05,60.0,5.68,4.12,22.0,4.76,12.98
2016,53,0.64,0.64,0.66,95.48,2.87,207.56,0.0,59.06,6.65,8.87,22.95,7.08,10.86
2016,54,0.63,0.64,0.66,95.53,2.7,302.19,0.09,83.69,6.9,6.19,14.74,7.6,9.48
2016,55,0.63,0.64,0.66,95.42,1.7,253.56,0.01,69.69,5.68,5.16,18.24,4.75,17.34
2016,56,0.63,0.63,0.65,94.92,4.02,262.94,0.3,65.81,5.19,5.1,16.37,3.35,13.32
2016,57,0.63,0.63,0.65,94.73,2.11,256.38,0.15,68.0,5.37,6.05,16.98,3.76,17.46
2016,58,0.63,0.63,0.65,93.5,4.41,210.19,1.14,62.56,4.46,3.55,11.71,1.17,6.22
2016,59,0.63,0.63,0.66,93.47,2.6,248.94,1.06,75.19,4.27,2.3,8.94,0.61,11.68
2016,60,0.63,0.63,0.66,94.48,3.39,270.44,2.01,81.94,5.31,2.98,11.44,3.72,10.53
2016,61,0.63,0.63,0.66,95.48,4.25,306.81,1.47,74.75,5.19,6.01,11.98,3.37,15.05
2016,62,0.62,0.63,0.65,95.36,3.11,285.75,0.01,72.12,5.19,3.4,16.49,3.41,19.52
2016,63,0.62,0.63,0.65,94.85,2.44,307.94,0.59,84.25,5.98,4.11,13.05,5.36,9.72
2016,64,0.62,0.62,0.64,94.62,1.84,238.69,0.01,64.5,4.7,3.35,18.38,2.03,20.0
2016,65,0.62,0.62,0.63,94.11,4.03,262.0,0.91,64.12,5.55,6.08,18.44,4.01,17.16
2016,66,0.62,0.62,0.66,94.25,3.38,285.81,4.15,85.31,5.43,4.32,9.87,4.06,13.5
2016,67,0.62,0.63,0.65,94.3,2.05,271.38,0.77,67.62,4.58,3.37,12.42,1.56,16.35
2016,68,0.63,0.64,0.7,94.46,1.62,174.81,14.34,79.44,5.0,3.05,9.88,2.93,8.78
2016,69,0.64,0.65,0.69,94.68,3.12,297.62,1.47,76.5,4.88,3.08,10.9,2.55,12.59
2016,70,0.65,0.66,0.73,93.81,4.33,274.44,18.95,85.62,5.25,3.58,8.8,3.53,12.2
2016,71,0.68,0.7,0.83,94.36,4.7,337.25,31.29,88.81,5.86,4.48,9.76,5.16,8.83
2016,72,0.7,0.73,0.82,94.94,3.95,337.62,19.57,91.56,6.41,6.36,9.9,6.63,5.77
2016,73,0.71,0.73,0.78,95.21,3.38,323.81,4.32,86.25,5.68,5.12,9.55,4.91,8.34
2016,74,0.71,0.73,0.76,95.17,1.04,229.0,0.03,67.81,4.82,3.82,15.69,2.44,17.27
2016,75,0.7,0.72,0.75,95.16,1.86,250.5,0.0,73.56,5.37,2.34,16.08,3.93,18.84
2016,76,0.7,0.71,0.74,94.98,2.49,250.75,1.08,82.25,5.86,4.76,14.0,5.27,13.99
2016,77,0.7,0.71,0.74,95.22,1.91,283.0,0.13,81.75,5.92,3.58,14.53,5.44,13.76
2016,78,0.7,0.7,0.73,95.16,1.55,214.06,0.01,72.44,5.86,3.51,18.54,5.08,21.47
2016,79,0.7,0.7,0.73,94.86,2.55,203.62,0.0,58.5,5.62,6.4,22.51,4.61,22.19
2016,80,0.7,0.7,0.72,94.65,2.22,198.75,0.01,55.38,5.68,7.57,24.76,4.51,16.26
2016,81,0.69,0.69,0.72,94.24,1.88,257.88,0.18,81.81,7.63,7.16,19.05,8.81,14.57
2016,82,0.69,0.7,0.75,93.27,4.3,223.06,9.49,87.81,7.39,7.39,13.92,8.36,7.89
2016,83,0.7,0.7,0.76,93.83,4.95,294.25,5.53,82.81,6.59,6.89,13.01,6.8,14.22
2016,84,0.7,0.71,0.75,94.63,3.21,313.5,3.41,85.0,5.8,4.6,10.66,5.05,12.54
2016,85,0.7,0.71,0.74,95.54,2.32,306.0,0.37,76.44,5.62,5.21,15.24,4.76,20.05
2016,86,0.7,0.7,0.73,95.56,2.34,276.94,0.0,72.12,6.47,6.58,19.03,6.57,22.03
2016,87,0.7,0.7,0.73,95.37,1.8,262.0,0.0,69.12,6.35,6.48,22.12,6.26,22.95
2016,88,0.69,0.69,0.72,95.37,1.91,259.69,0.0,74.88,7.08,6.78,20.83,7.99,24.03
2016,89,0.69,0.69,0.71,95.35,1.75,210.94,0.0,68.81,7.45,8.73,24.01,8.83,24.02
2016,90,0.68,0.68,0.7,95.22,3.88,200.44,0.0,42.69,5.49,11.08,27.03,3.99,22.92
2016,91,0.67,0.67,0.69,94.74,3.5,191.5,0.0,44.38,5.74,13.29,23.53,4.42,10.18
2016,92,0.68,0.69,0.79,94.42,2.05,235.88,37.85,84.44,7.75,9.01,16.17,9.17,5.13
2016,93,0.72,0.74,0.81,94.53,2.64,315.69,10.66,93.31,7.26,7.3,11.64,8.28,3.75
2016,94,0.72,0.73,0.76,94.9,1.62,211.25,0.07,73.12,7.45,7.21,23.23,8.67,18.42
2016,95,0.71,0.72,0.75,94.59,2.34,199.56,0.0,63.31,7.45,10.73,24.3,8.57,18.25
2016,96,0.71,0.71,0.74,93.98,2.96,233.31,0.45,70.0,7.08,9.93,21.05,7.76,14.82
2016,97,0.71,0.72,0.78,93.92,2.73,105.75,10.87,93.69,8.73,9.98,13.87,10.96,6.12
2016,98,0.72,0.73,0.77,94.32,4.32,253.56,4.06,90.0,8.18,9.55,14.81,10.01,4.73
2016,99,0.72,0.73,0.77,94.38,2.04,276.31,10.74,78.69,7.2,8.19,18.5,8.14,18.34
2016,100,0.73,0.74,0.78,94.7,3.48,302.44,2.66,75.81,5.68,5.17,14.73,4.79,21.45
2016,101,0.73,0.73,0.76,94.66,2.2,215.5,0.0,59.56,5.31,3.19,21.92,3.53,26.87
2016,102,0.72,0.72,0.74,94.75,4.13,202.19,0.0,42.94,5.49,10.4,25.9,3.9,23.11
2016,103,0.71,0.71,0.73,94.71,2.94,190.0,0.0,49.0,6.84,11.8,28.89,7.17,23.37
2016,104,0.7,0.7,0.73,94.94,2.48,308.62,0.0,74.5,7.57,9.4,20.73,8.87,24.81
2016,105,0.7,0.7,0.73,95.11,1.27,147.56,0.0,67.12,6.71,8.62,22.41,7.16,27.19
2016,106,0.7,0.7,0.72,94.85,2.49,215.56,0.0,51.88,7.14,10.28,28.68,7.9,25.25
2016,107,0.69,0.69,0.71,94.86,1.89,146.31,0.0,56.06,7.32,13.29,26.74,8.25,21.61
2016,108,0.69,0.68,0.71,94.96,1.66,151.12,0.0,61.38,7.45,11.65,23.87,8.65,24.43
2016,109,0.68,0.68,0.7,95.14,1.68,103.94,0.01,69.94,7.87,11.3,22.07,9.61,24.43
2016,110,0.68,0.67,0.7,95.06,2.59,99.56,0.01,72.69,8.48,9.44,25.01,10.66,23.23
2016,111,0.67,0.67,0.68,94.93,1.95,227.12,0.07,57.62,8.3,12.01,30.28,10.19,24.39
2016,112,0.67,0.66,0.69,95.49,2.27,176.44,0.96,81.69,9.03,11.75,20.49,11.72,14.77
2016,113,0.66,0.66,0.68,95.26,1.59,170.44,0.17,77.38,8.67,10.83,24.34,11.0,18.96
2016,114,0.66,0.66,0.67,94.95,2.14,303.5,0.04,72.06,7.87,10.53,21.51,9.5,25.64
2016,115,0.66,0.66,0.67,94.73,2.51,298.31,0.25,74.12,7.51,9.2,18.99,8.89,22.77
2016,116,0.66,0.66,0.66,95.07,2.69,168.75,0.43,74.56,6.59,6.23,16.99,6.95,19.4
2016,117,0.66,0.65,0.66,94.76,2.08,212.62,0.0,65.44,7.02,5.22,23.85,7.77,26.95
2016,118,0.65,0.65,0.65,94.59,1.54,206.44,0.0,60.12,8.12,12.36,25.83,9.87,23.37
2016,119,0.65,0.64,0.65,94.56,2.24,289.62,0.14,76.31,9.34,12.63,21.85,12.09,17.03
2016,120,0.64,0.64,0.65,95.04,1.98,100.12,0.28,75.62,8.42,11.4,20.94,10.61,19.91
2016,121,0.64,0.64,0.66,94.99,2.91,226.81,3.47,79.56,8.97,11.16,24.41,11.55,13.66
2016,122,0.64,0.64,0.66,95.33,3.29,223.25,2.68,82.69,6.77,4.99,14.5,7.31,15.7
2016,123,0.64,0.64,0.65,95.43,3.8,306.94,0.22,75.69,5.86,4.73,14.69,5.33,15.67
2016,124,0.64,0.64,0.64,95.65,2.33,250.06,0.0,66.81,6.1,5.57,19.65,5.87,28.77
2016,125,0.63,0.63,0.63,95.33,1.95,183.88,0.0,54.88,5.55,6.57,25.1,4.5,29.44
2016,126,0.63,0.63,0.66,94.83,1.41,194.81,5.15,65.0,8.54,9.69,25.19,10.19,17.21
2016,127,0.64,0.64,0.67,94.47,1.59,200.12,9.42,76.06,10.62,14.67,24.94,14.06,19.29
2016,128,0.66,0.67,0.74,94.16,2.6,242.94,16.77,83.94,9.64,11.13,19.01,12.5,6.69
2016,129,0.66,0.66,0.67,94.38,2.41,199.94,0.09,64.44,8.42,9.74,26.64,10.48,27.35
2016,130,0.65,0.65,0.65,94.39,4.62,195.94,0.0,50.69,7.87,14.57,29.83,9.44,21.37
2016,131,0.64,0.64,0.64,94.36,2.38,207.62,0.06,54.56,8.85,13.66,31.72,11.13,20.13
2016,132,0.64,0.64,0.65,94.29,2.69,305.12,3.28,74.81,9.7,11.94,25.7,12.63,16.05
2016,133,0.64,0.63,0.64,94.48,2.73,293.31,0.06,69.62,7.63,9.28,22.6,8.91,28.51
2016,134,0.63,0.63,0.65,94.65,2.77,262.94,1.84,73.44,7.51,10.07,20.71,8.73,12.05
2016,135,0.63,0.63,0.64,94.99,2.64,278.56,0.84,69.62,7.08,7.8,20.4,7.9,23.72
2016,136,0.63,0.62,0.62,95.39,2.21,225.44,0.0,65.94,7.08,8.0,22.41,8.06,28.06
2016,137,0.62,0.62,0.62,95.47,1.84,79.69,0.02,64.5,7.39,9.62,24.35,8.7,27.64
2016,138,0.62,0.62,0.62,95.24,2.04,145.38,0.0,63.25,7.45,8.94,26.63,8.72,27.42
2016,139,0.62,0.62,0.62,94.99,1.91,192.06,0.21,78.94,10.25,13.07,21.95,13.52,11.16
2016,140,0.62,0.62,0.61,95.05,2.2,152.0,0.0,67.75,8.79,11.55,25.0,11.18,25.45
2016,141,0.62,0.61,0.61,95.48,3.02,335.69,0.05,72.62,7.51,10.51,19.22,8.94,23.7
2016,142,0.61,0.61,0.6,95.4,1.2,194.69,0.0,54.31,6.41,7.27,27.76,6.48,30.73
2016,143,0.61,0.6,0.59,95.15,3.41,240.31,0.0,47.12,7.93,14.05,31.39,9.43,27.93
2016,144,0.6,0.59,0.59,95.48,2.43,106.06,0.0,65.5,8.61,11.74,24.27,11.01,25.68
2016,145,0.6,0.59,0.59,95.01,1.44,179.19,0.0,56.06,7.87,11.23,29.69,9.45,28.49
2016,146,0.59,0.59,0.56,94.75,3.13,215.81,0.0,41.69,8.42,18.35,34.11,10.33,28.13
2016,147,0.59,0.58,0.55,94.75,3.98,199.94,0.0,32.0,7.26,20.31,37.51,8.01,28.51
2016,148,0.59,0.57,0.55,94.96,2.27,254.81,0.0,46.25,8.85,16.89,36.93,11.01,23.8
2016,149,0.58,0.57,0.56,95.04,2.13,220.88,0.1,60.62,10.5,16.21,32.87,13.62,12.51
2016,150,0.58,0.57,0.55,95.2,3.02,293.81,0.08,60.0,8.48,13.75,25.58,10.76,28.42
2016,151,0.58,0.56,0.55,95.19,1.77,208.12,0.0,54.56,7.14,11.99,27.79,8.05,30.09
2016,152,0.58,0.57,0.61,95.23,1.97,65.12,12.14,70.19,8.54,13.08,20.92,10.8,8.19
2016,153,0.59,0.59,0.59,95.27,1.93,118.06,0.15,69.56,8.54,12.01,23.99,10.86,24.87
2016,154,0.58,0.58,0.57,95.01,1.92,208.06,0.0,54.25,7.2,10.93,28.26,8.09,29.68
2016,155,0.58,0.57,0.56,94.74,1.84,192.88,0.0,53.44,8.54,14.78,28.64,10.69,23.39
2016,156,0.58,0.57,0.55,94.73,2.03,171.88,0.23,58.31,10.19,17.26,30.77,13.42,22.8
2016,157,0.57,0.56,0.55,95.06,2.47,106.12,0.1,69.69,10.62,15.73,27.75,14.09,24.68
2016,158,0.57,0.56,0.55,95.3,1.72,160.06,0.01,63.69,10.19,14.34,30.76,13.56,28.85
2016,159,0.56,0.55,0.54,95.51,1.93,183.44,0.0,57.94,9.77,16.78,30.94,12.86,25.88
2016,160,0.56,0.55,0.54,95.47,1.83,77.44,0.0,51.19,8.3,15.9,30.19,10.3,30.12
2016,161,0.55,0.55,0.53,94.96,2.18,283.38,0.0,45.94,8.42,16.18,32.26,10.55,29.74
2016,162,0.55,0.55,0.53,94.71,1.48,189.5,0.0,43.94,8.3,18.04,32.83,10.15,29.24
2016,163,0.55,0.54,0.52,94.8,2.28,206.75,0.07,53.5,10.5,19.51,34.93,13.85,22.93
2016,164,0.55,0.54,0.52,95.02,2.2,265.62,0.0,68.69,11.78,17.82,28.74,15.65,24.06
2016,165,0.55,0.54,0.52,94.77,2.16,305.06,0.0,59.31,10.19,16.71,30.8,13.27,28.61
2016,166,0.54,0.53,0.51,94.48,2.04,235.62,0.0,50.06,10.01,18.62,34.66,12.99,29.11
2016,167,0.54,0.53,0.49,94.14,2.29,236.88,0.0,50.56,10.68,18.81,36.62,13.97,29.51
2016,168,0.54,0.52,0.5,94.4,3.02,315.62,0.69,60.38,9.7,15.65,28.27,12.61,26.99
2016,169,0.53,0.52,0.5,95.16,2.07,95.75,0.39,66.12,9.89,14.64,29.18,13.08,28.13
2016,170,0.53,0.52,0.49,95.37,2.4,222.25,1.08,65.12,9.77,14.32,30.41,12.9,24.93
2016,171,0.53,0.52,0.52,95.7,3.39,336.19,2.17,69.44,8.67,12.95,22.53,11.09,25.22
2016,172,0.53,0.52,0.51,95.72,2.6,278.38,0.09,65.94,8.06,12.07,22.44,10.04,21.01
2016,173,0.53,0.52,0.49,95.69,1.8,106.19,0.0,60.19,8.12,12.73,27.15,10.06,30.41
2016,174,0.53,0.52,0.48,95.54,2.08,75.69,0.0,57.62,8.18,12.62,29.63,10.04,29.67
2016,175,0.52,0.52,0.45,95.48,2.16,80.31,0.0,52.94,8.24,13.89,31.3,10.22,29.36
2016,176,0.52,0.52,0.44,95.35,1.92,84.75,0.0,45.81,8.42,16.17,33.05,10.62,29.75
2016,177,0.52,0.52,0.42,95.1,1.77,83.75,0.0,41.25,8.24,18.65,35.14,10.14,29.91
2016,178,0.52,0.51,0.41,95.17,2.19,220.06,0.09,47.62,9.28,17.96,33.5,11.88,26.42
2016,179,0.52,0.51,0.41,95.48,1.57,150.81,0.15,54.56,10.62,19.1,33.04,14.04,18.27
2016,180,0.52,0.51,0.4,95.33,1.7,77.88,0.01,47.62,9.89,18.07,35.81,12.83,25.53
2016,181,0.52,0.51,0.38,94.97,1.36,176.69,0.02,40.44,9.95,21.21,37.41,12.98,18.14
2016,182,0.52,0.5,0.38,95.0,2.54,305.69,0.07,55.56,11.78,19.83,32.48,15.53,27.26
2016,183,0.52,0.5,0.37,95.2,2.12,80.5,0.0,57.0,11.11,18.65,33.69,14.76,28.34
2016,184,0.51,0.5,0.36,95.27,2.1,69.06,0.01,49.06,10.13,19.73,34.24,13.35,28.46
2016,185,0.51,0.5,0.35,95.41,2.16,87.75,0.0,46.06,9.22,18.55,35.97,11.82,29.03
2016,186,0.51,0.5,0.37,95.17,1.94,104.5,3.57,41.12,9.7,19.76,38.59,12.53,24.63
2016,187,0.51,0.5,0.39,95.14,3.15,284.06,0.0,49.56,11.66,20.98,37.15,15.41,26.19
2016,188,0.51,0.5,0.38,95.32,2.36,218.56,0.01,60.75,11.6,19.3,31.66,15.39,26.28
2016,189,0.51,0.5,0.36,95.35,1.91,85.06,0.0,38.31,7.57,18.57,36.42,8.67,29.53
2016,190,0.51,0.49,0.35,95.6,2.08,121.5,0.01,33.38,7.63,20.86,35.21,8.98,25.57
2016,191,0.5,0.49,0.34,95.28,1.73,226.19,0.03,35.19,9.16,22.84,39.08,11.65,20.33
2016,192,0.5,0.49,0.33,94.98,2.64,193.38,0.0,41.56,10.31,22.34,38.83,13.48,26.1
2016,193,0.5,0.49,0.33,94.94,1.91,173.69,0.0,55.5,11.84,19.86,34.9,15.67,28.72
2016,194,0.5,0.49,0.32,94.88,1.93,218.88,0.0,48.25,10.25,20.49,35.41,13.23,29.7
2016,195,0.5,0.48,0.32,95.14,2.9,78.19,0.0,59.44,11.6,18.35,32.54,15.39,27.71
2016,196,0.5,0.48,0.32,95.46,3.14,27.19,0.0,57.31,9.16,16.08,28.33,11.97,25.61
2016,197,0.5,0.48,0.32,95.63,3.21,257.44,0.0,59.44,8.24,13.9,24.88,10.35,26.57
2016,198,0.49,0.48,0.32,95.54,2.08,231.69,0.0,55.75,7.69,12.98,28.34,9.21,30.06
2016,199,0.49,0.48,0.31,95.36,1.96,207.81,0.0,45.25,8.3,14.23,33.61,10.31,28.92
2016,200,0.49,0.48,0.3,95.35,2.09,193.94,0.0,38.62,8.36,18.69,35.9,10.46,28.02
2016,201,0.49,0.48,0.3,95.36,1.87,83.25,0.0,40.62,8.67,19.85,35.22,10.98,28.92
2016,202,0.49,0.48,0.3,95.32,1.86,132.31,0.0,31.94,6.41,18.12,37.15,6.26,29.94
2016,203,0.49,0.48,0.29,95.14,1.77,167.25,0.0,26.44,5.98,18.76,39.23,5.26,28.28
2016,204,0.49,0.48,0.28,94.88,3.01,248.62,0.0,28.25,7.57,24.08,39.36,8.57,24.08
2016,205,0.49,0.48,0.29,95.2,2.92,222.81,0.39,61.25,11.84,19.49,30.62,15.64,26.1
2016,206,0.48,0.48,0.3,95.33,2.43,97.56,0.3,62.0,11.11,18.47,30.58,14.75,26.67
2016,207,0.48,0.48,0.3,95.4,2.18,224.19,0.0,60.19,10.62,17.89,30.48,14.08,27.15
2016,208,0.48,0.48,0.3,95.47,2.05,208.69,0.0,56.38,9.95,17.4,30.69,13.07,27.71
2016,209,0.48,0.48,0.29,95.38,1.94,76.75,0.0,44.38,8.48,18.03,33.61,10.54,27.87
2016,210,0.48,0.48,0.29,95.29,2.14,121.31,0.0,40.19,8.54,18.98,36.37,10.72,27.32
2016,211,0.48,0.48,0.28,95.21,2.08,84.81,0.0,37.75,8.67,21.0,36.36,10.97,26.76
2016,212,0.48,0.48,0.27,95.17,1.96,176.44,0.0,29.69,7.63,22.19,39.54,9.05,27.09
2016,213,0.48,0.47,0.27,95.24,2.48,260.62,0.02,32.25,8.67,23.73,39.08,10.84,26.1
2016,214,0.48,0.47,0.28,95.32,2.12,171.19,0.44,43.19,10.8,21.77,35.62,14.2,19.3
2016,215,0.48,0.47,0.29,95.46,2.17,114.62,0.02,56.06,10.68,18.84,32.88,14.01,28.0
2016,216,0.48,0.47,0.29,95.29,1.98,159.75,0.0,44.25,8.48,18.17,33.87,10.6,28.44
2016,217,0.48,0.47,0.28,95.0,1.97,176.5,0.0,30.0,6.53,18.52,37.62,6.65,27.88
2016,218,0.48,0.47,0.28,95.17,3.25,225.88,0.0,51.44,11.05,20.58,33.9,14.26,26.13
2016,219,0.48,0.47,0.28,95.64,3.04,287.12,0.0,60.75,10.13,16.81,28.61,13.45,26.83
2016,220,0.48,0.47,0.28,95.64,2.6,268.44,0.0,60.62,9.7,16.15,28.37,12.74,27.07
2016,221,0.48,0.47,0.28,95.58,1.88,229.44,0.0,58.62,9.64,16.08,30.21,12.48,26.76
2016,222,0.48,0.47,0.28,95.25,1.93,178.12,0.0,51.56,9.58,16.52,34.12,12.48,26.74
2016,223,0.48,0.47,0.27,95.12,2.94,61.12,0.03,53.62,10.25,19.12,32.89,13.51,25.01
2016,224,0.48,0.47,0.28,95.54,2.45,34.38,0.11,57.5,9.22,17.16,26.39,11.97,16.6
2016,225,0.48,0.47,0.28,95.77,2.39,241.38,0.04,62.38,9.4,15.62,27.96,12.25,26.81
2016,226,0.48,0.47,0.27,95.63,2.06,111.31,0.03,56.62,9.16,15.64,31.54,11.76,25.42
2016,227,0.47,0.46,0.27,95.48,2.12,171.69,0.0,46.06,8.67,16.68,33.85,11.07,25.62
2016,228,0.47,0.46,0.27,95.29,2.13,200.25,0.0,42.31,9.28,18.95,35.27,12.01,24.95
2016,229,0.47,0.46,0.26,95.19,1.97,218.94,0.0,45.06,9.7,20.91,35.55,12.54,24.6
2016,230,0.47,0.46,0.25,94.99,2.4,242.12,0.01,53.38,10.56,19.73,31.45,13.88,24.54
2016,231,0.47,0.46,0.25,94.87,1.73,121.94,0.0,37.88,8.0,19.34,35.43,9.58,24.86
2016,232,0.47,0.46,0.23,94.89,2.53,203.88,0.0,31.56,7.87,20.51,37.58,9.53,25.12
2016,233,0.47,0.46,0.23,95.01,2.52,236.19,0.0,33.75,8.67,22.55,38.87,10.98,24.32
2016,234,0.47,0.46,0.23,95.43,2.84,189.62,0.0,53.12,10.99,19.55,33.12,14.55,24.73
2016,235,0.47,0.46,0.23,95.69,2.36,159.62,0.0,57.06,9.89,17.6,31.06,13.07,25.55
2016,236,0.47,0.46,0.23,95.53,2.02,106.12,0.0,53.25,8.91,16.99,31.49,11.16,25.92
2016,237,0.47,0.46,0.22,95.34,2.16,77.44,0.0,55.06,9.28,15.63,32.08,11.94,24.99
2016,238,0.47,0.46,0.22,95.07,2.05,82.31,0.0,49.31,8.97,16.61,33.87,11.2,25.25
2016,239,0.47,0.46,0.21,95.16,2.3,190.31,0.0,42.5,8.91,18.4,35.16,11.38,23.41
2016,240,0.47,0.46,0.21,95.37,2.19,199.81,0.0,43.38,9.77,20.13,35.65,12.68,24.57
2016,241,0.47,0.46,0.2,95.49,1.7,175.25,0.0,42.31,9.22,20.98,36.29,11.74,24.13
2016,242,0.47,0.46,0.2,95.35,1.73,90.56,0.0,31.56,7.39,20.77,37.62,8.56,23.84
2016,243,0.47,0.46,0.2,95.25,2.21,212.5,0.1,49.25,10.68,20.75,33.83,13.95,23.22
2016,244,0.47,0.46,0.2,95.36,2.11,141.12,0.06,56.31,10.93,19.85,32.52,14.52,22.26
2016,245,0.47,0.46,0.23,95.56,1.98,141.69,1.8,61.38,11.41,18.15,32.07,15.23,21.09
2016,246,0.47,0.46,0.27,95.6,1.78,77.12,0.06,57.62,10.44,18.34,32.02,13.63,21.22
2016,247,0.47,0.46,0.25,95.56,1.84,83.31,0.0,46.94,8.67,18.94,32.74,10.86,23.98
2016,248,0.47,0.46,0.23,95.6,1.76,93.75,0.0,40.81,8.0,18.03,34.18,9.73,23.85
2016,249,0.47,0.46,0.23,95.51,1.85,286.5,0.0,29.94,6.96,21.4,36.24,7.8,20.51
2016,250,0.47,0.46,0.22,95.21,3.77,313.5,0.74,62.38,11.78,19.44,29.64,15.49,21.63
2016,251,0.47,0.46,0.29,95.05,2.59,338.75,1.61,66.44,11.54,17.84,28.77,15.29,20.54
2016,252,0.47,0.46,0.3,95.08,2.7,326.94,0.04,66.38,10.56,16.9,28.55,13.94,22.41
2016,253,0.47,0.46,0.28,95.16,1.69,116.81,0.01,59.06,10.07,16.91,30.83,13.15,22.6
2016,254,0.47,0.46,0.27,95.07,1.92,204.06,0.07,58.56,10.62,18.26,31.03,14.05,22.39
2016,255,0.47,0.46,0.27,95.17,2.1,117.25,0.06,64.69,11.11,17.76,30.37,14.73,22.04
2016,256,0.47,0.46,0.26,95.14,1.72,186.31,0.0,54.56,9.95,16.66,32.62,13.03,21.84
2016,257,0.47,0.46,0.25,94.89,2.92,212.75,0.01,45.06,9.64,20.5,34.2,12.52,18.79
2016,258,0.47,0.46,0.3,94.91,1.77,219.44,3.36,61.69,11.9,20.1,32.18,15.58,13.51
2016,259,0.47,0.47,0.46,95.03,2.05,156.81,4.21,71.06,13.12,19.45,32.08,17.28,14.63
2016,260,0.48,0.48,0.47,95.3,2.62,343.88,1.18,75.0,12.02,17.43,26.6,16.05,9.88
2016,261,0.47,0.47,0.43,95.33,1.7,254.06,0.07,63.75,9.83,16.54,29.27,12.95,19.41
2016,262,0.47,0.47,0.41,95.21,2.45,322.94,0.35,74.12,10.5,14.5,25.01,14.01,16.63
2016,263,0.47,0.47,0.41,95.28,2.2,311.56,0.44,67.56,9.4,15.41,25.18,12.28,18.7
2016,264,0.47,0.47,0.4,95.14,1.94,218.88,1.08,68.12,9.28,14.63,24.37,11.99,8.36
2016,265,0.47,0.47,0.42,95.28,1.58,243.69,0.61,62.88,9.22,15.56,27.64,11.73,21.03
2016,266,0.47,0.47,0.38,95.4,1.78,190.38,0.02,49.94,7.87,14.52,30.94,9.33,21.11
2016,267,0.47,0.47,0.39,95.71,1.93,193.75,1.03,73.31,11.29,17.17,23.23,15.11,11.98
2016,268,0.48,0.48,0.49,95.59,0.96,166.12,12.76,75.19,10.8,15.16,26.23,14.38,14.04
2016,269,0.48,0.49,0.48,95.41,2.01,318.62,0.16,75.56,10.56,14.69,24.9,14.05,16.46
2016,270,0.48,0.48,0.47,95.5,1.66,239.19,0.23,69.88,9.83,15.63,25.22,12.95,16.61
2016,271,0.48,0.48,0.46,95.66,1.56,210.06,0.22,68.75,9.4,15.55,23.47,12.26,16.17
2016,272,0.48,0.48,0.48,95.85,1.52,145.38,1.34,70.44,9.4,14.65,23.27,12.29,15.94
2016,273,0.48,0.48,0.45,95.79,2.44,125.62,0.06,65.06,8.79,12.31,26.78,11.3,14.79
2016,274,0.48,0.48,0.45,95.31,1.32,219.31,0.8,63.56,10.01,15.52,27.8,13.25,15.32
2016,275,0.48,0.48,0.45,95.03,2.32,222.94,0.63,64.19,10.74,16.67,29.26,14.29,13.2
2016,276,0.48,0.48,0.44,95.21,1.71,191.38,0.15,65.94,10.74,16.56,28.86,14.26,17.34
2016,277,0.48,0.48,0.42,95.47,2.06,91.25,0.01,70.94,11.6,16.04,30.42,15.56,18.05
2016,278,0.48,0.48,0.41,95.44,1.82,155.38,0.03,68.0,11.41,16.48,31.07,15.21,17.28
2016,279,0.48,0.48,0.44,95.29,1.27,163.81,2.96,77.5,11.41,16.3,23.81,15.29,12.18
2016,280,0.48,0.48,0.48,94.83,1.9,223.31,2.2,60.44,9.64,15.01,29.07,12.47,14.58
2016,281,0.48,0.48,0.44,95.0,1.38,174.94,0.02,62.44,10.07,16.23,29.13,13.25,17.88
2016,282,0.48,0.48,0.42,95.21,1.94,263.12,0.01,59.25,9.46,16.48,29.48,12.27,16.84
2016,283,0.48,0.49,0.53,95.25,1.59,186.38,10.49,71.25,10.74,16.92,25.72,14.26,10.07
2016,284,0.49,0.5,0.53,95.16,1.17,156.0,4.95,85.25,10.93,13.77,19.84,14.51,8.4
2016,285,0.49,0.5,0.48,94.89,2.34,272.5,0.26,73.56,9.4,11.2,25.66,11.93,17.42
2016,286,0.49,0.49,0.47,94.51,1.62,200.88,0.05,61.62,9.09,12.91,29.74,11.53,17.52
2016,287,0.49,0.49,0.46,93.93,4.27,200.44,0.13,47.75,8.18,17.09,32.71,9.73,9.0
2016,288,0.48,0.48,0.47,94.35,2.52,296.19,0.7,64.19,8.85,15.22,25.22,10.83,13.74
2016,289,0.48,0.48,0.47,95.16,1.35,159.75,0.18,66.38,8.54,13.48,26.33,10.7,17.73
2016,290,0.48,0.48,0.46,95.48,1.48,171.69,0.01,62.25,8.12,12.25,28.29,9.82,16.42
2016,291,0.48,0.48,0.45,95.68,1.44,141.31,0.0,49.81,7.51,15.17,28.81,8.86,16.81
2016,292,0.48,0.48,0.45,95.68,2.25,211.0,0.17,65.56,9.58,15.12,26.55,12.26,15.34
2016,293,0.48,0.48,0.48,95.47,1.19,115.81,2.45,84.44,11.35,15.88,22.27,15.19,11.95
2016,294,0.48,0.48,0.49,94.99,1.98,218.88,2.98,78.25,10.68,15.01,23.76,14.02,10.94
2016,295,0.48,0.49,0.5,94.88,1.05,203.94,0.97,87.25,11.47,13.93,20.33,15.27,8.08
2016,296,0.48,0.49,0.48,94.82,2.3,198.5,0.53,74.62,10.5,13.65,24.73,13.87,11.32
2016,297,0.48,0.48,0.46,94.75,2.66,207.56,0.02,46.94,8.12,16.4,31.23,9.98,15.06
2016,298,0.48,0.48,0.45,95.17,3.84,208.31,0.01,39.12,7.63,19.85,33.01,9.14,11.64
2016,299,0.48,0.48,0.44,95.56,3.04,190.75,0.0,40.06,7.69,19.34,34.08,9.16,12.23
2016,300,0.48,0.48,0.42,95.72,1.75,269.56,0.12,42.38,7.39,18.51,32.58,8.63,12.59
2016,301,0.48,0.48,0.43,95.85,2.88,281.44,1.19,70.44,9.89,15.69,24.78,12.9,12.49
2016,302,0.48,0.48,0.45,96.09,3.02,9.19,0.17,73.44,8.67,12.33,21.72,11.04,12.71
2016,303,0.48,0.48,0.44,95.89,2.35,50.88,0.05,67.06,7.57,12.51,20.73,9.05,13.22
2016,304,0.48,0.48,0.43,95.6,1.09,116.94,0.0,68.0,7.02,10.69,22.21,7.82,14.71
2016,305,0.48,0.48,0.42,95.62,1.67,106.0,0.0,66.5,6.96,9.96,23.78,7.76,15.03
2016,306,0.48,0.48,0.41,95.68,1.34,124.0,0.0,51.81,5.8,9.72,25.76,5.16,14.78
2016,307,0.48,0.48,0.41,95.5,1.99,283.81,0.15,65.5,7.69,10.69,24.52,8.94,14.07
2016,308,0.48,0.48,0.4,95.4,1.66,254.19,0.04,63.69,7.75,12.21,24.78,9.15,14.27
2016,309,0.48,0.47,0.39,95.5,1.84,234.12,0.0,46.94,6.04,12.15,26.48,5.8,13.64
2016,310,0.48,0.47,0.38,95.07,5.62,209.12,0.0,41.44,5.92,15.79,25.83,5.43,11.57
2016,311,0.48,0.47,0.38,94.56,3.77,241.62,0.93,51.5,6.9,14.31,25.48,7.1,11.92
2016,312,0.49,0.5,0.6,94.33,2.19,255.31,27.8,85.62,8.67,10.38,15.66,10.9,2.68
2016,313,0.52,0.54,0.62,94.62,4.1,292.44,19.26,85.62,6.53,7.48,11.13,6.74,6.94
2016,314,0.53,0.55,0.55,95.36,4.7,286.19,1.43,70.25,6.53,8.65,16.84,6.76,10.26
2016,315,0.53,0.55,0.55,95.55,1.95,294.94,2.25,84.62,8.24,9.99,16.27,10.36,8.18
2016,316,0.53,0.55,0.53,95.61,1.72,292.88,0.4,79.94,7.51,9.33,18.15,8.96,10.12
2016,317,0.53,0.54,0.53,95.62,1.55,253.75,0.73,80.31,8.0,10.83,17.9,9.87,7.4
2016,318,0.53,0.54,0.52,95.58,1.63,242.44,0.03,68.0,6.53,7.76,19.71,6.83,12.4
2016,319,0.53,0.54,0.52,95.35,1.43,255.88,0.62,73.62,7.2,9.33,19.09,8.05,11.16
2016,320,0.53,0.54,0.53,95.27,2.81,80.75,3.07,88.38,8.61,9.24,17.1,10.87,7.36
2016,321,0.53,0.54,0.53,95.07,1.59,240.56,0.5,79.31,7.57,8.83,20.17,8.87,10.07
2016,322,0.53,0.54,0.53,95.02,1.09,136.25,1.08,89.06,8.42,10.68,16.05,10.62,7.96
2016,323,0.53,0.54,0.52,94.97,1.16,238.06,0.57,89.19,7.87,9.52,14.54,9.52,8.74
2016,324,0.53,0.54,0.52,95.0,1.52,296.31,0.33,86.12,8.0,9.62,17.43,9.85,7.79
2016,325,0.53,0.54,0.52,94.97,1.38,223.88,0.02,72.38,6.84,7.9,21.03,7.36,11.91
2016,326,0.53,0.53,0.51,94.78,3.57,204.06,0.0,54.0,5.25,8.14,22.12,3.61,11.4
2016,327,0.53,0.53,0.5,94.7,4.5,196.06,0.0,45.19,4.76,10.69,22.34,2.3,11.42
2016,328,0.53,0.53,0.5,94.43,5.21,181.31,0.22,56.12,5.98,10.16,21.03,5.33,6.92
2016,329,0.53,0.54,0.55,94.63,1.52,280.31,5.91,79.0,7.57,9.69,17.69,8.9,6.69
2016,330,0.53,0.54,0.52,94.96,1.13,201.5,0.03,68.5,5.74,6.34,17.08,4.68,12.37
2016,331,0.53,0.54,0.52,94.8,1.8,189.31,0.0,57.06,4.46,5.01,18.96,1.24,12.28
2016,332,0.53,0.53,0.52,94.49,1.89,228.0,0.01,71.19,5.68,4.85,18.73,4.66,11.19
2016,333,0.53,0.53,0.54,94.43,1.53,273.75,5.3,82.12,6.59,4.98,16.69,6.78,8.76
2016,334,0.54,0.55,0.55,95.32,1.35,230.75,1.55,85.5,7.08,8.11,14.21,8.11,6.68
2016,335,0.54,0.54,0.53,96.16,1.48,141.38,0.43,85.81,6.29,5.53,15.81,6.51,9.91
2016,336,0.54,0.54,0.52,96.02,1.91,236.44,0.01,78.75,6.04,5.19,16.8,5.92,10.44
2016,337,0.54,0.54,0.52,95.35,1.8,243.75,0.09,75.06,5.98,5.24,17.01,5.6,10.5
2016,338,0.54,0.54,0.52,94.97,1.65,243.06,0.06,70.75,5.8,6.43,18.19,5.13,10.86
2016,339,0.53,0.54,0.52,95.0,3.05,198.19,1.3,79.0,6.71,5.42,18.7,7.29,7.85
2016,340,0.54,0.54,0.53,95.2,2.96,205.88,0.54,77.75,6.84,7.95,18.4,7.55,9.18
2016,341,0.54,0.54,0.53,95.48,1.13,284.38,1.38,86.56,7.57,8.65,16.16,9.05,7.52
2016,342,0.54,0.54,0.54,95.76,1.35,109.69,1.43,90.88,8.12,9.89,15.47,10.19,6.25
2016,343,0.54,0.54,0.53,96.18,1.35,97.06,0.43,89.56,8.06,8.78,16.36,10.08,8.21
2016,344,0.54,0.54,0.52,96.35,1.41,126.12,0.04,85.19,7.26,6.48,18.01,8.56,7.76
2016,345,0.54,0.54,0.52,96.18,1.2,141.25,0.02,79.25,6.77,6.81,17.78,7.62,9.94
2016,346,0.54,0.54,0.52,95.8,1.36,281.06,0.04,81.5,7.02,6.65,17.16,8.01,9.76
2016,347,0.53,0.54,0.52,95.66,1.69,288.88,0.56,87.5,7.26,7.94,16.06,8.4,10.2
2016,348,0.53,0.54,0.52,95.85,1.04,215.38,0.4,85.0,7.02,6.72,16.33,7.9,9.82
2016,349,0.53,0.54,0.52,95.7,1.65,229.81,0.0,73.0,5.49,3.79,16.84,4.39,10.55
2016,350,0.53,0.54,0.52,95.43,0.97,145.62,0.07,73.75,5.62,5.84,14.49,4.69,7.13
2016,351,0.53,0.54,0.54,95.27,1.2,132.5,3.47,91.94,6.96,7.66,11.0,7.77,4.38
2016,352,0.54,0.54,0.55,95.78,3.8,83.44,1.39,86.44,6.84,8.08,13.02,7.61,4.3
2016,353,0.54,0.55,0.54,95.65,2.66,109.44,1.03,90.38,7.32,7.38,15.4,8.62,3.85
2016,354,0.54,0.54,0.52,94.44,3.21,174.88,0.32,72.75,5.98,7.34,18.6,5.57,4.6
2016,355,0.54,0.55,0.55,94.63,4.77,248.81,3.87,83.88,6.35,5.81,13.26,6.39,3.96
2016,356,0.54,0.55,0.55,95.26,3.33,256.12,2.2,87.0,6.59,5.31,12.59,7.02,4.95
2016,357,0.55,0.55,0.54,96.02,1.54,121.06,0.6,87.94,6.35,3.76,14.87,6.51,8.42
2016,358,0.55,0.55,0.55,96.64,1.5,340.44,1.55,90.88,7.2,7.98,13.89,8.56,7.29
2016,359,0.55,0.55,0.55,96.78,1.59,334.25,2.52,89.88,7.02,7.89,13.92,8.12,5.82
2016,360,0.55,0.55,0.55,96.55,2.04,304.69,0.35,87.31,6.59,6.97,14.36,7.21,8.64
2016,361,0.55,0.55,0.54,96.36,1.29,203.94,0.17,82.75,6.23,6.48,15.98,6.19,7.5
2016,362,0.55,0.55,0.53,96.35,1.48,290.5,0.03,78.31,5.74,4.06,15.89,4.83,10.83
2016,363,0.55,0.55,0.53,96.55,1.44,105.69,0.02,84.5,6.35,5.16,15.15,6.62,9.62
2016,364,0.55,0.55,0.53,96.51,1.56,245.31,0.01,82.62,5.55,3.15,14.91,4.57,10.08
2016,365,0.55,0.55,0.53,96.5,1.48,116.75,0.09,84.88,6.16,6.33,12.16,6.23,8.9
2016,366,0.54,0.55,0.53,96.3,1.23,80.0,0.01,77.81,5.07,4.62,11.57,3.44,6.15
2017,1,0.54,0.55,0.53,95.92,1.06,222.25,0.01,74.25,4.46,1.94,12.89,1.58,9.84
2017,2,0.54,0.55,0.52,95.72,2.59,216.19,0.0,71.25,4.03,-0.12,14.87,0.02,11.34
2017,3,0.54,0.54,0.52,95.69,2.58,266.31,0.01,63.0,4.03,1.96,16.24,-0.33,10.73
2017,4,0.54,0.54,0.53,95.57,2.59,290.5,0.92,83.5,5.98,4.05,12.65,5.23,5.82
2017,5,0.54,0.54,0.53,95.37,4.32,315.75,1.38,83.0,6.1,5.29,12.33,5.87,6.01
2017,6,0.54,0.55,0.55,95.84,3.03,325.62,3.82,83.25,5.19,4.7,9.15,3.62,6.08
2017,7,0.55,0.55,0.55,96.12,2.66,311.75,2.28,82.31,5.37,4.41,10.58,4.12,6.14
2017,8,0.55,0.55,0.55,95.82,2.92,310.44,1.01,83.44,5.62,4.75,12.09,4.8,6.43
2017,9,0.55,0.55,0.59,95.46,2.85,241.12,6.36,87.19,5.8,5.29,9.36,5.2,7.76
2017,10,0.55,0.56,0.6,94.68,2.62,274.56,11.7,82.69,5.43,4.08,11.26,4.06,7.06
2017,11,0.58,0.6,0.7,94.82,2.41,160.56,17.31,91.25,5.8,4.63,8.74,5.11,5.41
2017,12,0.59,0.6,0.62,95.78,0.92,275.44,0.18,81.75,5.55,4.37,12.19,4.58,10.65
2017,13,0.59,0.59,0.62,95.15,3.26,272.12,3.46,79.19,5.37,3.11,13.83,3.87,7.88
2017,14,0.59,0.62,0.72,95.17,2.09,198.88,21.69,91.94,5.13,2.54,6.1,3.37,4.77
2017,15,0.61,0.63,0.7,95.1,4.38,310.75,11.93,78.75,4.03,1.33,7.33,0.08,7.54
2017,16,0.62,0.65,0.76,94.73,4.46,311.25,25.29,89.5,4.88,2.71,6.3,2.63,4.04
2017,17,0.65,0.68,0.77,94.27,4.19,305.06,18.8,89.81,4.39,1.48,3.72,1.02,3.07
2017,18,0.67,0.7,0.8,94.74,2.3,299.31,15.29,96.0,4.82,0.08,4.73,2.3,5.14
2017,19,0.68,0.7,0.76,95.1,1.59,168.31,1.36,83.0,4.03,-2.32,10.4,-0.2,11.42
2017,20,0.68,0.7,0.75,94.68,2.94,136.12,0.97,78.94,4.64,-0.7,12.7,1.68,10.37
2017,21,0.68,0.7,0.73,93.94,4.0,194.38,0.51,80.12,4.39,-0.08,9.32,0.96,7.98
2017,22,0.68,0.7,0.73,94.21,3.18,181.31,3.17,85.69,4.64,1.13,8.77,1.78,9.54
2017,23,0.68,0.7,0.76,94.45,2.03,269.56,6.68,90.5,5.25,1.69,9.21,3.54,7.89
2017,24,0.69,0.7,0.77,94.74,1.88,287.0,6.17,94.56,5.55,4.16,6.37,4.5,7.05
2017,25,0.7,0.71,0.76,95.42,2.2,272.0,2.72,81.25,5.0,1.76,10.8,3.09,8.95
2017,26,0.7,0.7,0.73,95.45,3.48,201.0,0.0,63.06,4.09,1.3,15.43,0.14,12.68
2017,27,0.69,0.7,0.73,95.25,4.97,198.19,0.02,60.25,3.85,3.41,13.12,-0.49,10.07
2017,28,0.69,0.7,0.76,94.96,3.34,247.31,9.07,85.25,5.13,2.89,9.83,3.34,8.79
2017,29,0.7,0.71,0.77,95.68,2.14,317.25,3.13,93.62,6.29,5.8,10.1,6.37,6.76
2017,30,0.7,0.71,0.75,95.78,1.05,249.69,0.38,81.0,5.55,4.07,14.58,4.63,13.09
2017,31,0.7,0.71,0.73,95.48,3.2,209.38,0.0,74.88,5.19,3.41,16.19,3.6,13.87
2017,32,0.7,0.7,0.73,95.42,3.29,210.94,0.0,70.44,5.13,5.31,14.64,3.37,10.55
2017,33,0.7,0.7,0.73,95.39,2.27,237.5,0.0,67.81,5.25,4.15,18.02,3.58,13.32
2017,34,0.69,0.7,0.73,95.54,1.8,256.69,0.0,74.25,5.98,4.69,16.97,5.48,13.17
2017,35,0.69,0.7,0.73,95.5,2.52,236.5,0.0,80.06,6.35,5.38,17.26,6.41,10.51
2017,36,0.69,0.7,0.73,95.07,5.12,254.19,2.7,74.88,6.1,5.75,17.8,5.83,8.67
2017,37,0.69,0.7,0.73,95.1,7.89,297.69,1.96,70.69,5.07,7.04,10.59,3.2,7.63
2017,38,0.69,0.7,0.73,95.29,4.02,303.44,1.04,88.56,6.84,5.91,13.8,7.55,8.35
2017,39,0.69,0.7,0.77,94.87,5.09,268.19,21.53,80.75,5.37,4.49,12.45,3.92,5.68
2017,40,0.71,0.73,0.78,94.95,5.88,308.75,3.75,79.56,5.13,5.3,9.18,3.38,7.31
2017,41,0.71,0.72,0.75,95.02,1.41,226.69,0.0,66.81,4.27,2.72,16.08,0.52,14.77
2017,42,0.7,0.72,0.74,94.9,3.69,202.06,0.0,53.5,3.91,2.84,18.48,-0.67,10.94
2017,43,0.7,0.71,0.73,94.92,3.89,184.06,0.0,50.12,3.91,3.72,17.99,-0.92,9.35
2017,44,0.7,0.7,0.73,94.92,3.67,197.31,0.0,48.5,4.39,5.96,22.44,0.61,12.56
2017,45,0.7,0.7,0.73,95.71,1.27,117.0,0.0,79.0,6.71,6.46,16.5,6.98,14.06
2017,46,0.7,0.7,0.73,96.19,2.28,121.69,0.0,79.06,6.04,5.19,17.46,5.87,13.58
2017,47,0.7,0.7,0.73,96.24,1.44,192.12,0.0,79.25,5.98,4.74,17.24,5.74,15.74
2017,48,0.69,0.7,0.73,95.9,1.3,129.38,0.0,82.0,6.35,4.55,17.1,6.47,15.93
2017,49,0.69,0.7,0.73,95.52,1.19,193.94,0.02,84.88,6.41,6.8,13.92,6.64,6.16
2017,50,0.69,0.7,0.73,95.53,1.27,147.81,0.0,78.69,5.8,4.6,16.72,5.09,14.51
2017,51,0.69,0.69,0.73,95.66,1.34,173.12,0.02,79.94,5.98,4.65,17.65,5.7,12.56
2017,52,0.69,0.69,0.72,95.65,1.22,150.75,0.01,76.75,5.98,4.44,18.6,5.62,15.87
2017,53,0.68,0.69,0.72,95.53,1.57,205.19,0.33,69.69,6.35,5.91,20.6,6.48,11.53
2017,54,0.68,0.69,0.72,95.14,2.13,192.0,1.35,70.19,7.75,9.85,21.31,9.23,9.22
2017,55,0.68,0.68,0.72,94.54,3.5,261.56,1.09,73.38,7.14,9.33,19.87,7.92,11.3
2017,56,0.68,0.69,0.73,95.08,2.73,287.06,4.65,85.62,6.35,5.52,12.29,6.4,4.73
2017,57,0.68,0.7,0.74,95.39,2.73,334.38,3.5,86.5,6.47,6.64,12.38,6.74,7.7
2017,58,0.68,0.69,0.72,95.2,1.77,218.31,0.01,71.5,5.49,3.36,17.48,4.35,18.78
2017,59,0.68,0.69,0.72,95.01,2.23,259.5,0.01,69.19,5.74,4.68,19.32,4.69,16.95
2017,60,0.68,0.68,0.71,95.41,1.64,252.5,0.02,81.69,6.71,5.69,17.39,7.3,15.4
2017,61,0.67,0.68,0.71,95.34,1.96,193.31,0.0,70.69,6.16,5.1,20.67,5.82,18.98
2017,62,0.67,0.67,0.7,94.71,3.48,201.81,0.0,54.06,5.19,5.94,22.65,3.35,19.09
2017,63,0.66,0.67,0.7,94.68,1.98,254.69,0.0,60.56,5.0,6.62,15.32,2.73,15.15
2017,64,0.66,0.66,0.7,95.22,2.39,288.94,0.01,79.94,6.35,5.84,15.39,6.35,14.76
2017,65,0.66,0.66,0.7,95.49,2.92,275.0,0.0,77.94,6.84,4.99,19.84,7.55,16.13
2017,66,0.66,0.66,0.7,95.46,4.45,310.69,0.02,82.12,7.14,8.29,16.17,8.21,15.27
2017,67,0.66,0.66,0.7,95.79,4.65,330.19,0.29,87.75,7.26,8.62,13.15,8.46,14.81
2017,68,0.66,0.66,0.69,95.87,3.02,315.31,0.03,78.5,6.84,7.51,17.58,7.61,19.08
2017,69,0.66,0.66,0.68,95.45,2.93,295.44,0.0,66.56,5.92,6.69,21.06,5.3,20.56
2017,70,0.65,0.65,0.68,95.25,1.45,204.56,0.01,71.25,6.35,5.84,21.4,6.33,20.68
2017,71,0.65,0.65,0.67,94.88,1.94,253.56,0.0,57.56,5.92,6.57,22.78,5.23,19.22
2017,72,0.64,0.64,0.67,94.87,1.09,170.31,0.14,66.25,7.02,10.13,21.14,7.5,16.7
2017,73,0.64,0.64,0.66,95.54,2.28,76.94,0.18,80.0,7.51,8.03,20.64,8.91,13.88
2017,74,0.64,0.64,0.66,95.55,2.85,76.62,0.13,81.25,6.53,6.23,16.62,6.94,16.85
2017,75,0.64,0.64,0.66,95.59,2.12,77.31,0.05,79.0,5.43,3.77,14.24,4.29,17.28
2017,76,0.63,0.63,0.66,95.63,1.57,141.0,0.09,65.69,4.82,2.69,19.58,2.33,22.55
2017,77,0.63,0.63,0.65,95.52,1.58,189.19,0.0,56.88,4.7,3.56,20.36,2.05,22.02
2017,78,0.63,0.62,0.64,95.24,1.23,144.38,0.0,53.69,4.88,7.4,22.19,2.65,22.46
2017,79,0.62,0.62,0.64,94.75,1.8,236.06,0.01,59.5,4.94,5.87,19.06,2.5,15.19
2017,80,0.62,0.62,0.63,94.85,2.49,301.5,0.16,77.19,6.35,5.87,17.69,6.33,18.73
2017,81,0.62,0.62,0.63,94.95,1.91,229.0,0.0,71.94,6.53,6.58,20.83,6.69,19.38
2017,82,0.62,0.62,0.62,94.73,2.19,185.25,0.31,64.06,6.29,6.4,23.87,6.19,18.59
2017,83,0.62,0.62,0.62,94.58,2.34,177.12,0.21,63.31,6.23,7.71,23.08,5.85,18.47
2017,84,0.61,0.61,0.62,95.36,1.8,199.06,0.08,70.62,5.31,5.09,17.61,3.7,21.47
2017,85,0.61,0.61,0.61,95.26,1.65,190.56,0.0,60.44,5.43,6.01,23.18,3.97,23.51
2017,86,0.61,0.6,0.6,95.4,2.59,269.88,0.08,62.12,6.04,8.05,22.8,5.6,22.4
2017,87,0.6,0.6,0.61,95.78,2.86,307.56,0.19,79.69,6.84,6.84,16.87,7.6,15.21
2017,88,0.6,0.6,0.6,95.97,2.62,325.56,0.08,75.5,6.1,6.15,16.0,5.97,19.87
2017,89,0.6,0.6,0.6,95.99,1.68,194.31,0.0,66.75,5.55,5.39,20.15,4.51,24.71
2017,90,0.6,0.59,0.59,95.61,2.79,216.12,0.0,51.44,5.07,6.73,24.62,3.07,20.55
2017,91,0.59,0.59,0.59,95.08,4.06,270.69,2.0,61.12,6.1,8.0,21.66,5.49,17.36
2017,92,0.59,0.59,0.6,95.15,3.38,299.75,1.39,75.0,6.16,6.3,15.45,5.94,17.91
2017,93,0.6,0.6,0.66,95.28,3.87,313.19,11.81,85.94,6.96,7.72,13.48,7.76,10.82
2017,94,0.61,0.62,0.64,95.5,2.5,315.62,1.97,81.69,6.96,7.8,17.23,7.9,18.59
2017,95,0.6,0.61,0.62,95.22,1.41,200.19,1.66,65.06,6.04,4.94,21.98,5.7,23.48
2017,96,0.62,0.62,0.7,94.95,2.24,248.56,15.09,84.5,7.08,7.98,14.7,8.08,8.71
2017,97,0.62,0.63,0.66,95.06,1.59,140.12,2.14,82.0,6.9,7.5,16.17,7.61,13.61
2017,98,0.62,0.62,0.65,95.34,2.34,64.5,1.43,84.56,7.51,8.94,16.27,8.94,10.17
2017,99,0.62,0.62,0.64,95.63,2.13,51.94,0.94,80.38,7.32,8.68,18.01,8.61,14.58
2017,100,0.62,0.62,0.62,95.73,1.66,110.56,0.02,71.0,6.41,6.8,19.73,6.65,24.97
2017,101,0.61,0.62,0.62,95.54,1.67,101.75,0.0,67.06,6.29,7.18,20.54,6.29,25.53
2017,102,0.61,0.61,0.62,95.5,1.43,106.56,0.02,63.12,6.29,8.01,21.14,6.34,25.49
2017,103,0.61,0.61,0.6,95.29,1.77,275.88,0.0,54.0,5.8,8.11,23.77,5.1,26.74
2017,104,0.6,0.6,0.59,95.25,2.05,282.81,0.0,49.56,6.16,10.35,25.74,5.99,25.62
2017,105,0.6,0.59,0.59,95.27,1.48,277.5,0.0,53.69,7.2,13.48,26.65,8.14,25.65
2017,106,0.59,0.59,0.59,95.5,2.53,315.12,0.0,74.88,7.69,9.35,20.49,9.33,20.8
2017,107,0.59,0.59,0.59,95.3,1.65,192.38,0.0,56.94,5.49,6.29,24.78,3.96,26.81
2017,108,0.59,0.59,0.58,94.98,1.76,74.31,0.0,57.19,6.96,10.55,26.4,7.76,25.86
2017,109,0.59,0.59,0.58,95.11,2.14,58.62,0.0,67.75,6.77,9.18,21.19,7.33,19.33
2017,110,0.59,0.58,0.58,95.46,2.66,31.62,0.0,71.75,6.35,8.26,18.02,6.55,15.62
2017,111,0.59,0.58,0.58,95.82,2.71,69.44,0.0,63.94,5.25,5.17,17.65,3.87,21.29
2017,112,0.58,0.58,0.57,95.74,1.48,136.88,0.0,57.5,4.76,2.64,22.63,2.15,28.44
2017,113,0.58,0.57,0.56,95.29,1.83,208.31,0.0,49.31,4.88,6.17,24.96,2.41,28.07
2017,114,0.58,0.57,0.56,95.02,1.61,172.75,0.0,49.25,5.62,9.66,26.57,4.28,27.2
2017,115,0.57,0.56,0.55,94.63,1.63,211.44,0.0,50.69,6.59,10.33,27.41,6.74,25.49
2017,116,0.57,0.56,0.55,94.51,3.45,222.62,1.3,56.06,8.06,13.15,28.53,9.65,19.08
2017,117,0.57,0.56,0.55,94.45,3.16,169.5,0.55,62.06,8.61,13.68,27.51,10.73,19.47
2017,118,0.56,0.56,0.57,94.79,4.17,35.88,1.98,80.75,7.57,8.69,15.65,8.89,6.65
2017,119,0.56,0.56,0.56,94.86,1.75,137.19,0.07,72.06,7.08,8.56,22.18,8.05,18.65
2017,120,0.56,0.56,0.55,94.92,1.95,246.94,0.14,73.81,8.24,9.61,23.3,10.22,25.8
2017,121,0.56,0.55,0.55,95.23,2.62,208.56,0.52,73.56,8.18,10.69,22.82,10.13,24.32
2017,122,0.56,0.55,0.55,95.34,1.8,88.19,0.51,72.19,7.63,9.94,21.62,9.21,20.6
2017,123,0.55,0.55,0.55,95.09,1.6,196.62,0.06,62.88,8.0,9.5,26.36,9.82,25.31
2017,124,0.55,0.55,0.53,94.85,2.61,224.12,0.0,51.88,8.67,14.74,30.52,10.97,26.4
2017,125,0.55,0.55,0.52,94.8,3.61,198.94,1.04,40.56,7.81,18.09,32.76,9.33,23.88
2017,126,0.55,0.54,0.52,95.15,3.05,229.25,0.0,54.06,8.24,14.04,29.09,10.26,26.06
2017,127,0.55,0.54,0.52,95.31,2.44,59.81,0.0,57.94,6.84,11.3,25.12,7.57,28.01
2017,128,0.55,0.54,0.52,95.22,1.71,188.75,0.0,50.69,5.8,10.27,24.01,5.01,29.74
2017,129,0.54,0.53,0.52,94.64,1.48,196.44,0.0,44.44,5.86,9.26,29.49,4.99,28.87
2017,130,0.54,0.53,0.52,94.18,1.73,188.69,0.0,50.44,8.36,16.72,28.85,10.26,21.1
2017,131,0.54,0.53,0.51,94.12,2.27,267.19,0.0,55.88,7.87,13.89,26.07,9.46,18.15
2017,132,0.53,0.52,0.51,94.65,2.58,232.69,0.0,59.38,8.0,12.65,27.22,9.73,23.2
2017,133,0.53,0.52,0.51,95.29,1.91,181.69,0.0,54.56,7.39,11.54,28.65,8.57,26.43
2017,134,0.53,0.52,0.5,95.74,2.09,116.38,0.37,53.38,7.69,13.85,28.73,9.34,23.92
2017,135,0.53,0.52,0.5,96.01,1.98,98.56,0.0,56.44,7.39,13.24,26.96,8.63,26.96
2017,136,0.52,0.52,0.5,95.89,1.48,108.88,0.0,53.56,6.65,12.81,25.31,6.98,28.78
2017,137,0.52,0.52,0.49,95.32,1.55,154.5,0.0,47.88,6.59,11.05,29.94,6.53,29.84
2017,138,0.52,0.52,0.48,94.78,3.02,233.5,0.0,46.81,7.87,15.32,30.44,9.39,24.03
2017,139,0.52,0.51,0.48,95.29,2.59,228.75,0.0,67.56,9.09,13.78,25.55,11.61,28.99
2017,140,0.52,0.51,0.48,95.67,2.48,50.81,0.0,63.75,7.81,11.16,25.48,9.43,28.24
2017,141,0.52,0.51,0.47,95.55,2.01,72.38,0.0,54.12,6.16,9.5,27.36,5.8,30.26
2017,142,0.52,0.51,0.47,95.23,2.1,217.94,0.81,59.75,8.54,12.65,28.04,10.7,21.13
2017,143,0.52,0.51,0.46,95.21,1.54,204.38,0.37,61.06,10.07,16.51,30.79,13.33,11.45
2017,144,0.52,0.51,0.45,95.3,1.73,113.81,0.0,54.81,8.48,14.48,30.75,10.61,27.76
2017,145,0.51,0.5,0.43,95.06,2.01,209.69,0.01,47.38,8.42,15.87,32.01,10.56,27.13
2017,146,0.51,0.5,0.41,94.93,2.05,203.0,0.83,44.75,8.12,17.62,32.6,9.8,27.13
2017,147,0.51,0.5,0.42,95.0,2.64,135.06,0.63,50.88,9.4,17.38,33.45,12.11,23.4
2017,148,0.51,0.5,0.4,95.09,2.05,73.06,0.0,46.62,8.42,17.42,33.24,10.38,28.69
2017,149,0.51,0.49,0.39,94.89,2.2,222.06,0.05,49.44,8.73,16.6,30.93,11.12,27.22
2017,150,0.51,0.5,0.43,95.1,1.98,186.75,3.63,64.38,9.95,17.37,26.9,12.98,17.95
2017,151,0.51,0.5,0.48,95.32,1.19,187.06,2.43,65.25,10.68,16.63,26.91,14.19,18.15
2017,152,0.51,0.5,0.47,95.38,0.82,191.94,5.0,59.31,10.68,18.5,28.48,14.15,25.96
2017,153,0.51,0.51,0.52,95.27,2.05,193.12,1.04,61.94,10.93,17.93,31.04,14.52,26.53
2017,154,0.51,0.51,0.47,95.04,1.58,184.94,0.19,50.75,9.46,16.87,32.8,12.24,26.91
2017,155,0.52,0.52,0.55,94.99,1.81,189.75,9.19,83.06,13.12,18.24,23.34,17.38,13.22
2017,156,0.53,0.54,0.61,94.78,2.76,271.56,15.51,78.0,10.44,14.21,20.88,13.73,8.82
2017,157,0.53,0.55,0.55,95.06,3.09,286.19,1.95,71.25,9.89,14.15,24.34,12.95,21.17
2017,158,0.53,0.54,0.52,95.47,2.06,97.31,0.0,58.88,8.54,13.92,28.04,10.76,29.68
2017,159,0.53,0.53,0.51,95.23,1.39,193.38,0.01,54.19,8.73,12.32,32.87,11.03,30.13
2017,160,0.52,0.52,0.49,94.99,2.77,228.94,0.0,46.81,9.09,18.47,34.06,11.64,25.28
2017,161,0.52,0.52,0.49,95.19,2.01,92.0,0.0,51.0,9.09,17.92,32.88,11.58,26.14
2017,162,0.52,0.52,0.48,95.14,2.2,87.88,0.0,51.12,9.09,17.24,32.64,11.68,28.31
2017,163,0.52,0.51,0.48,95.09,2.1,94.44,0.0,45.94,8.06,16.7,33.77,9.62,29.89
2017,164,0.52,0.51,0.47,94.95,1.98,152.25,0.0,42.69,8.12,16.84,35.33,9.98,30.29
2017,165,0.51,0.5,0.45,94.96,2.18,223.69,0.0,38.81,8.18,17.65,35.74,10.03,29.82
2017,166,0.51,0.5,0.43,95.15,1.8,146.75,0.0,37.94,8.36,20.68,36.87,10.29,29.05
2017,167,0.51,0.49,0.41,95.33,2.12,82.0,0.01,40.12,8.73,19.87,36.45,11.06,28.99
2017,168,0.5,0.49,0.4,95.22,1.85,146.38,0.0,42.31,9.09,20.48,33.86,11.73,28.78
2017,169,0.5,0.49,0.39,95.0,2.3,218.88,0.0,50.44,9.89,19.19,32.12,12.91,30.3
2017,170,0.5,0.49,0.38,95.25,2.37,82.75,0.02,51.44,9.89,17.74,34.25,12.92,28.03
2017,171,0.5,0.49,0.38,95.29,2.02,203.31,0.01,44.88,9.95,19.33,34.72,13.14,26.99
2017,172,0.5,0.48,0.37,95.12,2.6,194.69,0.54,49.06,10.99,20.44,34.82,14.65,26.98
2017,173,0.49,0.48,0.38,95.33,2.19,79.88,0.4,62.0,11.54,18.61,31.15,15.4,26.84
2017,174,0.49,0.48,0.36,95.54,1.97,162.0,0.03,55.5,11.17,18.52,33.19,15.0,27.55
2017,175,0.49,0.48,0.35,95.4,1.79,98.81,0.0,46.5,9.83,19.61,34.94,12.98,28.82
2017,176,0.49,0.48,0.34,95.11,1.66,186.38,0.0,38.75,8.73,19.64,37.34,10.96,30.02
2017,177,0.49,0.48,0.33,94.88,3.61,231.69,0.18,33.75,8.79,22.4,41.16,10.82,26.78
2017,178,0.49,0.48,0.33,94.83,4.14,196.62,0.31,46.38,11.29,23.64,35.89,14.94,19.48
2017,179,0.49,0.48,0.33,94.6,3.45,269.56,0.08,42.69,9.58,19.87,36.28,12.15,26.44
2017,180,0.48,0.48,0.32,94.67,2.38,219.56,0.0,48.94,9.34,17.95,35.19,11.48,29.76
2017,181,0.48,0.48,0.33,94.9,2.94,109.56,0.81,67.5,11.11,17.28,26.66,14.74,16.15
2017,182,0.48,0.48,0.34,95.29,2.95,13.56,0.13,60.88,9.09,15.39,26.25,11.82,16.9
2017,183,0.48,0.48,0.34,95.63,2.66,164.94,0.14,61.38,8.91,15.58,26.06,11.48,25.14
2017,184,0.48,0.48,0.34,95.66,2.3,233.62,0.04,65.06,10.01,15.11,27.85,13.26,24.3
2017,185,0.48,0.48,0.32,95.35,1.55,187.19,0.0,47.0,8.61,15.19,34.73,10.77,29.65
2017,186,0.48,0.48,0.31,95.22,1.88,206.94,0.0,32.19,7.63,19.16,37.65,9.1,29.17
2017,187,0.48,0.48,0.3,95.26,2.13,203.88,0.0,30.44,7.63,21.4,38.66,9.13,28.85
2017,188,0.48,0.47,0.3,95.24,2.02,147.56,0.0,26.06,6.53,21.63,38.73,6.76,30.2
2017,189,0.48,0.47,0.29,95.14,2.05,147.31,0.0,31.81,8.06,22.23,38.17,9.48,29.13
2017,190,0.48,0.47,0.28,95.01,2.28,205.56,0.0,35.0,8.61,22.28,37.83,10.63,27.24
2017,191,0.48,0.47,0.28,94.93,1.89,214.0,0.0,33.12,8.42,22.01,39.19,10.28,28.87
2017,192,0.48,0.47,0.27,95.08,2.9,243.25,0.0,21.62,6.53,24.65,42.65,6.71,26.58
2017,193,0.48,0.47,0.27,95.35,2.71,275.69,0.0,23.88,6.9,23.82,40.87,7.47,28.58
2017,194,0.48,0.46,0.26,95.32,1.94,210.19,0.0,31.69,8.48,24.24,39.58,10.48,29.24
2017,195,0.48,0.46,0.26,95.25,2.32,106.31,0.0,46.0,10.5,21.08,36.3,13.83,28.6
2017,196,0.48,0.46,0.26,95.23,2.45,83.56,0.0,51.12,10.13,19.04,34.92,13.26,28.2
2017,197,0.47,0.46,0.26,95.4,2.92,308.19,0.0,56.62,10.07,17.18,30.23,13.25,28.83
2017,198,0.47,0.46,0.26,95.33,1.96,61.69,0.0,50.19,9.58,18.05,32.83,12.36,28.73
2017,199,0.47,0.46,0.25,95.2,1.98,202.25,0.0,38.44,8.42,18.73,35.99,10.52,27.44
2017,200,0.47,0.46,0.24,95.01,1.97,211.31,0.0,30.25,8.3,22.52,39.26,10.3,26.18
2017,201,0.47,0.46,0.23,94.76,2.66,206.75,0.02,36.88,10.19,24.15,38.3,13.09,24.42
2017,202,0.47,0.46,0.24,94.82,1.88,190.5,0.45,50.81,11.66,23.02,34.45,15.37,16.65
2017,203,0.47,0.46,0.24,95.01,2.09,247.0,0.08,36.75,10.25,23.96,42.18,12.99,21.61
2017,204,0.47,0.46,0.23,95.27,2.34,234.88,1.61,31.69,10.13,26.92,41.08,13.15,18.31
2017,205,0.47,0.46,0.28,95.11,3.18,229.12,0.2,56.69,13.37,21.1,34.39,17.56,21.25
2017,206,0.47,0.46,0.28,94.99,2.81,90.0,0.0,59.12,11.66,19.96,31.61,15.44,26.47
2017,207,0.47,0.46,0.27,94.99,2.62,109.81,0.0,54.56,10.13,17.69,31.59,13.27,27.32
2017,208,0.47,0.46,0.27,95.15,1.76,146.44,0.0,49.19,9.52,18.37,32.67,12.34,27.45
2017,209,0.47,0.46,0.25,95.16,2.06,171.81,0.0,31.75,7.45,20.39,38.36,8.76,27.79
2017,210,0.47,0.46,0.23,95.11,1.67,202.38,0.0,27.19,8.0,22.57,40.87,9.81,26.61
2017,211,0.47,0.46,0.23,94.94,2.59,204.44,0.0,27.94,8.42,24.8,40.89,10.46,27.16
2017,212,0.47,0.46,0.22,94.82,2.92,216.44,0.0,22.25,7.45,26.69,42.51,8.72,25.93
2017,213,0.47,0.46,0.2,95.09,2.48,115.94,0.01,23.94,7.63,26.72,42.1,8.82,25.17
2017,214,0.47,0.46,0.2,95.34,2.08,140.56,0.02,32.25,9.03,24.34,40.72,11.2,26.04
2017,215,0.47,0.46,0.2,95.24,2.27,276.5,0.0,28.06,8.12,24.9,41.33,9.81,26.07
2017,216,0.47,0.46,0.19,95.08,2.28,171.0,0.0,32.31,9.03,23.75,41.44,11.08,26.22
2017,217,0.47,0.46,0.19,95.04,1.98,188.19,0.0,30.81,8.73,24.44,40.94,10.67,26.02
2017,218,0.47,0.46,0.18,95.09,2.09,162.0,0.0,36.56,10.19,24.08,39.81,13.17,25.08
2017,219,0.47,0.46,0.18,95.11,2.01,157.81,0.0,45.12,11.41,22.86,39.69,14.88,26.04
2017,220,0.46,0.46,0.18,94.95,2.64,200.94,0.02,30.31,8.67,24.5,42.3,10.61,20.39
2017,221,0.46,0.46,0.17,94.95,1.45,233.12,0.05,35.0,9.89,24.69,40.04,12.42,21.58
2017,222,0.46,0.46,0.18,95.28,3.37,217.88,0.19,63.69,13.49,20.86,32.87,17.77,17.02
2017,223,0.46,0.46,0.18,95.43,3.41,46.25,0.03,53.44,10.38,19.22,33.36,13.87,20.09
2017,224,0.46,0.46,0.18,95.49,3.63,62.25,0.02,55.56,10.25,18.76,31.44,13.65,16.86
2017,225,0.46,0.46,0.18,95.3,2.18,160.69,0.06,47.38,9.7,18.91,34.51,12.76,20.81
2017,226,0.46,0.46,0.18,95.22,1.74,169.94,0.14,38.44,9.46,21.23,39.36,12.08,22.59
2017,227,0.46,0.46,0.18,95.31,1.79,166.5,0.0,37.62,9.77,22.62,39.69,12.58,20.34
2017,228,0.46,0.46,0.18,95.24,2.34,242.75,0.1,35.88,9.89,24.01,39.63,12.81,24.82
2017,229,0.46,0.46,0.19,95.28,2.15,199.38,0.53,54.0,12.88,22.79,35.95,16.93,23.35
2017,230,0.46,0.46,0.19,95.2,1.83,180.69,0.02,36.94,9.7,21.98,37.54,12.69,23.1
2017,231,0.46,0.46,0.18,95.19,2.47,151.12,0.0,38.69,9.89,22.98,37.08,12.93,25.29
2017,232,0.46,0.46,0.18,95.44,2.57,31.25,0.0,56.31,11.41,20.13,33.73,15.12,23.72
2017,233,0.46,0.46,0.18,95.38,2.32,229.69,0.0,53.06,9.22,18.02,30.5,11.87,25.36
2017,234,0.46,0.46,0.18,95.27,2.05,122.56,0.0,52.5,9.09,16.37,33.23,11.45,25.8
2017,235,0.46,0.46,0.17,95.25,2.05,148.5,0.0,41.94,8.0,17.1,35.36,9.56,25.37
2017,236,0.46,0.45,0.17,95.23,2.2,159.62,0.0,30.81,6.84,18.69,37.34,7.3,24.84
2017,237,0.46,0.45,0.16,95.23,2.23,199.69,0.0,32.5,8.36,21.56,37.39,10.3,24.75
2017,238,0.46,0.46,0.17,95.18,2.27,206.62,1.49,35.81,9.83,23.98,37.85,12.86,19.72
2017,239,0.46,0.46,0.22,95.14,2.05,192.0,0.03,33.0,8.85,23.86,37.69,11.12,22.11
2017,240,0.46,0.46,0.2,95.11,2.32,276.75,0.02,30.88,8.0,23.26,38.59,9.23,22.58
2017,241,0.46,0.46,0.2,95.06,1.72,105.12,0.0,43.0,10.74,23.23,36.92,14.19,22.3
2017,242,0.46,0.46,0.19,94.99,2.38,182.56,0.0,38.12,9.52,23.08,37.17,12.12,23.25
2017,243,0.46,0.46,0.18,95.15,1.95,216.69,0.05,46.06,10.25,22.55,37.15,13.02,16.52
2017,244,0.46,0.46,0.18,95.04,2.09,158.44,0.0,47.69,10.56,21.4,38.5,13.37,21.63
2017,245,0.46,0.46,0.17,95.34,3.66,19.5,0.04,64.12,11.54,18.13,28.65,15.33,12.19
2017,246,0.46,0.46,0.17,95.23,1.8,150.44,0.06,48.38,8.0,17.14,31.05,9.4,24.44
2017,247,0.46,0.45,0.17,95.17,2.62,184.5,0.0,41.75,7.75,18.2,33.33,8.95,22.18
2017,248,0.46,0.45,0.17,95.59,2.12,85.69,0.0,53.25,9.46,17.44,32.32,12.05,23.1
2017,249,0.46,0.45,0.16,95.46,2.23,77.5,0.04,50.25,9.46,17.82,33.42,12.18,21.77
2017,250,0.46,0.46,0.2,95.14,1.9,61.75,1.74,65.5,11.66,18.62,29.05,15.49,14.18
2017,251,0.47,0.46,0.23,95.02,1.77,138.5,0.29,63.81,10.5,17.52,29.4,13.79,18.08
2017,252,0.47,0.46,0.23,94.42,3.14,223.0,0.03,41.5,8.18,17.19,34.42,9.9,20.75
2017,253,0.48,0.48,0.45,94.35,3.95,282.0,15.37,64.19,9.4,13.77,23.26,11.89,7.77
2017,254,0.48,0.48,0.48,94.96,2.76,282.62,0.03,56.88,8.12,14.21,27.53,9.94,22.22
2017,255,0.48,0.48,0.45,95.12,2.77,225.31,0.0,44.38,7.26,14.85,33.55,7.73,23.05
2017,256,0.48,0.48,0.45,95.68,2.02,64.56,0.0,67.31,10.62,16.37,30.23,14.08,21.65
2017,257,0.48,0.48,0.42,95.26,2.64,195.94,0.0,48.38,8.24,16.33,33.49,9.83,22.57
2017,258,0.48,0.47,0.41,94.78,2.82,191.38,0.0,47.44,8.48,16.62,34.92,10.19,20.7
2017,259,0.47,0.47,0.39,94.75,2.39,272.56,0.07,54.25,10.19,19.53,29.39,12.95,15.06
2017,260,0.47,0.47,0.38,95.3,2.44,89.12,0.02,65.19,10.68,17.0,28.7,14.12,20.42
2017,261,0.47,0.47,0.36,95.17,2.95,261.19,0.08,58.56,9.46,15.51,32.13,12.15,20.37
2017,262,0.47,0.47,0.35,95.45,2.71,269.31,0.37,66.44,9.52,15.34,24.98,12.37,19.19
2017,263,0.47,0.47,0.35,95.54,1.93,74.56,0.41,61.75,8.48,14.82,25.33,10.69,18.23
2017,264,0.47,0.47,0.34,95.32,1.86,181.62,0.0,49.19,7.2,12.98,29.95,8.23,20.76
2017,265,0.47,0.47,0.33,95.29,2.17,246.94,1.59,50.0,8.61,15.71,32.69,10.62,20.15
2017,266,0.47,0.47,0.44,95.38,2.7,213.25,3.46,65.69,10.99,18.48,28.05,14.68,12.62
2017,267,0.48,0.47,0.45,95.5,2.09,253.31,0.47,70.44,10.99,15.64,25.66,14.57,18.06
2017,268,0.47,0.47,0.42,95.42,1.55,104.69,0.0,54.88,7.45,13.07,29.11,8.2,20.79
2017,269,0.47,0.47,0.38,95.31,2.02,178.44,0.02,55.81,8.24,14.86,28.44,10.01,18.55
2017,270,0.47,0.47,0.37,95.53,1.73,49.19,0.07,71.31,10.13,15.4,26.15,13.43,17.58
2017,271,0.47,0.47,0.35,95.75,1.72,72.38,0.21,66.75,9.58,14.0,27.17,12.61,18.53
2017,272,0.47,0.47,0.34,95.55,1.9,158.38,0.07,57.75,8.61,14.87,28.56,10.93,18.74
2017,273,0.47,0.46,0.32,95.41,1.65,160.31,0.0,55.5,7.81,13.89,27.69,9.3,18.63
2017,274,0.47,0.47,0.33,95.45,1.8,190.12,1.58,62.31,9.03,15.64,25.23,11.56,15.41
2017,275,0.47,0.47,0.46,95.54,1.58,289.75,5.89,79.0,10.01,14.55,20.05,13.28,11.25
2017,276,0.48,0.48,0.48,95.48,1.86,73.56,1.0,76.62,9.83,14.12,22.46,12.96,11.87
2017,277,0.48,0.48,0.49,95.71,2.03,36.75,2.99,79.81,10.56,14.88,22.51,14.12,9.7
2017,278,0.48,0.48,0.47,95.63,1.59,47.94,0.19,75.88,10.19,14.55,24.94,13.6,14.25
2017,279,0.48,0.48,0.45,95.3,1.88,287.5,0.38,73.62,9.64,13.73,25.33,12.55,18.59
2017,280,0.48,0.48,0.45,95.47,2.05,246.62,0.48,70.69,8.73,12.66,23.26,11.04,15.85
2017,281,0.48,0.48,0.44,95.5,1.91,207.0,0.0,62.5,7.45,10.58,25.07,8.76,18.48
2017,282,0.48,0.47,0.42,95.43,1.77,187.69,0.0,61.81,7.81,12.32,25.98,9.52,18.33
2017,283,0.47,0.47,0.41,95.53,1.55,144.31,0.0,66.88,8.12,11.44,26.73,10.05,18.02
2017,284,0.47,0.47,0.39,95.73,1.51,173.62,0.0,63.75,7.63,12.02,27.43,8.73,17.98
2017,285,0.47,0.47,0.38,96.06,1.57,101.5,0.0,65.06,7.93,12.63,26.63,9.63,17.73
2017,286,0.47,0.47,0.36,96.1,1.48,113.75,0.0,52.31,6.41,12.61,27.42,6.16,17.53
2017,287,0.47,0.47,0.34,96.03,1.63,104.69,0.0,46.06,5.8,12.91,27.55,4.71,17.07
2017,288,0.47,0.47,0.33,95.99,1.42,177.69,0.0,48.06,5.86,11.95,27.48,4.88,17.21
2017,289,0.47,0.46,0.32,95.93,1.56,235.56,0.0,54.44,6.9,11.46,27.54,7.69,16.61
2017,290,0.47,0.46,0.31,95.71,1.42,200.38,0.0,49.88,6.53,12.1,27.31,6.82,16.87
2017,291,0.47,0.46,0.3,95.23,2.3,206.38,0.0,42.56,5.68,11.93,26.74,4.83,15.75
2017,292,0.47,0.47,0.38,94.78,3.06,212.44,12.2,54.75,7.45,12.85,27.4,8.56,11.09
2017,293,0.48,0.49,0.52,95.14,2.67,306.5,3.59,76.06,8.67,11.2,19.73,10.95,6.75
2017,294,0.48,0.49,0.49,95.67,1.43,244.88,1.22,77.75,9.46,13.55,22.3,12.48,6.62
2017,295,0.48,0.49,0.48,95.71,1.74,198.25,1.11,81.06,9.77,12.37,22.67,12.91,13.39
2017,296,0.48,0.49,0.49,95.72,2.42,230.81,0.89,83.25,9.16,11.78,19.65,11.92,12.45
2017,297,0.48,0.49,0.48,95.72,3.23,328.25,0.93,82.06,9.16,12.71,18.44,11.97,7.78
2017,298,0.48,0.48,0.47,95.95,1.5,226.56,0.02,69.44,7.69,11.08,22.5,9.32,15.55
2017,299,0.48,0.48,0.47,96.13,1.34,135.88,0.0,51.62,5.31,8.65,26.44,3.21,15.92
2017,300,0.48,0.48,0.46,95.9,1.89,292.75,0.0,54.25,6.04,11.56,25.94,4.84,15.73
2017,301,0.48,0.48,0.46,95.65,2.55,329.31,0.16,80.31,9.16,12.21,20.39,11.88,11.83
2017,302,0.48,0.48,0.46,95.46,1.5,316.25,0.03,70.12,7.93,12.11,22.54,9.64,14.57
2017,303,0.48,0.48,0.46,95.13,1.39,200.69,0.0,65.88,7.14,9.8,23.33,7.91,14.96
2017,304,0.48,0.48,0.45,95.34,1.12,157.44,0.02,68.0,7.39,10.26,24.24,8.33,14.22
2017,305,0.48,0.48,0.45,95.59,1.16,176.5,0.03,76.25,8.3,10.7,22.3,10.41,13.42
2017,306,0.48,0.48,0.45,95.48,2.09,227.0,0.0,56.19,6.1,9.08,25.79,5.77,14.55
2017,307,0.48,0.48,0.43,95.12,3.45,226.12,0.0,39.0,5.0,12.83,28.65,2.82,14.67
2017,308,0.48,0.47,0.41,94.94,2.5,230.0,0.1,38.81,5.07,13.13,28.83,2.24,12.91
2017,309,0.48,0.48,0.45,95.03,2.86,279.12,6.26,65.31,7.57,11.57,21.92,8.49,13.23
2017,310,0.49,0.5,0.59,94.93,3.28,309.31,14.77,85.12,7.57,7.83,13.65,8.9,5.61
2017,311,0.5,0.51,0.52,95.1,2.42,288.25,1.34,77.44,6.04,6.7,13.85,5.72,8.28
2017,312,0.5,0.51,0.49,95.39,1.77,263.94,0.0,67.38,5.8,6.12,18.62,5.08,13.83
2017,313,0.5,0.51,0.51,95.23,2.48,287.31,5.29,72.56,6.29,7.34,18.69,6.04,12.2
2017,314,0.51,0.52,0.57,95.32,2.69,330.31,8.06,85.56,6.71,8.17,11.38,7.26,7.66
2017,315,0.52,0.54,0.62,95.26,5.73,343.38,14.48,85.5,7.75,10.24,14.0,9.39,6.09
2017,316,0.53,0.55,0.59,95.15,3.09,312.44,5.88,86.88,8.24,8.83,16.51,10.3,4.72
2017,317,0.54,0.56,0.62,94.5,4.01,308.0,13.62,86.75,6.9,7.17,13.23,7.29,3.88
2017,318,0.55,0.59,0.7,94.61,6.01,326.19,25.62,82.94,6.04,7.38,10.03,5.69,3.89
2017,319,0.58,0.62,0.68,95.03,5.0,321.25,8.53,81.31,6.59,8.85,11.83,7.04,5.18
2017,320,0.59,0.6,0.63,95.28,2.5,321.56,2.06,82.62,6.84,8.26,14.02,7.62,8.61
2017,321,0.59,0.6,0.62,95.34,1.88,313.94,0.03,83.81,6.9,7.22,15.42,7.65,11.09
2017,322,0.59,0.59,0.6,95.36,2.18,297.38,0.07,86.0,6.9,6.99,14.69,7.62,8.82
2017,323,0.58,0.59,0.59,95.53,1.8,307.94,0.04,76.25,6.23,6.74,15.62,6.11,10.63
2017,324,0.58,0.59,0.59,95.73,1.26,217.12,0.0,70.12,5.25,4.84,17.38,3.54,12.75
2017,325,0.58,0.59,0.59,95.62,1.69,214.62,0.0,55.31,4.21,3.94,19.29,0.48,12.79
2017,326,0.58,0.58,0.58,95.28,2.23,221.75,0.0,56.0,4.33,3.43,19.23,0.84,8.9
2017,327,0.58,0.58,0.58,95.33,1.73,267.94,0.0,66.31,5.25,6.55,16.66,3.76,7.84
2017,328,0.58,0.58,0.58,95.61,1.39,206.44,0.0,59.38,4.88,5.52,20.15,2.38,12.37
2017,329,0.57,0.58,0.57,95.49,2.37,234.5,0.0,50.44,4.52,6.77,21.71,1.45,11.1
2017,330,0.57,0.58,0.58,95.82,2.09,171.38,1.45,84.0,6.65,7.76,12.51,7.05,4.28
2017,331,0.57,0.58,0.58,96.1,1.95,322.12,0.34,78.44,5.43,4.86,11.87,4.34,7.42
2017,332,0.57,0.58,0.57,95.34,3.05,220.62,0.03,76.69,5.19,1.72,16.08,3.51,11.07
2017,333,0.57,0.57,0.57,94.29,4.8,219.19,0.36,66.81,6.29,7.81,20.02,6.11,9.82
2017,334,0.59,0.6,0.72,94.31,2.45,88.56,33.44,91.56,6.84,5.54,10.52,7.3,2.31
2017,335,0.61,0.63,0.69,94.65,1.85,250.81,2.2,79.5,4.94,2.78,10.34,2.74,7.21
2017,336,0.62,0.64,0.73,94.67,4.23,273.31,15.84,85.5,4.58,1.87,6.26,1.67,6.35
2017,337,0.62,0.65,0.73,95.51,3.84,281.25,9.73,90.31,4.94,0.9,7.33,2.76,6.99
2017,338,0.63,0.66,0.7,96.44,2.23,317.81,0.97,84.12,4.94,2.62,9.65,3.04,5.44
2017,339,0.63,0.65,0.69,96.81,1.21,175.5,0.73,88.12,5.74,4.4,11.2,5.3,5.72
2017,340,0.63,0.65,0.68,96.66,1.68,157.0,0.17,79.88,4.94,2.73,13.62,3.04,7.3
2017,341,0.63,0.64,0.67,96.4,1.46,242.19,0.0,76.56,4.7,1.85,13.19,2.31,10.1
2017,342,0.63,0.64,0.67,95.93,2.16,241.5,0.0,75.31,4.58,0.55,13.87,1.93,11.09
2017,343,0.63,0.64,0.7,95.57,1.91,210.31,4.84,86.12,5.86,3.8,10.91,5.06,4.21
2017,344,0.63,0.65,0.68,95.21,2.66,227.5,0.31,84.5,6.35,5.87,15.44,6.5,9.32
2017,345,0.63,0.64,0.67,94.11,7.43,205.0,0.0,68.31,5.92,6.98,17.61,5.33,5.68
2017,346,0.63,0.64,0.66,94.76,2.38,256.81,0.07,71.0,5.68,6.0,14.94,4.62,5.98
2017,347,0.63,0.64,0.68,95.8,1.73,286.81,2.08,87.38,5.86,2.94,10.92,5.29,5.25
2017,348,0.63,0.64,0.67,95.51,2.23,235.06,0.0,72.38,4.52,1.1,15.4,1.53,11.32
2017,349,0.63,0.63,0.66,94.62,3.43,242.69,1.01,77.31,5.92,4.48,16.46,5.18,9.47
2017,350,0.64,0.65,0.72,94.81,2.38,311.12,9.2,88.75,6.29,4.11,11.2,6.12,5.06
2017,351,0.64,0.65,0.7,95.76,2.52,328.69,2.42,84.25,5.0,3.61,9.19,3.17,4.65
2017,352,0.64,0.66,0.71,95.92,2.73,323.5,5.05,89.75,5.49,4.44,9.47,4.55,4.37
2017,353,0.65,0.66,0.71,95.79,0.95,169.81,4.79,87.56,5.25,3.14,9.43,3.76,7.26
2017,354,0.65,0.66,0.72,95.9,0.89,167.19,5.95,88.88,5.62,5.08,9.97,4.8,6.71
2017,355,0.66,0.68,0.75,96.11,3.16,29.0,8.77,90.0,5.19,3.01,7.05,3.66,3.52
2017,356,0.66,0.68,0.73,96.32,2.95,328.06,4.43,92.44,6.04,2.87,9.15,5.69,6.26
2017,357,0.66,0.68,0.73,96.47,2.11,326.44,0.92,89.38,6.65,7.17,11.84,7.33,7.43
2017,358,0.66,0.68,0.71,96.53,1.03,123.06,0.04,79.69,5.31,3.26,13.96,4.05,9.64
2017,359,0.66,0.67,0.71,96.04,2.39,219.06,0.0,77.12,4.52,1.69,14.19,1.76,11.06
2017,360,0.66,0.67,0.71,95.45,3.17,233.62,0.02,79.81,4.94,1.13,13.69,2.83,10.29
2017,361,0.66,0.68,0.73,94.32,5.17,255.88,7.1,83.88,6.1,5.53,12.58,5.7,2.99
2017,362,0.67,0.69,0.74,94.46,4.2,293.31,7.61,83.06,6.35,6.5,12.69,6.17,6.59
2017,363,0.68,0.7,0.74,95.34,3.45,310.75,3.2,86.25,7.02,8.24,13.41,7.83,9.8
2017,364,0.68,0.69,0.73,96.04,1.96,272.0,0.14,81.69,6.59,7.1,16.59,7.08,10.94
2017,365,0.68,0.69,0.72,95.86,1.92,228.88,0.0,75.44,6.1,4.67,20.28,5.96,11.28
2018,1,0.67,0.68,0.72,96.09,3.91,285.56,0.24,75.69,5.49,3.33,12.49,4.22,9.48
2018,2,0.67,0.68,0.72,96.04,2.99,292.75,0.08,86.44,6.47,3.97,14.31,6.58,8.39
2018,3,0.67,0.68,0.71,96.08,2.21,279.38,0.0,79.75,6.04,5.19,17.23,5.83,9.21
2018,4,0.67,0.68,0.71,95.75,2.45,271.44,0.0,77.38,6.23,6.01,18.01,6.19,10.94
2018,5,0.67,0.67,0.71,94.99,2.15,222.81,0.0,68.31,5.62,5.23,20.01,4.58,11.58
2018,6,0.66,0.67,0.7,94.12,4.39,188.31,0.0,58.44,4.76,6.65,18.51,2.19,8.39
2018,7,0.66,0.67,0.7,93.88,3.39,190.56,1.19,62.19,5.0,6.23,16.23,2.68,7.29
2018,8,0.66,0.67,0.7,94.56,3.04,206.06,0.16,75.12,4.82,2.04,12.83,2.4,9.96
2018,9,0.66,0.66,0.7,95.39,1.75,254.62,0.0,77.12,4.58,1.3,13.81,1.81,11.61
2018,10,0.66,0.66,0.7,95.34,2.07,231.69,0.41,82.38,4.76,0.39,10.31,2.29,5.55
2018,11,0.66,0.67,0.72,95.01,4.11,277.88,7.33,82.38,5.37,4.75,10.8,3.84,7.87
2018,12,0.67,0.69,0.76,95.32,4.75,307.19,8.37,88.62,5.55,4.34,8.55,4.63,5.64
2018,13,0.67,0.69,0.73,95.49,1.5,240.5,0.96,80.0,5.0,3.8,11.4,2.98,9.68
2018,14,0.67,0.69,0.72,95.29,2.15,244.19,0.08,72.44,4.88,1.73,13.89,2.56,10.89
2018,15,0.67,0.68,0.72,95.63,1.45,261.38,0.09,81.12,5.55,3.37,14.81,4.5,9.73
2018,16,0.67,0.68,0.71,95.94,1.9,264.12,0.06,77.5,5.25,3.23,14.62,3.74,12.26
2018,17,0.67,0.68,0.71,95.61,2.59,231.25,0.42,78.06,5.74,2.87,15.46,4.55,12.22
2018,18,0.67,0.68,0.71,95.68,1.52,160.31,0.15,81.25,5.98,4.8,17.35,5.59,12.65
2018,19,0.67,0.67,0.71,95.08,1.86,104.62,0.41,79.81,5.55,2.69,15.76,4.3,10.5
2018,20,0.67,0.68,0.73,95.45,2.82,197.38,3.45,89.38,6.53,5.87,12.38,6.87,5.21
2018,21,0.67,0.68,0.71,95.57,3.69,288.12,0.0,87.69,6.9,4.92,15.29,7.6,10.33
2018,22,0.67,0.67,0.71,95.82,2.5,289.69,0.0,85.94,6.9,5.9,16.74,7.75,12.78
2018,23,0.66,0.67,0.71,95.94,2.08,301.44,0.0,87.25,6.65,4.94,15.57,7.19,11.86
2018,24,0.66,0.67,0.7,96.08,1.35,254.69,0.0,75.44,5.43,3.97,16.98,4.15,13.23
2018,25,0.66,0.67,0.7,95.67,3.57,214.31,0.0,77.19,5.55,3.51,17.55,4.66,13.3
2018,26,0.66,0.66,0.7,95.23,2.89,240.56,0.82,77.5,5.98,5.08,16.35,5.51,10.99
2018,27,0.66,0.67,0.72,95.56,1.14,161.88,3.16,91.88,5.8,3.96,9.35,5.16,4.71
2018,28,0.66,0.67,0.7,96.3,1.58,111.12,0.0,80.12,5.25,1.96,15.18,3.7,12.06
2018,29,0.66,0.67,0.7,96.45,1.2,130.88,0.0,77.5,5.13,2.8,14.85,3.58,12.58
2018,30,0.66,0.66,0.7,96.23,1.36,187.12,0.0,79.31,5.19,2.07,15.55,3.65,13.34
2018,31,0.66,0.66,0.7,95.69,1.9,232.75,0.0,74.81,4.88,1.12,15.8,2.77,13.8
2018,32,0.66,0.66,0.7,94.65,3.6,214.81,0.82,77.38,6.1,3.79,17.23,5.72,10.05
2018,33,0.66,0.66,0.7,93.92,4.65,222.69,1.68,76.56,5.8,4.53,16.92,4.9,12.77
2018,34,0.66,0.67,0.73,94.68,2.83,288.81,5.41,85.38,4.52,1.33,6.09,1.45,6.25
2018,35,0.66,0.67,0.7,94.8,2.05,214.62,0.03,66.19,3.48,-0.46,12.79,-2.22,15.05
2018,36,0.66,0.66,0.7,94.47,3.2,206.5,0.0,65.94,3.3,-1.17,12.09,-2.76,12.42
2018,37,0.66,0.67,0.73,94.05,1.77,226.69,5.97,82.25,4.21,0.9,6.45,0.49,5.16
2018,38,0.66,0.67,0.72,94.59,3.2,275.38,2.74,88.56,4.88,0.66,8.41,2.55,7.42
2018,39,0.66,0.67,0.71,95.01,1.57,214.31,0.22,78.56,4.58,0.05,11.42,1.65,14.17
2018,40,0.66,0.68,0.73,94.82,1.77,263.12,4.29,90.56,4.76,1.98,6.93,2.31,9.1
2018,41,0.67,0.68,0.74,94.66,2.87,312.19,8.35,89.12,4.88,2.58,7.26,2.69,7.97
2018,42,0.68,0.69,0.73,95.13,2.7,302.12,2.16,85.38,4.52,0.19,8.26,1.5,7.19
2018,43,0.68,0.69,0.73,95.0,2.65,253.38,3.98,82.19,5.43,-0.07,14.56,3.92,12.66
2018,44,0.68,0.7,0.74,95.23,3.13,292.12,2.84,80.12,4.76,1.32,9.56,2.12,13.82
2018,45,0.68,0.69,0.73,95.25,3.34,279.31,1.41,84.69,5.55,1.2,12.92,4.19,9.48
2018,46,0.68,0.69,0.73,95.8,1.79,297.0,0.29,86.5,6.35,5.73,14.23,6.54,10.48
2018,47,0.68,0.69,0.72,95.79,1.54,189.44,0.04,78.75,6.35,4.27,18.25,6.53,14.92
2018,48,0.68,0.69,0.73,95.36,1.5,258.0,1.14,86.81,7.2,8.38,14.4,8.27,7.16
2018,49,0.68,0.7,0.74,95.25,1.94,218.44,5.02,92.81,6.77,5.73,11.05,7.41,4.53
2018,50,0.68,0.7,0.73,94.97,1.02,213.94,2.94,86.12,6.1,5.76,12.35,5.91,8.33
2018,51,0.69,0.7,0.76,94.53,3.19,301.44,9.41,88.44,6.29,5.32,11.19,6.12,10.21
2018,52,0.7,0.72,0.8,93.88,2.12,278.25,14.05,87.38,5.86,3.42,9.77,5.08,6.23
2018,53,0.71,0.73,0.77,93.75,2.96,309.75,4.79,89.19,4.82,1.5,7.34,2.37,8.43
2018,54,0.71,0.73,0.77,93.95,1.77,281.44,2.84,89.06,4.7,1.36,7.0,1.98,12.67
2018,55,0.71,0.73,0.76,94.04,1.36,84.38,0.49,76.69,4.76,1.02,13.59,2.07,15.25
2018,56,0.71,0.72,0.75,94.41,2.26,258.81,0.69,81.62,4.94,1.21,10.57,2.79,13.95
2018,57,0.71,0.72,0.74,94.13,1.94,239.12,0.01,67.25,4.15,0.01,14.53,0.05,18.61
2018,58,0.7,0.72,0.75,93.99,1.34,156.19,1.63,83.12,5.62,2.81,11.86,4.34,12.13
2018,59,0.7,0.71,0.73,94.06,4.95,211.94,0.04,63.06,5.86,5.47,21.24,4.9,18.96
2018,60,0.7,0.7,0.73,93.5,4.31,221.38,0.01,53.88,5.98,10.63,21.9,5.01,11.95
2018,61,0.7,0.7,0.73,94.11,2.68,249.94,0.0,62.56,6.16,9.72,19.17,5.74,13.3
2018,62,0.7,0.7,0.73,94.09,2.88,242.0,0.05,70.31,7.14,9.37,21.12,7.99,16.42
2018,63,0.7,0.7,0.73,93.44,3.76,241.81,2.94,83.56,7.2,7.11,17.46,7.96,8.34
2018,64,0.7,0.7,0.74,93.49,4.44,250.56,4.56,76.56,6.84,8.05,17.36,7.32,15.89
2018,65,0.7,0.7,0.73,93.8,4.17,259.81,0.24,71.38,5.62,6.96,14.76,4.46,16.02
2018,66,0.7,0.7,0.73,94.41,3.48,270.88,1.83,79.12,6.29,5.74,15.17,6.17,13.23
2018,67,0.7,0.7,0.75,94.77,2.77,212.06,3.53,89.31,7.08,3.64,15.05,7.83,7.73
2018,68,0.7,0.7,0.73,95.1,2.13,252.94,0.02,75.69,7.63,8.3,21.08,9.05,20.17
2018,69,0.69,0.7,0.72,94.82,4.29,204.56,0.0,58.5,7.2,11.58,24.57,8.12,18.17
2018,70,0.69,0.69,0.72,94.53,2.33,269.19,0.02,67.81,6.77,7.99,20.13,7.2,13.36
2018,71,0.68,0.69,0.71,95.02,3.52,282.81,0.04,70.44,5.68,5.94,16.08,4.67,21.5
2018,72,0.68,0.68,0.71,95.23,2.18,275.44,0.08,72.88,5.86,4.57,18.32,5.16,20.01
2018,73,0.67,0.68,0.71,94.89,1.7,245.56,0.04,73.56,7.51,8.97,20.51,8.85,18.41
2018,74,0.67,0.67,0.7,94.21,2.64,230.5,0.18,67.94,7.39,11.12,20.54,8.32,9.87
2018,75,0.67,0.68,0.73,94.01,2.84,184.69,9.79,88.38,7.57,5.0,16.87,8.72,10.31
2018,76,0.68,0.7,0.74,93.94,3.41,269.75,3.09,75.06,5.55,4.62,12.9,4.23,17.21
2018,77,0.68,0.7,0.75,93.8,3.48,266.81,6.79,82.75,6.16,4.79,13.69,5.82,9.57
2018,78,0.69,0.7,0.73,94.32,2.97,269.75,0.67,72.31,5.19,4.38,13.85,3.26,18.82
2018,79,0.69,0.7,0.73,94.16,5.34,271.94,1.64,65.44,4.58,3.93,12.11,1.49,15.68
2018,80,0.69,0.7,0.77,94.69,4.54,314.88,15.17,84.5,4.76,3.11,6.55,2.26,6.39
2018,81,0.71,0.74,0.84,94.71,5.01,319.88,31.4,92.19,5.13,2.99,5.83,3.31,5.09
2018,82,0.73,0.75,0.79,94.43,4.14,285.56,0.34,79.06,4.88,1.43,11.92,2.45,13.72
2018,83,0.73,0.75,0.8,93.52,3.84,242.25,12.34,79.94,5.43,1.87,13.77,3.76,5.57
2018,84,0.74,0.77,0.84,93.6,5.52,291.56,19.34,88.38,6.1,4.28,10.58,5.65,10.51
2018,85,0.76,0.78,0.82,94.91,3.14,319.62,9.24,87.31,6.04,5.98,10.38,5.74,8.8
2018,86,0.76,0.77,0.8,95.55,3.1,304.0,0.43,81.31,5.92,4.47,14.0,5.55,16.71
2018,87,0.76,0.77,0.78,95.31,1.88,245.25,0.0,69.56,6.23,3.53,20.24,6.01,23.99
2018,88,0.75,0.76,0.77,94.68,3.12,217.94,0.0,57.44,6.53,8.55,23.65,6.49,19.36
2018,89,0.74,0.75,0.77,94.41,2.36,251.25,0.65,61.38,6.59,8.76,23.58,6.56,23.17
2018,90,0.74,0.74,0.77,94.69,4.16,278.12,0.04,72.38,5.68,4.25,15.24,4.7,19.76
2018,91,0.73,0.74,0.77,95.24,1.85,226.19,0.0,64.81,4.88,3.0,17.44,2.46,25.46
2018,92,0.73,0.73,0.76,94.78,2.98,213.44,0.0,50.69,5.49,5.28,24.99,3.73,21.86
2018,93,0.73,0.73,0.76,94.79,2.59,194.5,0.4,70.81,7.93,12.38,19.56,9.46,11.49
2018,94,0.73,0.73,0.76,95.02,2.06,288.31,0.01,74.88,8.06,9.31,21.96,9.93,23.36
2018,95,0.72,0.73,0.75,95.47,1.86,229.19,0.0,70.38,6.35,6.73,19.33,6.44,25.96
2018,96,0.72,0.72,0.74,94.98,1.78,198.56,0.0,57.81,6.41,6.64,25.08,6.44,24.99
2018,97,0.71,0.71,0.73,94.28,3.01,200.94,0.01,50.94,6.77,10.79,29.09,6.95,24.31
2018,98,0.71,0.71,0.76,94.32,2.37,315.56,5.18,85.69,7.02,6.46,13.06,7.76,8.07
2018,99,0.71,0.71,0.74,94.69,1.88,203.38,0.0,68.56,5.86,4.3,20.13,4.93,25.45
2018,100,0.7,0.71,0.74,94.31,1.59,150.12,0.34,76.88,6.96,7.49,20.3,7.5,18.15
2018,101,0.7,0.7,0.73,93.78,2.96,240.94,0.06,67.88,6.47,7.19,19.92,6.36,18.88
2018,102,0.7,0.7,0.73,94.23,2.11,240.31,0.0,63.31,5.25,3.69,18.68,3.33,26.71
2018,103,0.7,0.7,0.75,94.37,2.53,158.06,6.7,67.31,6.23,6.91,21.71,5.64,16.22
2018,104,0.7,0.71,0.77,93.88,2.23,196.94,10.16,94.19,8.61,9.84,13.22,10.8,4.66
2018,105,0.72,0.74,0.81,94.58,4.22,311.0,17.23,91.62,8.3,7.72,14.52,10.26,5.5
2018,106,0.73,0.73,0.77,95.17,1.85,254.0,9.1,69.69,6.65,6.59,21.55,6.91,26.22
2018,107,0.73,0.74,0.79,95.6,1.74,298.38,4.43,79.88,7.39,8.31,17.9,8.68,20.26
2018,108,0.73,0.73,0.77,95.73,1.43,130.38,0.17,77.31,7.39,7.69,20.13,8.68,24.99
2018,109,0.73,0.73,0.77,95.6,1.48,112.12,1.39,81.25,7.87,9.01,17.83,9.61,21.92
2018,110,0.72,0.73,0.76,95.43,1.35,99.94,0.16,75.94,7.93,8.09,21.72,9.75,24.24
2018,111,0.72,0.72,0.75,95.3,1.57,180.94,0.03,72.62,8.61,9.77,24.12,10.93,25.54
2018,112,0.71,0.72,0.74,95.19,1.6,175.44,0.0,69.31,8.61,11.23,25.44,10.91,26.81
2018,113,0.71,0.71,0.73,95.16,1.38,150.31,0.0,64.12,8.36,12.02,27.31,10.34,26.44
2018,114,0.7,0.7,0.73,95.06,1.74,187.5,0.0,59.31,8.85,13.09,29.12,11.11,26.2
2018,115,0.7,0.7,0.73,94.84,2.29,153.19,4.12,72.19,10.44,14.05,28.4,13.67,6.1
2018,116,0.7,0.7,0.77,94.5,2.95,115.88,15.33,86.19,9.77,12.76,21.4,12.73,14.23
2018,117,0.71,0.73,0.77,94.7,3.02,313.19,4.29,84.5,8.73,9.64,18.22,11.04,16.05
2018,118,0.71,0.72,0.74,94.76,1.45,146.0,0.06,73.44,8.0,9.16,22.63,9.64,26.53
2018,119,0.7,0.71,0.74,94.8,2.49,201.88,2.56,71.81,8.18,10.75,22.33,10.09,21.61
2018,120,0.7,0.71,0.75,94.9,1.64,120.56,5.04,78.38,8.3,10.97,22.32,10.4,13.26
2018,121,0.71,0.73,0.8,94.35,3.34,299.81,15.12,92.0,7.87,8.7,12.61,9.5,5.46
2018,122,0.73,0.75,0.81,94.33,6.45,311.06,13.45,83.56,6.65,8.0,12.64,7.01,15.34
2018,123,0.73,0.74,0.77,94.43,4.14,301.56,0.2,75.31,6.96,8.65,18.4,7.58,27.57
2018,124,0.73,0.73,0.76,94.61,2.73,289.06,0.12,80.69,7.26,6.73,17.38,8.23,22.76
2018,125,0.73,0.73,0.77,94.79,2.59,287.69,6.51,83.38,7.87,7.85,17.15,9.52,10.57
2018,126,0.73,0.73,0.77,95.01,1.77,282.62,1.22,82.88,8.54,9.19,19.51,10.76,17.31
2018,127,0.73,0.73,0.76,94.88,1.34,183.75,0.93,80.62,8.91,9.15,21.51,11.39,23.83
2018,128,0.72,0.73,0.76,94.54,1.72,125.25,0.68,82.88,9.4,11.69,20.37,12.21,12.48
2018,129,0.72,0.72,0.75,94.54,1.61,256.88,0.28,79.81,8.54,10.48,20.27,10.76,22.35
2018,130,0.72,0.72,0.74,94.93,1.66,224.44,0.58,78.19,8.97,9.53,21.57,11.47,24.58
2018,131,0.71,0.71,0.75,95.28,1.38,211.12,2.85,77.38,9.64,10.73,24.73,12.61,22.58
2018,132,0.71,0.71,0.73,95.03,1.64,216.62,0.28,68.69,9.34,12.05,25.88,12.01,28.47
2018,133,0.7,0.7,0.73,95.07,3.23,291.62,2.57,78.44,8.97,10.57,22.26,11.44,22.51
2018,134,0.7,0.7,0.73,95.18,1.61,151.81,0.06,60.75,6.04,9.3,19.98,5.63,30.36
2018,135,0.7,0.7,0.72,95.15,2.05,179.12,0.0,65.12,6.35,7.52,19.44,6.38,28.58
2018,136,0.7,0.7,0.71,94.97,1.77,93.31,0.41,71.19,7.51,7.73,23.12,8.87,23.17
2018,137,0.69,0.69,0.73,94.82,2.51,72.0,10.77,79.12,8.73,10.39,22.38,11.11,15.25
2018,138,0.7,0.7,0.75,94.84,2.0,48.81,7.47,85.0,9.28,10.82,19.26,12.01,11.1
2018,139,0.71,0.73,0.8,94.85,1.94,54.12,15.52,89.06,9.89,12.17,18.95,13.01,7.61
2018,140,0.72,0.73,0.78,94.72,2.07,44.56,7.57,89.81,8.97,10.94,15.83,11.48,9.43
2018,141,0.72,0.73,0.75,94.7,1.77,205.38,0.15,78.12,8.79,10.18,21.88,11.15,21.36
2018,142,0.72,0.72,0.75,94.99,1.62,211.88,0.75,78.56,9.09,12.09,21.44,11.77,25.75
2018,143,0.71,0.71,0.73,95.3,1.45,167.5,0.0,67.94,8.73,10.16,26.62,11.01,30.12
2018,144,0.7,0.7,0.72,95.12,1.61,144.5,0.0,60.38,9.83,13.24,30.74,12.69,29.58
2018,145,0.7,0.7,0.7,94.91,1.86,190.75,0.0,58.25,10.38,16.69,31.17,13.54,28.73
2018,146,0.69,0.69,0.7,94.88,2.02,175.31,0.0,53.5,10.13,16.33,33.62,13.23,24.19
2018,147,0.69,0.68,0.69,94.9,3.35,201.38,1.42,60.94,10.62,16.73,30.54,13.94,23.32
2018,148,0.68,0.68,0.7,94.82,2.87,119.88,3.08,75.19,11.35,15.76,29.63,15.02,19.31
2018,149,0.68,0.68,0.7,94.83,3.28,308.0,1.84,81.25,10.74,13.68,22.92,14.27,10.07
2018,150,0.68,0.67,0.68,95.0,1.95,115.38,0.44,73.81,10.01,12.8,27.01,13.19,29.0
2018,151,0.67,0.67,0.68,95.26,2.13,84.56,1.68,75.31,10.68,14.1,27.81,14.26,22.61
2018,152,0.67,0.66,0.67,95.3,1.5,79.56,0.31,70.94,10.56,13.83,27.3,14.01,21.15
2018,153,0.66,0.66,0.68,95.14,1.16,135.56,1.39,71.69,10.74,15.03,27.04,14.27,24.17
2018,154,0.66,0.66,0.67,95.0,2.24,220.31,1.68,73.31,11.05,15.76,28.33,14.69,19.63
2018,155,0.66,0.66,0.66,94.98,1.69,199.94,0.33,68.69,9.83,14.55,26.68,12.87,28.04
2018,156,0.66,0.65,0.65,94.84,2.27,224.06,0.16,67.31,9.64,12.58,27.54,12.55,26.91
2018,157,0.66,0.65,0.66,94.86,2.7,70.44,3.05,78.94,10.86,14.61,26.08,14.4,12.9
2018,158,0.66,0.66,0.69,95.1,2.38,316.5,6.55,80.5,10.31,13.36,22.49,13.7,20.95
2018,159,0.66,0.66,0.66,95.17,1.87,233.5,0.01,62.94,8.24,11.24,26.33,10.18,30.96
2018,160,0.65,0.65,0.64,94.98,1.91,201.81,0.0,48.44,9.28,15.03,32.8,11.9,29.75
2018,161,0.65,0.64,0.63,94.63,1.32,182.62,0.06,51.69,10.01,17.8,34.71,12.87,27.57
2018,162,0.64,0.63,0.62,94.79,2.2,314.31,0.1,69.38,9.89,14.76,26.44,13.01,29.87
2018,163,0.63,0.62,0.62,94.93,1.77,256.75,0.01,62.88,9.46,14.44,28.61,12.26,29.56
2018,164,0.63,0.62,0.62,94.91,2.55,296.38,0.07,66.69,9.58,15.12,25.53,12.38,29.89
2018,165,0.62,0.62,0.62,94.94,2.55,325.0,0.21,69.88,9.52,14.44,24.18,12.37,28.49
2018,166,0.62,0.62,0.62,95.05,2.23,258.38,0.0,70.38,9.34,12.21,23.56,12.21,23.36
2018,167,0.62,0.62,0.61,95.12,1.67,147.12,0.0,58.88,8.54,14.12,27.48,10.77,30.77
2018,168,0.62,0.61,0.6,95.35,2.05,199.62,0.0,63.25,9.34,14.77,27.35,12.2,30.06
2018,169,0.62,0.61,0.6,95.41,2.44,285.44,0.0,69.56,9.77,14.6,24.6,12.87,25.47
2018,170,0.61,0.6,0.59,95.36,2.14,204.69,0.0,71.81,10.56,14.51,26.77,14.08,26.93
2018,171,0.61,0.6,0.59,95.33,1.63,101.81,0.27,66.56,10.44,14.56,28.94,13.89,28.13
2018,172,0.61,0.6,0.6,95.16,1.42,184.44,2.63,61.69,10.99,16.88,29.43,14.63,23.6
2018,173,0.6,0.59,0.59,95.18,1.77,180.12,0.27,61.31,11.11,17.87,30.62,14.84,28.22
2018,174,0.6,0.59,0.58,95.27,2.04,62.69,0.01,56.69,10.13,16.89,30.8,13.48,29.85
2018,175,0.59,0.59,0.58,95.13,2.09,265.75,0.02,57.31,10.25,18.03,29.96,13.52,29.57
2018,176,0.59,0.59,0.57,95.1,2.18,265.5,0.0,63.62,10.13,16.21,28.33,13.38,30.15
2018,177,0.59,0.58,0.57,95.25,2.2,224.31,0.0,60.5,9.09,14.58,27.08,11.7,30.14
2018,178,0.59,0.58,0.56,95.2,1.77,80.94,0.0,54.62,8.36,13.9,29.44,10.32,31.51
2018,179,0.58,0.57,0.55,94.8,1.66,233.75,0.0,48.62,9.34,16.07,32.7,11.98,28.73
2018,180,0.58,0.57,0.55,94.47,2.77,210.69,0.0,41.5,9.52,19.45,35.76,12.16,28.67
2018,181,0.57,0.56,0.52,94.41,4.23,210.56,0.0,27.88,7.75,23.69,40.22,9.14,27.04
2018,182,0.56,0.55,0.52,94.69,2.45,202.62,0.03,47.19,10.44,20.12,37.63,13.1,26.18
2018,183,0.56,0.55,0.53,95.09,1.62,202.88,0.06,60.94,11.72,18.51,32.33,15.58,27.71
2018,184,0.56,0.55,0.53,95.22,1.3,165.31,0.09,52.06,11.41,19.65,33.44,15.13,27.48
2018,185,0.55,0.55,0.52,95.15,1.67,254.12,0.03,52.25,12.57,22.24,38.73,16.51,23.54
2018,186,0.55,0.54,0.52,95.36,2.23,308.69,0.0,61.25,11.84,19.37,31.54,15.61,24.96
2018,187,0.55,0.54,0.52,95.53,1.6,139.56,0.13,64.06,11.35,17.64,28.83,15.13,25.97
2018,188,0.55,0.54,0.5,95.45,2.1,113.06,0.31,53.06,10.74,18.46,34.21,14.29,26.08
2018,189,0.55,0.54,0.49,95.17,1.9,170.44,0.8,50.5,11.29,21.74,34.33,15.04,22.43
2018,190,0.55,0.53,0.48,95.28,2.06,76.62,0.01,56.5,10.74,19.11,31.45,14.12,29.41
2018,191,0.54,0.53,0.47,95.23,1.45,140.44,0.0,46.88,9.52,18.3,34.15,12.38,29.03
2018,192,0.54,0.53,0.45,95.05,1.95,194.62,0.0,44.75,10.19,20.13,35.06,13.33,27.75
2018,193,0.54,0.52,0.44,95.01,2.01,210.06,0.0,39.25,9.64,20.58,39.19,12.37,28.5
2018,194,0.53,0.52,0.42,95.07,2.18,202.44,0.0,35.25,9.58,23.02,40.95,12.39,23.21
2018,195,0.53,0.52,0.41,95.27,2.58,267.12,0.0,51.19,11.78,21.55,36.85,15.49,26.72
2018,196,0.53,0.52,0.41,95.19,1.56,78.31,0.0,43.25,10.44,21.51,39.7,13.52,28.08
2018,197,0.52,0.52,0.4,95.19,2.84,295.06,0.01,49.56,10.62,19.23,36.87,13.97,27.07
2018,198,0.52,0.52,0.39,95.33,1.8,132.12,0.0,49.81,9.34,17.73,32.49,12.02,28.85
2018,199,0.52,0.51,0.38,94.98,1.13,199.94,0.0,40.94,10.25,20.36,39.94,13.4,26.43
2018,200,0.52,0.51,0.38,95.11,2.35,224.25,0.0,49.31,11.9,22.49,34.38,15.8,26.13
2018,201,0.52,0.51,0.37,94.93,2.23,172.5,0.0,38.62,10.68,23.58,38.61,14.05,23.45
2018,202,0.52,0.51,0.36,94.9,2.66,213.69,0.01,44.44,10.99,22.27,37.62,14.48,26.66
2018,203,0.52,0.5,0.36,94.97,2.47,81.19,0.12,56.12,12.02,20.74,35.05,15.89,21.67
2018,204,0.52,0.5,0.37,95.17,2.23,139.5,0.39,56.62,10.93,19.0,31.93,14.37,27.06
2018,205,0.52,0.5,0.35,95.07,2.02,197.81,0.0,44.81,8.48,17.47,33.83,10.47,29.37
2018,206,0.52,0.5,0.34,94.97,1.93,90.06,0.0,39.19,8.24,18.78,36.75,9.95,28.55
2018,207,0.51,0.5,0.34,94.86,1.91,78.0,0.0,43.0,9.46,20.82,35.65,12.23,28.29
2018,208,0.51,0.5,0.34,94.86,1.9,182.06,0.0,45.81,9.83,19.87,36.25,12.79,28.71
2018,209,0.51,0.5,0.33,94.94,1.94,220.75,0.0,40.19,8.73,19.98,36.25,10.83,28.72
2018,210,0.51,0.49,0.32,95.05,1.96,284.25,0.0,37.56,8.24,20.43,35.31,10.12,28.87
2018,211,0.51,0.49,0.32,95.08,1.8,188.44,0.01,39.69,8.06,19.99,33.95,9.56,28.89
2018,212,0.5,0.49,0.32,95.1,1.95,74.5,0.0,46.38,9.09,19.11,34.69,11.34,29.03
2018,213,0.5,0.49,0.31,95.12,1.95,150.69,0.01,46.38,9.77,18.8,36.15,12.78,28.11
2018,214,0.5,0.49,0.3,95.16,1.93,168.62,0.05,42.5,9.64,20.62,36.28,12.54,26.59
2018,215,0.5,0.49,0.34,95.11,1.45,93.12,3.45,55.62,12.08,21.67,32.24,16.03,22.78
2018,216,0.51,0.5,0.44,95.15,1.53,313.19,2.0,73.12,13.85,20.63,27.41,18.26,25.61
2018,217,0.51,0.5,0.49,95.05,2.2,282.25,3.98,78.06,14.34,19.78,27.26,18.77,15.9
2018,218,0.51,0.51,0.52,95.08,1.44,131.69,3.89,70.69,13.61,20.22,29.85,17.94,20.67
2018,219,0.51,0.51,0.5,94.93,1.2,139.75,1.3,65.94,12.94,20.32,30.4,17.05,23.56
2018,220,0.51,0.51,0.48,94.97,1.95,192.81,0.02,59.38,12.15,19.48,33.48,16.03,27.32
2018,221,0.51,0.5,0.45,95.06,1.95,187.38,0.02,53.75,11.66,19.27,37.19,15.36,24.45
2018,222,0.51,0.5,0.44,95.47,1.55,169.94,0.39,56.56,12.94,22.58,34.33,17.15,23.27
2018,223,0.5,0.5,0.42,95.58,1.65,82.25,0.3,60.5,13.06,21.41,33.44,17.33,15.76
2018,224,0.5,0.49,0.41,95.25,1.24,164.75,0.12,53.31,11.9,20.65,34.99,15.76,22.97
2018,225,0.5,0.49,0.38,94.99,1.77,207.62,0.1,48.62,11.11,21.8,34.83,14.67,26.13
2018,226,0.5,0.49,0.4,95.11,2.15,298.62,1.67,57.62,12.02,20.81,31.01,15.94,25.26
2018,227,0.5,0.49,0.45,95.26,2.39,196.31,2.46,70.88,13.0,19.01,28.83,17.28,21.83
2018,228,0.5,0.49,0.43,95.11,1.72,223.94,0.18,62.19,10.86,17.62,30.7,14.33,23.08
2018,229,0.5,0.49,0.43,95.1,1.88,190.25,2.9,62.06,11.35,17.84,32.0,14.97,13.95
2018,230,0.51,0.51,0.53,95.29,2.04,240.62,6.14,73.88,12.76,18.65,27.71,17.03,21.31
2018,231,0.51,0.51,0.49,95.37,2.54,312.81,0.64,72.44,11.96,17.87,27.29,15.93,22.07
2018,232,0.51,0.51,0.49,95.2,2.74,329.62,2.19,73.75,12.51,17.52,27.62,16.62,20.67
2018,233,0.51,0.5,0.49,95.11,1.86,246.69,0.96,72.19,12.7,18.8,27.58,16.87,20.86
2018,234,0.5,0.5,0.48,95.13,1.41,141.38,0.8,65.62,11.72,18.04,30.11,15.5,23.74
2018,235,0.5,0.5,0.48,95.13,1.82,269.0,0.21,66.38,11.66,17.87,29.3,15.5,23.86
2018,236,0.5,0.5,0.47,95.21,1.63,315.19,0.19,69.81,12.08,18.73,27.44,16.01,23.21
2018,237,0.5,0.49,0.45,95.09,1.76,233.62,0.03,59.25,10.99,17.97,32.05,14.45,23.08
2018,238,0.5,0.49,0.43,95.06,1.8,194.94,0.0,55.56,10.99,19.58,33.63,14.45,23.35
2018,239,0.5,0.49,0.41,95.2,2.15,113.38,0.0,61.56,10.86,17.46,31.44,14.41,25.13
2018,240,0.49,0.49,0.39,95.27,1.76,174.25,0.0,54.62,9.58,17.37,31.96,12.48,26.12
2018,241,0.49,0.48,0.38,95.16,2.15,180.75,0.0,53.06,10.25,17.54,33.14,13.51,23.19
2018,242,0.49,0.48,0.38,95.27,1.64,140.31,1.01,58.25,11.17,19.84,32.69,14.66,21.65
2018,243,0.49,0.48,0.38,95.3,1.43,138.94,0.34,57.81,11.66,19.53,33.36,15.52,20.58
2018,244,0.49,0.48,0.37,95.29,1.75,180.88,0.01,55.88,11.9,21.18,33.62,15.8,22.61
2018,245,0.49,0.48,0.35,95.2,2.17,170.56,0.0,54.31,11.05,19.85,34.74,14.53,23.07
2018,246,0.49,0.48,0.34,94.97,2.09,211.44,0.02,43.06,9.58,20.62,36.66,12.13,23.42
2018,247,0.48,0.48,0.34,94.93,2.69,249.0,0.03,39.81,9.4,21.58,36.71,12.04,20.84
2018,248,0.48,0.48,0.33,94.97,2.72,198.0,0.06,45.19,10.62,22.26,37.06,13.71,19.9
2018,249,0.48,0.48,0.33,94.91,1.81,205.88,1.61,58.69,12.33,21.48,33.65,16.15,16.24
2018,250,0.49,0.48,0.46,95.23,2.29,181.75,3.36,69.12,12.33,19.49,29.14,16.35,14.5
2018,251,0.49,0.48,0.42,95.26,2.13,90.38,0.03,61.44,11.96,19.41,34.21,15.8,14.93
2018,252,0.49,0.48,0.41,95.41,1.27,189.25,0.16,62.19,12.39,20.63,29.48,16.49,10.2
2018,253,0.48,0.48,0.4,95.51,1.86,232.94,0.32,61.12,12.39,20.95,32.63,16.55,15.45
2018,254,0.48,0.48,0.38,95.65,1.48,156.12,0.05,54.62,12.15,20.7,36.43,16.13,15.68
2018,255,0.48,0.48,0.4,95.73,2.55,252.44,2.66,60.56,12.27,21.62,30.99,16.33,14.32
2018,256,0.49,0.49,0.52,95.41,1.81,246.06,6.93,79.69,13.73,19.64,24.43,18.15,7.94
2018,257,0.49,0.49,0.48,95.4,1.6,217.06,0.46,72.56,12.7,18.37,29.63,16.86,18.07
2018,258,0.49,0.49,0.47,95.49,0.94,174.0,0.22,63.38,12.27,18.27,32.7,16.4,16.41
2018,259,0.49,0.49,0.48,95.64,1.56,224.31,4.74,63.81,12.39,19.69,33.47,16.53,16.16
2018,260,0.49,0.5,0.49,95.5,2.75,235.12,0.88,65.62,12.45,19.37,32.6,16.6,10.18
2018,261,0.49,0.49,0.47,95.34,2.9,199.5,0.39,63.56,11.72,20.12,28.38,15.63,14.01
2018,262,0.49,0.49,0.48,95.39,1.87,189.81,1.62,64.81,11.78,18.95,30.54,15.66,18.83
2018,263,0.49,0.49,0.5,95.33,1.54,227.56,2.53,79.94,12.88,18.01,25.58,17.12,14.14
2018,264,0.49,0.49,0.48,95.34,1.63,320.0,0.68,79.75,12.02,17.33,24.04,15.94,18.89
2018,265,0.49,0.49,0.48,95.72,1.72,244.25,0.27,72.56,11.9,17.54,28.72,15.89,19.74
2018,266,0.49,0.49,0.46,95.73,1.6,176.25,0.02,66.75,10.8,17.01,29.43,14.33,21.35
2018,267,0.49,0.49,0.45,95.62,1.97,97.38,0.01,62.31,10.31,16.9,29.8,13.57,21.53
2018,268,0.49,0.48,0.45,95.72,1.98,141.81,0.37,73.0,11.78,17.19,28.33,15.75,19.78
2018,269,0.49,0.48,0.45,95.99,3.09,86.81,0.97,74.31,11.05,15.55,26.5,14.91,14.65
2018,270,0.49,0.48,0.45,95.97,2.45,91.81,0.01,68.25,8.12,11.15,25.19,10.04,20.3
2018,271,0.48,0.48,0.43,95.4,1.78,209.5,0.17,71.5,8.85,11.66,24.77,11.37,20.44
2018,272,0.48,0.48,0.42,95.23,1.63,203.62,0.06,65.0,8.18,11.9,27.54,9.96,21.22
2018,273,0.48,0.48,0.41,95.23,1.88,203.44,0.0,51.69,7.32,12.58,30.52,8.23,20.93
2018,274,0.48,0.48,0.44,95.09,2.48,242.69,7.72,65.62,9.64,14.48,26.29,12.3,19.03
2018,275,0.5,0.51,0.59,95.17,5.09,260.81,14.29,72.0,8.18,12.89,18.61,10.01,10.96
2018,276,0.52,0.55,0.64,95.11,3.91,298.12,22.28,81.0,9.22,12.95,18.37,12.0,8.53
2018,277,0.55,0.59,0.7,95.09,3.91,341.12,24.67,87.56,10.74,14.58,18.76,14.27,7.77
2018,278,0.56,0.59,0.62,95.24,1.53,294.81,3.6,80.25,10.13,14.46,22.15,13.46,13.26
2018,279,0.56,0.58,0.58,95.21,2.21,225.62,0.01,67.19,9.03,12.12,27.13,11.63,19.63
2018,280,0.55,0.57,0.55,95.04,1.97,216.81,0.0,53.31,7.32,12.17,27.73,8.41,19.71
2018,281,0.55,0.56,0.55,94.97,2.1,208.12,0.38,63.31,8.79,13.31,23.59,10.92,11.63
2018,282,0.55,0.56,0.55,94.93,1.91,189.69,0.57,60.69,8.85,13.86,26.36,11.26,11.53
2018,283,0.55,0.55,0.56,94.78,3.42,178.44,2.67,68.75,9.7,15.48,23.02,12.72,5.43
2018,284,0.55,0.55,0.55,95.06,2.5,199.81,0.27,61.62,9.77,15.64,28.9,12.76,16.64
2018,285,0.55,0.55,0.54,95.64,1.42,216.81,0.21,74.94,10.8,16.02,25.83,14.42,17.3
2018,286,0.55,0.55,0.53,95.4,1.51,148.31,0.07,74.44,9.83,13.46,25.61,12.85,17.43
2018,287,0.55,0.55,0.53,94.74,2.39,198.81,0.01,66.62,9.28,12.79,26.58,12.01,16.68
2018,288,0.56,0.57,0.62,94.71,1.77,217.12,13.92,80.81,10.5,13.34,21.78,13.87,7.0
2018,289,0.56,0.57,0.6,94.88,1.21,204.88,7.14,80.69,9.77,13.08,22.69,12.79,11.89
2018,290,0.57,0.59,0.66,94.53,1.71,256.12,15.83,89.44,10.38,14.14,17.58,13.69,7.33
2018,291,0.59,0.62,0.71,94.17,2.64,271.88,14.16,89.56,11.41,14.12,20.67,15.07,10.68
2018,292,0.6,0.62,0.63,94.89,1.17,191.44,0.31,81.19,10.19,12.7,23.98,13.37,14.06
2018,293,0.59,0.61,0.62,95.38,1.43,117.06,0.02,80.19,10.68,13.48,25.9,14.2,16.21
2018,294,0.59,0.6,0.61,95.38,1.36,204.56,0.09,78.5,10.44,13.89,25.42,13.85,16.25
2018,295,0.59,0.59,0.61,95.3,2.77,309.0,1.38,82.94,10.19,12.48,22.44,13.45,14.72
2018,296,0.59,0.59,0.61,95.66,3.44,340.94,0.41,77.38,8.54,12.51,18.15,10.95,13.42
2018,297,0.59,0.59,0.6,95.57,2.88,321.44,0.43,79.25,8.79,12.33,18.97,11.37,10.83
2018,298,0.59,0.59,0.6,95.46,0.79,203.06,0.18,75.62,8.97,11.92,23.97,11.42,15.85
2018,299,0.59,0.59,0.59,95.14,3.38,210.69,0.0,62.62,6.96,10.19,24.45,7.78,16.26
2018,300,0.59,0.59,0.58,94.27,6.29,207.0,0.01,49.88,5.92,11.74,22.02,5.36,13.24
2018,301,0.59,0.59,0.63,93.48,5.22,198.5,12.21,71.69,8.67,11.79,21.21,10.75,11.53
2018,302,0.59,0.6,0.62,93.68,6.6,240.94,1.23,63.19,5.43,6.95,15.54,3.33,12.75
2018,303,0.59,0.6,0.6,94.76,3.84,210.19,0.11,62.06,4.64,4.82,16.81,1.83,15.94
2018,304,0.59,0.59,0.6,94.67,2.23,226.62,0.0,56.94,5.19,5.18,19.97,3.08,12.26
2018,305,0.59,0.59,0.59,94.83,1.76,236.31,0.21,63.12,6.04,6.85,22.12,5.54,12.55
2018,306,0.59,0.59,0.61,95.13,2.3,272.94,1.94,84.81,7.2,7.69,14.51,8.25,7.12
2018,307,0.59,0.59,0.62,94.9,2.42,280.38,3.83,81.75,7.32,6.85,17.47,8.33,13.67
2018,308,0.59,0.6,0.62,94.68,3.93,266.56,1.33,78.12,7.14,7.39,16.61,7.94,6.82
2018,309,0.59,0.59,0.6,94.59,3.4,205.88,0.0,64.06,5.86,5.72,21.62,5.13,15.03
2018,310,0.59,0.59,0.6,95.0,1.42,277.06,0.2,76.44,6.71,8.27,16.09,7.23,7.48
2018,311,0.59,0.59,0.6,95.31,1.81,229.06,0.0,65.44,5.43,5.1,20.14,4.16,14.4
2018,312,0.59,0.59,0.59,95.42,1.89,211.75,0.0,58.56,5.74,7.08,23.33,4.85,14.6
2018,313,0.59,0.59,0.62,95.09,2.89,254.75,7.5,66.56,6.29,7.89,20.97,6.12,12.46
2018,314,0.59,0.6,0.64,95.14,2.48,283.56,3.32,85.81,6.84,7.25,14.29,7.55,7.35
2018,315,0.59,0.6,0.62,95.36,1.25,190.38,0.0,72.88,6.96,6.89,21.71,7.72,13.98
2018,316,0.59,0.6,0.61,95.48,3.26,196.44,0.0,70.44,6.77,9.11,20.4,7.44,13.38
2018,317,0.59,0.59,0.61,95.76,1.44,152.38,0.0,76.06,8.3,9.09,21.9,10.46,11.67
2018,318,0.59,0.59,0.6,95.67,1.64,167.88,0.0,72.12,8.0,10.45,21.25,9.91,11.17
2018,319,0.59,0.59,0.6,95.22,1.63,131.62,0.06,84.75,8.24,8.68,19.65,10.3,5.78
2018,320,0.59,0.59,0.6,95.09,1.41,112.75,0.01,84.5,8.54,10.49,19.3,10.74,12.12
2018,321,0.59,0.59,0.6,94.75,1.1,251.62,1.26,85.38,8.06,10.11,16.95,9.9,10.08
2018,322,0.59,0.59,0.6,94.42,1.95,234.38,0.19,76.75,7.51,10.2,18.17,8.78,10.27
2018,323,0.59,0.59,0.6,93.7,4.6,209.19,0.85,76.0,7.08,8.99,17.21,7.87,7.93
2018,324,0.59,0.59,0.61,94.22,3.02,239.25,1.61,80.31,6.65,7.94,15.51,7.01,9.18
2018,325,0.59,0.59,0.59,95.14,2.73,233.69,0.0,68.25,5.8,5.76,18.71,5.06,12.75
2018,326,0.59,0.59,0.59,95.37,3.09,207.81,0.0,60.62,5.62,7.99,20.54,4.6,10.27
2018,327,0.59,0.59,0.59,95.14,3.6,205.5,0.0,58.12,5.31,7.51,20.21,3.84,11.4
2018,328,0.59,0.59,0.62,94.88,1.16,209.75,7.79,74.12,6.77,8.73,18.09,7.19,3.29
2018,329,0.59,0.6,0.63,94.78,2.78,275.25,2.14,76.38,6.41,8.11,15.8,6.39,11.26
2018,330,0.59,0.59,0.61,94.57,5.4,262.62,0.86,76.38,6.84,8.06,18.14,7.32,6.25
2018,331,0.59,0.59,0.62,95.26,4.62,305.56,2.04,75.88,6.16,7.82,13.8,5.98,9.16
2018,332,0.59,0.59,0.61,95.66,2.63,300.19,0.04,83.38,6.71,6.93,15.11,7.27,11.41
2018,333,0.59,0.59,0.6,95.6,1.3,198.19,0.05,69.94,5.49,5.64,18.1,4.18,11.97
2018,334,0.59,0.59,0.62,95.17,2.99,248.56,4.96,64.88,5.37,5.43,18.65,3.49,10.86
2018,335,0.59,0.6,0.63,95.41,3.73,314.94,2.38,86.38,6.71,8.26,11.44,7.39,6.08
2018,336,0.59,0.6,0.62,95.64,1.47,310.19,0.09,83.88,6.53,7.29,14.31,6.96,10.37
2018,337,0.59,0.6,0.61,95.6,1.63,264.81,0.0,74.62,6.29,5.44,18.31,6.34,11.48
2018,338,0.59,0.59,0.61,95.76,1.57,292.38,0.0,72.44,6.41,7.52,19.4,6.67,11.54
2018,339,0.59,0.59,0.6,95.98,1.17,210.5,0.0,63.44,6.23,9.04,21.63,6.2,11.72
2018,340,0.59,0.59,0.6,95.88,2.35,282.0,0.07,74.5,6.96,8.85,20.05,7.72,11.52
2018,341,0.59,0.59,0.6,95.86,2.09,333.62,0.47,89.5,7.75,8.84,14.8,9.5,6.72
2018,342,0.59,0.59,0.6,95.94,1.73,303.44,0.55,90.31,7.39,6.73,15.05,8.8,4.26
2018,343,0.59,0.59,0.6,96.06,1.65,282.0,0.02,82.44,6.47,6.33,16.7,6.81,11.07
2018,344,0.59,0.59,0.6,96.06,2.0,324.75,0.12,87.5,7.02,5.96,14.8,8.07,9.08
2018,345,0.59,0.59,0.6,95.63,0.99,300.38,0.04,78.69,6.41,5.91,16.29,6.71,11.08
2018,346,0.59,0.59,0.59,95.36,1.86,266.56,0.06,80.12,5.68,3.44,14.94,4.63,8.49
2018,347,0.59,0.59,0.59,94.69,2.56,225.38,0.06,77.19,5.98,4.83,16.92,5.46,7.72
2018,348,0.59,0.59,0.66,94.34,3.2,273.81,16.65,89.69,6.04,3.49,9.51,5.48,5.71
2018,349,0.6,0.62,0.66,95.62,3.8,308.75,2.9,90.38,6.65,5.76,11.27,7.23,4.48
2018,350,0.6,0.62,0.63,95.64,2.33,242.81,0.0,72.38,5.86,3.96,20.08,5.35,10.87
2018,351,0.6,0.61,0.62,95.99,3.07,303.06,0.33,83.31,6.41,7.08,13.84,6.65,7.13
2018,352,0.6,0.61,0.62,96.06,2.2,218.12,0.07,68.81,4.7,4.44,16.55,2.08,11.65
2018,353,0.6,0.6,0.62,95.71,2.52,240.94,0.02,71.19,5.43,4.67,18.55,4.19,9.37
2018,354,0.6,0.6,0.63,95.85,1.35,289.94,2.59,87.38,6.84,6.76,13.79,7.48,6.81
2018,355,0.6,0.61,0.62,96.42,0.99,286.44,0.49,86.31,6.47,5.87,13.32,6.94,8.96
2018,356,0.6,0.6,0.62,96.51,1.83,260.44,0.0,82.5,5.92,4.12,16.09,5.64,10.93
2018,357,0.6,0.6,0.62,96.41,1.26,208.69,0.0,69.19,5.07,4.33,17.53,3.28,11.27
2018,358,0.6,0.6,0.61,96.11,1.74,270.56,0.0,64.94,5.07,5.59,19.41,3.14,11.14
2018,359,0.6,0.6,0.61,96.08,2.1,278.0,0.0,90.12,7.26,4.53,15.44,8.38,9.58
2018,360,0.59,0.6,0.61,96.22,0.97,138.12,0.0,79.0,6.23,5.09,16.55,6.21,10.57
2018,361,0.59,0.6,0.61,96.0,1.88,267.38,0.0,83.38,6.04,4.05,15.91,5.9,11.07
2018,362,0.59,0.6,0.61,95.93,1.14,211.75,0.03,85.06,6.04,5.44,12.83,5.77,7.04
2018,363,0.59,0.6,0.61,95.97,0.84,94.69,0.01,81.56,5.8,6.44,13.56,5.35,8.41
2018,364,0.59,0.59,0.61,95.98,1.09,271.5,0.04,84.06,5.86,5.08,13.15,5.47,7.15
2018,365,0.59,0.59,0.61,96.07,1.75,301.0,0.14,88.81,6.35,5.24,12.35,6.55,6.18
2019,1,0.59,0.59,0.61,96.22,2.42,313.38,0.96,90.31,6.77,5.59,12.98,7.55,4.3
2019,2,0.59,0.59,0.61,95.8,3.73,292.75,1.01,81.69,6.16,3.3,14.8,5.84,11.29
2019,3,0.59,0.6,0.63,95.82,2.13,134.56,3.56,81.69,5.92,6.26,11.78,5.55,6.51
2019,4,0.6,0.61,0.66,96.03,2.21,321.31,7.26,86.5,5.55,5.76,9.22,4.58,5.93
2019,5,0.6,0.62,0.64,96.15,2.78,316.69,2.39,84.75,5.62,4.94,10.69,4.83,5.62
2019,6,0.6,0.61,0.62,95.89,4.55,301.12,0.28,82.62,6.1,5.69,13.01,5.97,10.3
2019,7,0.6,0.61,0.63,95.98,2.73,311.81,1.53,84.56,5.98,6.27,10.86,5.8,6.66
2019,8,0.6,0.61,0.63,95.89,2.45,294.5,0.97,86.62,5.43,2.56,9.83,4.33,6.35
2019,9,0.61,0.62,0.66,94.95,3.48,296.62,6.64,88.94,5.98,2.6,11.31,5.52,6.89
2019,10,0.62,0.63,0.7,94.75,2.64,324.31,12.95,87.31,4.82,2.14,6.41,2.44,3.84
2019,11,0.62,0.64,0.71,95.14,2.74,297.56,10.66,94.25,4.76,1.87,5.12,2.38,5.66
2019,12,0.63,0.65,0.7,95.76,3.35,323.5,3.68,87.0,4.88,1.87,7.66,2.66,5.91
2019,13,0.63,0.65,0.69,95.71,3.09,300.0,0.69,87.75,5.62,4.51,10.55,4.72,6.6
2019,14,0.63,0.65,0.67,95.26,4.2,293.06,0.25,86.69,6.23,4.23,12.73,6.1,11.57
2019,15,0.63,0.64,0.67,95.41,2.14,278.94,0.32,83.44,5.74,2.92,11.82,4.98,9.53
2019,16,0.63,0.64,0.66,95.31,2.04,222.38,0.0,77.44,4.82,1.04,15.23,2.55,12.44
2019,17,0.63,0.64,0.66,95.01,1.54,255.19,0.1,71.69,4.39,1.01,12.93,1.26,10.34
2019,18,0.63,0.64,0.66,95.03,1.75,285.81,1.01,90.38,5.92,3.17,10.96,5.18,7.67
2019,19,0.63,0.64,0.67,94.9,1.66,262.0,1.79,89.69,5.62,2.43,9.66,4.57,6.36
2019,20,0.63,0.64,0.67,94.48,2.67,218.19,1.07,86.25,5.37,-0.04,12.83,3.9,9.88
2019,21,0.64,0.66,0.75,94.51,3.5,297.12,19.63,93.62,6.1,5.27,8.73,5.83,4.93
2019,22,0.66,0.68,0.74,94.61,2.19,290.62,5.94,91.0,5.0,1.94,6.58,3.04,8.92
2019,23,0.66,0.69,0.78,93.53,4.61,270.31,22.49,89.94,5.43,0.76,9.0,3.73,6.05
2019,24,0.7,0.73,0.84,93.3,7.34,310.56,30.33,85.5,4.82,2.87,7.07,2.18,3.59
2019,25,0.71,0.74,0.79,94.35,6.45,320.38,7.03,80.25,4.52,3.73,6.73,1.4,5.44
2019,26,0.72,0.74,0.79,95.0,4.3,310.62,4.66,90.75,5.68,3.47,8.46,4.9,7.9
2019,27,0.72,0.73,0.77,94.59,3.62,246.0,1.17,77.0,5.37,1.33,16.51,3.84,13.3
2019,28,0.72,0.73,0.79,94.36,4.8,301.81,13.68,80.88,5.43,5.45,9.25,4.14,8.25
2019,29,0.73,0.75,0.8,94.48,3.47,303.38,6.67,84.12,5.25,4.59,8.93,3.65,10.98
2019,30,0.73,0.76,0.8,94.37,3.45,285.19,3.84,83.25,5.55,2.08,10.76,4.22,6.9
2019,31,0.73,0.75,0.77,94.3,3.55,229.06,0.14,83.69,6.1,2.15,15.18,5.72,8.18
2019,32,0.73,0.74,0.77,93.82,4.64,214.69,0.73,71.12,6.04,7.01,16.79,5.47,10.87
2019,33,0.73,0.74,0.78,93.78,3.46,257.56,3.68,78.88,5.37,4.84,11.44,3.89,10.61
2019,34,0.74,0.76,0.82,94.63,3.8,305.06,21.61,91.12,4.76,2.58,4.87,2.24,3.57
2019,35,0.76,0.78,0.85,95.39,6.27,320.44,18.8,89.69,5.0,3.43,5.71,3.01,6.98
2019,36,0.77,0.8,0.82,95.72,4.23,326.06,2.42,90.5,5.68,5.35,8.65,4.94,9.38
2019,37,0.77,0.79,0.81,95.72,3.1,326.81,1.27,91.75,6.53,6.26,10.58,6.98,10.88
2019,38,0.77,0.79,0.8,95.59,1.66,288.75,0.04,81.62,5.86,4.52,14.98,5.41,15.32
2019,39,0.77,0.78,0.8,95.65,1.66,286.88,0.02,84.88,6.04,3.8,14.65,5.65,12.58
2019,40,0.77,0.78,0.8,95.72,1.46,211.25,0.0,68.81,5.13,2.69,18.35,3.37,16.19
2019,41,0.77,0.77,0.79,95.63,2.67,231.69,0.0,62.12,5.07,4.59,20.37,3.01,16.23
2019,42,0.77,0.77,0.8,95.77,2.81,239.44,2.77,85.69,6.16,3.65,14.86,5.93,7.42
2019,43,0.77,0.77,0.8,96.21,3.12,341.31,0.56,82.0,5.0,3.92,9.97,3.27,10.35
2019,44,0.77,0.77,0.8,96.54,1.16,153.69,0.01,73.44,4.39,1.6,14.08,1.3,17.0
2019,45,0.76,0.77,0.79,96.53,1.59,140.75,0.0,64.12,4.03,1.15,16.62,0.01,17.39
2019,46,0.76,0.77,0.79,96.18,1.64,202.38,0.0,61.88,4.15,1.65,17.44,0.3,17.53
2019,47,0.76,0.77,0.78,96.05,1.9,134.44,0.0,68.38,4.46,2.31,16.65,1.37,17.01
2019,48,0.76,0.76,0.78,95.93,1.73,252.5,0.0,65.06,4.46,2.08,16.95,1.32,16.15
2019,49,0.75,0.76,0.78,95.53,1.51,191.44,0.0,67.69,4.64,3.01,16.79,1.94,16.46
2019,50,0.75,0.76,0.78,95.34,1.3,136.81,0.0,68.38,4.7,1.56,16.83,1.89,17.12
2019,51,0.75,0.76,0.78,95.59,1.38,102.0,0.05,78.44,5.92,4.47,16.38,5.3,16.89
2019,52,0.75,0.75,0.77,96.09,1.22,102.31,0.15,81.0,6.23,6.69,16.48,6.22,10.48
2019,53,0.74,0.75,0.77,96.12,1.95,310.12,0.09,82.75,5.8,4.24,13.61,5.26,14.58
2019,54,0.74,0.75,0.77,95.83,3.83,292.5,0.64,84.19,6.65,5.24,14.73,7.17,14.81
2019,55,0.74,0.75,0.77,96.0,2.93,88.06,0.13,72.75,4.15,1.73,9.42,0.49,14.57
2019,56,0.74,0.74,0.77,96.17,2.18,132.88,0.26,76.81,4.52,2.54,11.25,1.69,16.0
2019,57,0.74,0.76,0.8,95.87,3.28,110.0,9.62,85.31,5.49,4.59,9.77,4.41,9.87
2019,58,0.74,0.76,0.78,96.04,1.37,286.88,0.11,78.75,4.94,2.28,13.55,2.95,16.66
2019,59,0.74,0.75,0.77,95.95,1.51,281.25,0.02,77.19,5.19,1.08,16.32,3.5,19.45
2019,60,0.74,0.75,0.77,95.66,1.83,290.12,0.0,74.25,5.37,3.04,17.34,3.98,19.24
2019,61,0.73,0.74,0.77,95.63,2.23,300.81,0.0,78.5,5.68,3.97,14.65,4.62,15.95
2019,62,0.73,0.74,0.77,95.73,1.81,260.19,0.0,71.25,5.19,2.91,16.51,3.62,19.45
2019,63,0.73,0.73,0.77,95.45,1.52,247.62,0.0,52.06,4.52,4.01,22.18,1.39,20.42
2019,64,0.73,0.73,0.76,95.3,1.98,250.06,0.0,61.88,5.68,4.58,20.45,4.52,19.77
2019,65,0.73,0.73,0.75,94.98,3.93,200.69,0.0,51.81,5.31,6.69,23.8,3.65,17.29
2019,66,0.72,0.72,0.75,95.04,2.12,188.06,0.0,66.56,6.59,7.57,21.55,6.48,14.14
2019,67,0.72,0.72,0.75,95.38,2.27,83.0,0.0,84.0,7.39,8.36,17.33,8.69,14.02
2019,68,0.72,0.72,0.74,96.16,2.03,71.62,0.0,80.75,6.77,5.87,17.81,7.51,18.76
2019,69,0.71,0.71,0.74,96.13,1.55,114.0,0.0,71.38,5.37,2.82,19.48,4.09,21.18
2019,70,0.71,0.71,0.74,96.06,2.59,196.44,0.0,80.62,6.29,6.06,15.9,6.48,15.57
2019,71,0.71,0.71,0.74,96.12,2.18,272.56,0.08,75.44,5.68,5.32,15.87,4.9,19.36
2019,72,0.7,0.7,0.73,95.49,3.39,287.94,1.79,69.5,6.23,5.26,20.98,5.94,20.31
2019,73,0.7,0.7,0.74,95.88,2.82,323.62,0.46,81.75,5.68,4.1,12.23,4.99,12.68
2019,74,0.7,0.7,0.73,95.9,2.14,293.88,0.0,73.44,5.68,3.04,17.26,4.89,21.94
2019,75,0.7,0.7,0.73,95.67,1.73,220.88,0.0,57.44,5.43,5.36,22.15,4.17,22.05
2019,76,0.7,0.7,0.72,95.09,1.98,241.75,0.0,52.25,5.49,6.84,24.43,4.05,21.08
2019,77,0.69,0.7,0.72,95.28,2.69,93.5,0.73,78.5,6.41,6.32,15.72,6.48,12.17
2019,78,0.69,0.7,0.74,95.35,2.22,192.06,7.41,79.44,5.31,5.55,12.16,3.98,11.94
2019,79,0.7,0.71,0.79,95.35,2.58,204.06,14.3,89.56,5.8,5.62,8.35,5.22,9.08
2019,80,0.73,0.76,0.88,94.98,4.48,106.5,51.6,94.94,7.26,6.15,11.87,8.33,5.08
2019,81,0.76,0.79,0.82,95.29,2.16,55.19,4.76,83.31,6.41,6.26,13.61,6.57,14.11
2019,82,0.77,0.78,0.81,95.59,2.25,66.38,4.98,86.12,6.77,7.21,14.35,7.55,12.91
2019,83,0.76,0.77,0.79,95.69,1.39,142.44,0.0,69.75,6.04,4.64,19.8,5.73,22.08
2019,84,0.76,0.77,0.78,95.33,1.7,265.25,0.17,66.81,6.35,6.62,19.17,6.43,19.84
2019,85,0.75,0.76,0.78,95.19,2.71,303.0,1.39,76.88,6.1,6.64,15.15,5.9,13.71
2019,86,0.75,0.76,0.78,95.39,2.3,290.44,0.7,81.44,5.86,4.27,13.04,5.3,12.12
2019,87,0.75,0.76,0.78,95.76,2.0,263.06,1.41,79.81,6.1,7.0,13.34,5.99,17.14
2019,88,0.75,0.76,0.77,95.88,1.06,178.94,0.07,71.12,5.74,5.62,18.11,5.08,22.24
2019,89,0.74,0.75,0.77,95.59,1.9,208.25,0.08,66.44,6.1,5.64,20.11,5.89,23.26
2019,90,0.74,0.75,0.77,94.86,1.93,197.75,2.67,69.75,6.77,7.87,20.33,7.22,15.51
2019,91,0.74,0.75,0.78,94.69,1.53,101.5,3.12,75.88,6.9,7.15,19.08,7.58,14.17
2019,92,0.74,0.75,0.77,94.99,1.46,228.69,1.34,77.75,7.32,7.96,19.29,8.47,14.68
2019,93,0.74,0.74,0.77,94.28,3.5,220.5,0.87,68.62,7.69,9.13,21.33,9.09,20.98
2019,94,0.73,0.74,0.77,93.75,3.17,220.12,5.29,78.44,7.81,8.83,20.65,9.23,13.96
2019,95,0.74,0.75,0.79,93.94,1.41,81.5,7.04,80.06,6.16,5.49,16.23,5.83,11.06
2019,96,0.74,0.76,0.79,94.23,2.2,265.06,6.0,77.25,5.74,5.23,15.27,4.76,10.48
2019,97,0.75,0.76,0.79,94.49,4.14,264.06,5.8,80.19,5.62,4.55,11.5,4.53,11.71
2019,98,0.75,0.76,0.77,94.95,2.2,286.69,0.63,78.44,6.53,4.85,17.08,6.78,20.09
2019,99,0.74,0.75,0.77,94.78,2.78,278.56,2.16,80.06,7.26,6.69,18.44,8.3,19.65
2019,100,0.74,0.75,0.77,94.66,3.05,273.38,0.96,76.25,6.1,5.58,16.16,5.73,18.63
2019,101,0.74,0.75,0.77,94.79,2.5,282.44,2.55,84.75,6.1,3.99,12.74,5.84,14.71
2019,102,0.74,0.75,0.77,94.97,2.73,286.12,2.01,85.62,6.16,4.12,13.23,5.98,14.88
2019,103,0.74,0.75,0.77,95.17,2.24,293.38,0.08,72.69,5.62,4.94,16.15,4.58,22.43
2019,104,0.73,0.74,0.76,95.16,2.16,274.94,0.0,60.69,5.13,3.9,20.72,3.06,26.42
2019,105,0.73,0.73,0.76,95.1,1.68,214.25,0.0,63.81,6.77,8.3,22.36,7.25,25.81
2019,106,0.73,0.73,0.74,95.16,3.04,270.62,0.0,67.38,7.39,8.7,23.05,8.58,25.52
2019,107,0.72,0.72,0.74,95.11,1.41,189.56,0.0,68.44,8.06,7.02,25.65,9.82,26.38
2019,108,0.72,0.72,0.73,94.81,2.5,184.69,0.0,61.06,8.54,13.08,26.04,10.61,21.55
2019,109,0.71,0.71,0.73,94.79,2.08,159.25,0.0,67.5,8.91,12.98,25.79,11.28,16.46
2019,110,0.71,0.71,0.72,94.36,2.48,211.31,0.0,64.12,8.24,12.28,26.98,9.97,18.49
2019,111,0.7,0.7,0.72,93.69,1.28,143.19,0.67,71.44,8.48,11.54,25.65,10.35,17.19
2019,112,0.7,0.7,0.72,93.33,2.9,235.31,1.13,68.19,7.26,9.8,18.91,8.06,10.89
2019,113,0.7,0.7,0.71,93.96,2.64,214.88,0.04,66.81,7.14,7.36,21.82,7.94,23.96
2019,114,0.7,0.7,0.71,94.75,2.42,158.31,1.11,77.62,8.12,9.86,21.96,9.99,21.15
2019,115,0.7,0.7,0.7,95.04,1.72,199.19,0.01,69.25,8.18,9.63,26.76,10.03,25.91
2019,116,0.69,0.69,0.7,95.56,2.18,310.0,0.11,74.81,7.93,9.02,21.06,9.75,20.56
2019,117,0.69,0.69,0.7,95.84,1.85,105.94,0.01,71.88,6.41,7.25,19.57,6.58,29.01
2019,118,0.68,0.68,0.69,95.6,1.83,153.75,0.01,67.31,6.29,5.92,22.46,6.37,29.09
2019,119,0.68,0.67,0.69,95.25,1.92,157.69,0.02,72.19,7.08,8.48,21.37,8.12,23.92
2019,120,0.67,0.67,0.68,95.06,1.88,113.44,0.04,74.88,7.02,7.8,20.15,7.93,26.57
2019,121,0.67,0.67,0.67,94.99,1.72,166.75,0.0,64.69,6.04,7.11,22.12,5.62,29.4
2019,122,0.67,0.66,0.69,94.81,1.77,209.0,3.88,73.69,8.42,8.47,21.69,10.42,22.69
2019,123,0.68,0.68,0.73,94.31,2.75,101.44,9.82,88.5,9.83,11.7,19.15,12.79,11.8
2019,124,0.68,0.69,0.73,94.48,3.55,322.44,7.61,84.25,7.75,8.86,15.91,9.34,11.9
2019,125,0.69,0.69,0.71,94.94,2.89,306.94,1.72,76.94,6.84,7.16,17.5,7.48,18.91
2019,126,0.68,0.69,0.7,95.35,1.99,236.81,0.0,60.38,5.37,6.32,19.23,4.05,29.96
2019,127,0.68,0.68,0.68,95.35,1.57,194.25,0.0,56.69,6.41,7.85,25.44,6.48,29.35
2019,128,0.67,0.67,0.67,94.96,2.76,239.0,0.0,50.69,7.39,12.15,28.49,8.46,27.35
2019,129,0.66,0.66,0.67,94.94,2.27,280.31,0.0,64.06,8.85,13.88,22.68,11.28,26.35
2019,130,0.66,0.66,0.66,95.04,1.71,213.19,0.0,63.75,9.64,13.94,28.89,12.63,28.88
2019,131,0.66,0.66,0.65,95.19,2.01,291.62,0.04,63.38,9.7,13.41,29.61,12.76,28.28
2019,132,0.66,0.65,0.65,95.54,3.7,337.62,0.11,69.62,7.14,8.55,19.25,8.1,25.46
2019,133,0.65,0.65,0.65,95.21,4.59,323.31,0.25,68.62,6.41,8.39,16.95,6.52,18.84
2019,134,0.65,0.64,0.65,95.13,3.41,315.5,0.23,75.0,7.26,9.42,18.13,8.49,11.55
2019,135,0.65,0.64,0.64,94.74,2.27,295.31,0.0,61.44,6.35,7.15,24.63,6.29,30.65
2019,136,0.64,0.63,0.64,94.64,1.58,52.25,0.06,60.44,6.47,8.73,23.65,6.48,30.67
2019,137,0.63,0.63,0.62,94.13,4.27,263.94,0.06,54.56,7.32,12.73,27.78,8.25,27.06
2019,138,0.63,0.62,0.63,94.4,2.16,251.31,0.11,66.69,7.32,9.65,20.37,8.37,21.68
2019,139,0.63,0.62,0.63,94.56,1.88,264.44,0.43,66.06,6.9,9.94,19.8,7.44,16.66
2019,140,0.63,0.62,0.62,94.9,1.91,223.94,0.16,60.69,6.35,8.83,22.53,6.4,26.74
2019,141,0.62,0.62,0.65,95.06,1.94,193.94,5.16,66.38,7.75,9.49,21.49,9.32,15.4
2019,142,0.63,0.62,0.65,95.21,1.57,197.5,1.81,69.88,8.73,12.37,22.69,11.19,22.85
2019,143,0.62,0.62,0.62,95.25,1.58,175.56,0.0,60.25,7.63,11.17,26.84,9.02,30.42
2019,144,0.62,0.62,0.66,94.73,1.45,180.88,15.7,71.06,10.25,13.15,24.9,13.44,18.9
2019,145,0.65,0.66,0.73,94.66,2.68,153.0,17.56,80.12,8.91,12.15,18.57,11.34,6.73
2019,146,0.66,0.66,0.7,94.68,4.87,316.25,6.25,85.69,8.91,11.76,16.26,11.43,11.98
2019,147,0.66,0.66,0.68,94.76,4.0,296.06,2.68,74.25,8.36,12.08,20.38,10.44,17.66
2019,148,0.66,0.66,0.66,94.87,1.78,202.75,0.05,61.0,8.24,10.08,27.15,10.17,26.88
2019,149,0.65,0.65,0.66,95.35,2.6,44.06,0.22,72.12,8.36,11.19,21.83,10.51,18.8
2019,150,0.65,0.65,0.65,95.8,2.33,323.25,0.0,67.56,6.96,9.22,20.87,7.96,27.16
2019,151,0.64,0.64,0.64,95.72,1.7,114.88,0.0,66.12,7.08,9.5,22.73,8.06,30.48
2019,152,0.64,0.63,0.63,95.56,1.8,101.81,0.0,63.94,7.32,9.32,25.03,8.55,30.52
2019,153,0.63,0.63,0.62,95.39,1.77,179.0,0.0,57.06,7.45,11.35,27.59,8.73,30.76
2019,154,0.63,0.62,0.62,95.21,1.94,206.0,0.0,54.0,8.36,12.72,30.45,10.4,29.7
2019,155,0.62,0.62,0.61,94.81,2.31,208.69,0.0,46.5,8.3,15.33,32.29,10.26,30.63
2019,156,0.62,0.61,0.61,94.68,2.81,274.88,0.05,51.5,8.54,16.04,31.95,10.59,27.03
2019,157,0.62,0.61,0.61,94.93,1.8,95.56,0.05,68.31,11.17,16.25,27.76,14.9,20.74
2019,158,0.62,0.6,0.59,95.02,3.36,171.75,0.0,47.31,9.95,19.99,35.53,12.94,25.73
2019,159,0.61,0.6,0.59,95.25,1.78,160.56,0.0,46.44,9.83,18.14,36.01,12.79,28.12
2019,160,0.6,0.59,0.57,94.98,3.7,191.69,0.0,38.12,8.48,19.89,36.78,10.49,25.05
2019,161,0.6,0.59,0.58,94.79,2.37,329.62,0.0,62.19,9.64,15.5,29.62,12.52,28.48
2019,162,0.59,0.59,0.59,94.53,2.07,219.19,0.0,72.69,10.62,14.37,27.01,14.01,21.9
2019,163,0.59,0.59,0.58,94.81,2.18,65.44,0.0,67.75,10.25,13.93,29.4,13.51,30.17
2019,164,0.59,0.58,0.56,94.62,3.26,179.31,0.0,45.56,9.34,15.87,38.39,11.91,28.47
2019,165,0.59,0.57,0.55,94.91,3.6,203.19,0.0,47.62,9.16,16.88,33.73,11.67,21.08
2019,166,0.58,0.57,0.56,95.26,2.3,80.62,0.0,60.19,10.38,16.01,32.31,13.83,29.11
2019,167,0.58,0.56,0.56,95.19,2.23,60.56,0.02,66.12,10.99,16.66,30.46,14.68,28.04
2019,168,0.58,0.57,0.58,95.11,2.12,51.0,2.66,67.44,10.44,16.72,26.79,13.8,23.36
2019,169,0.57,0.56,0.55,95.07,1.59,196.38,0.0,52.5,9.95,16.43,33.03,13.04,29.83
2019,170,0.57,0.56,0.55,94.97,2.3,221.94,0.0,50.5,10.38,18.95,34.48,13.64,24.37
2019,171,0.56,0.55,0.54,94.82,2.12,209.44,0.02,46.75,10.44,21.36,34.26,13.66,19.54
2019,172,0.56,0.55,0.53,94.87,1.61,184.06,0.0,46.56,10.38,20.43,37.56,13.57,23.68
2019,173,0.55,0.55,0.52,94.96,1.59,207.69,0.01,55.69,11.17,19.08,37.03,14.65,26.54
2019,174,0.55,0.54,0.5,94.87,1.63,166.19,0.0,42.69,9.64,18.65,40.55,12.3,27.25
2019,175,0.55,0.54,0.47,95.0,2.12,190.56,0.0,29.0,7.81,22.08,41.37,9.11,29.36
2019,176,0.55,0.53,0.45,95.24,1.8,135.06,0.0,27.88,7.63,22.9,41.08,8.62,28.93
2019,177,0.55,0.53,0.43,95.33,1.95,161.19,0.0,32.19,8.48,23.2,40.53,10.37,29.98
2019,178,0.54,0.52,0.42,95.28,2.41,86.06,0.0,45.38,10.13,20.67,35.4,13.32,30.31
2019,179,0.54,0.52,0.42,95.19,2.12,91.31,0.0,48.69,10.01,19.0,35.17,13.08,31.14
2019,180,0.54,0.52,0.41,95.1,1.76,170.0,0.0,41.69,9.34,18.86,38.53,11.87,30.56
2019,181,0.53,0.52,0.41,95.15,2.27,106.88,0.0,40.0,9.4,21.5,38.61,11.93,30.25
2019,182,0.53,0.52,0.4,95.14,2.0,81.0,0.0,40.06,8.42,21.08,35.38,10.22,30.82
2019,183,0.53,0.52,0.39,94.95,1.98,209.5,0.06,47.56,10.68,19.51,34.87,14.19,24.85
2019,184,0.52,0.52,0.39,94.92,1.91,200.56,0.09,44.94,10.99,21.65,37.2,14.54,28.64
2019,185,0.52,0.52,0.4,95.04,2.05,233.31,3.46,40.5,10.68,23.15,39.68,13.98,25.2
2019,186,0.52,0.52,0.43,95.28,2.2,226.94,0.02,44.62,11.47,22.68,36.26,15.29,27.84
2019,187,0.52,0.52,0.41,95.22,2.3,249.75,0.0,40.56,10.86,23.24,38.01,14.37,26.66
2019,188,0.52,0.51,0.4,95.14,1.95,191.5,0.04,40.56,10.56,24.55,36.07,13.87,21.46
2019,189,0.52,0.51,0.39,94.99,1.54,214.31,0.28,38.38,10.38,24.13,39.91,13.52,20.13
2019,190,0.52,0.51,0.38,94.85,2.6,269.75,0.0,37.19,8.97,22.69,37.8,11.12,23.7
2019,191,0.52,0.51,0.38,94.98,2.45,232.38,0.01,58.5,11.84,19.07,34.4,15.64,27.76
2019,192,0.52,0.5,0.38,94.98,2.09,139.0,0.0,53.25,10.5,18.28,35.58,13.65,29.55
2019,193,0.52,0.5,0.37,95.14,2.04,80.38,0.0,43.56,8.97,18.61,36.5,11.21,30.57
2019,194,0.51,0.5,0.36,94.97,1.61,207.56,0.0,33.31,9.16,22.37,40.38,11.52,27.2
2019,195,0.51,0.5,0.35,94.67,2.88,288.88,0.01,49.62,11.9,20.54,36.8,15.76,27.83
2019,196,0.51,0.5,0.35,94.76,2.8,275.5,0.29,58.75,11.54,20.14,31.23,15.15,26.6
2019,197,0.51,0.5,0.35,95.13,2.85,273.12,0.02,60.0,10.38,18.05,28.83,13.59,28.5
2019,198,0.51,0.49,0.34,94.94,2.06,191.19,0.01,44.19,8.42,15.38,34.8,10.35,28.99
2019,199,0.51,0.49,0.34,94.97,2.5,113.62,0.48,51.69,10.44,19.15,31.65,13.6,26.7
2019,200,0.5,0.49,0.34,95.14,1.97,86.06,0.0,43.38,8.79,17.23,35.4,11.06,29.08
2019,201,0.5,0.49,0.33,95.1,2.18,193.19,0.01,40.81,10.5,21.9,36.8,13.93,26.19
2019,202,0.5,0.49,0.32,95.33,2.13,105.19,0.0,42.81,10.31,21.58,36.81,13.62,28.46
2019,203,0.5,0.49,0.32,95.48,2.24,87.38,0.0,45.38,9.89,20.33,35.68,12.87,28.87
2019,204,0.5,0.48,0.31,95.24,1.79,107.69,0.0,35.56,8.12,20.67,37.52,9.87,28.93
2019,205,0.5,0.48,0.3,95.07,2.0,192.38,0.0,34.25,8.12,20.71,37.33,9.84,28.22
2019,206,0.49,0.48,0.3,94.96,1.94,187.69,0.0,36.25,9.28,21.91,38.51,11.81,27.15
2019,207,0.49,0.48,0.3,94.71,2.31,249.75,0.0,34.44,9.58,23.72,38.57,12.03,26.4
2019,208,0.49,0.48,0.3,94.4,2.82,297.31,0.0,47.38,10.56,20.71,35.98,13.41,28.17
2019,209,0.49,0.48,0.3,94.61,2.78,254.69,0.0,57.0,11.41,19.58,32.47,14.96,27.43
2019,210,0.49,0.48,0.3,94.74,2.12,199.88,0.0,53.44,11.72,19.09,36.18,15.51,27.04
2019,211,0.49,0.48,0.29,94.9,2.23,66.56,0.0,45.88,10.74,21.87,36.8,14.17,26.97
2019,212,0.49,0.48,0.29,94.98,1.66,166.81,0.0,41.44,10.8,22.12,39.0,14.3,24.79
2019,213,0.48,0.48,0.28,94.93,2.37,244.31,0.04,28.62,8.73,24.65,42.62,10.81,22.66
2019,214,0.48,0.48,0.27,94.98,2.72,213.75,0.04,39.31,11.17,25.63,39.65,14.64,23.93
2019,215,0.48,0.48,0.28,94.98,2.13,79.19,0.11,50.31,12.57,22.77,38.09,16.54,25.28
2019,216,0.48,0.48,0.28,94.97,1.78,175.25,0.14,39.44,10.74,24.35,38.88,14.15,25.49
2019,217,0.48,0.48,0.28,95.02,2.18,227.38,0.28,44.0,12.02,23.98,39.04,15.91,25.73
2019,218,0.48,0.48,0.28,94.95,2.67,256.31,0.38,37.69,11.23,25.51,40.62,14.77,24.63
2019,219,0.48,0.47,0.29,94.9,2.84,254.0,0.24,31.12,9.89,26.69,41.92,12.79,23.4
2019,220,0.48,0.47,0.3,94.97,1.91,228.88,0.45,43.69,12.27,25.05,37.83,15.91,23.75
2019,221,0.48,0.47,0.3,95.09,1.96,232.56,0.0,38.88,10.01,23.64,38.92,12.41,26.26
2019,222,0.48,0.47,0.29,95.22,2.07,205.69,0.0,25.62,7.08,25.67,39.33,7.73,26.35
2019,223,0.48,0.47,0.28,95.01,2.23,216.88,0.01,35.19,9.89,24.12,41.12,12.65,26.06
2019,224,0.48,0.47,0.28,95.03,2.38,172.56,0.42,52.88,12.94,23.23,36.76,17.01,23.55
2019,225,0.48,0.47,0.32,95.18,2.77,133.38,1.77,66.44,14.16,20.83,30.97,18.55,21.28
2019,226,0.48,0.47,0.33,95.41,2.56,62.12,0.0,57.0,10.62,18.81,30.56,14.12,21.64
2019,227,0.48,0.47,0.32,95.4,2.02,62.38,0.0,52.44,9.4,17.32,32.45,11.88,27.75
2019,228,0.48,0.47,0.31,95.3,1.98,122.19,0.0,52.06,10.31,17.97,35.12,13.52,26.22
2019,229,0.48,0.47,0.3,95.18,2.14,194.31,0.0,40.81,9.46,20.37,36.92,12.33,25.58
2019,230,0.48,0.47,0.29,94.89,2.47,201.88,0.0,35.5,9.52,22.65,38.76,12.4,24.9
2019,231,0.48,0.47,0.29,95.01,2.19,154.5,0.09,44.62,10.93,22.94,35.91,14.44,25.39
2019,232,0.48,0.46,0.28,95.05,2.34,263.31,0.24,54.56,11.78,20.94,36.95,15.35,26.14
2019,233,0.48,0.47,0.31,95.24,2.21,171.5,2.05,69.94,14.71,21.12,33.44,19.19,23.36
2019,234,0.48,0.47,0.43,95.23,2.49,287.81,6.3,72.62,15.2,21.29,32.64,19.73,18.44
2019,235,0.48,0.48,0.48,95.33,2.28,224.69,1.48,71.44,13.98,20.29,31.2,18.42,19.17
2019,236,0.48,0.48,0.46,95.21,1.85,116.38,1.42,69.19,13.98,20.1,32.23,18.37,19.51
2019,237,0.48,0.48,0.46,95.16,1.91,117.62,1.75,70.88,14.28,20.6,31.89,18.7,18.9
2019,238,0.48,0.48,0.44,95.09,1.59,163.94,0.17,63.94,13.61,20.21,35.24,17.73,23.34
2019,239,0.48,0.48,0.43,95.11,2.14,177.88,1.11,59.0,12.76,22.56,32.13,16.87,15.49
2019,240,0.48,0.48,0.51,95.17,2.61,306.44,6.89,73.88,13.61,19.36,25.97,17.96,18.64
2019,241,0.48,0.48,0.48,95.37,2.29,285.44,0.9,74.56,13.37,18.25,29.18,17.7,20.21
2019,242,0.48,0.48,0.49,95.39,1.68,156.12,6.7,73.88,13.24,19.51,30.15,17.52,19.84
2019,243,0.5,0.51,0.58,95.07,1.99,228.75,12.21,77.75,13.73,19.23,27.23,18.12,12.63
2019,244,0.51,0.52,0.55,95.02,2.23,304.56,4.79,87.56,13.49,18.24,22.16,17.84,6.57
2019,245,0.51,0.52,0.51,95.28,2.67,295.88,1.26,79.38,13.55,19.11,27.16,17.91,18.55
2019,246,0.51,0.51,0.49,95.52,1.87,107.0,0.57,70.56,12.15,18.45,28.94,16.23,22.67
2019,247,0.5,0.51,0.48,95.3,1.88,327.88,0.34,70.19,11.23,16.51,27.98,14.92,23.76
2019,248,0.5,0.5,0.48,95.17,2.23,226.38,0.69,71.5,11.72,17.87,28.07,15.65,22.11
2019,249,0.5,0.5,0.48,95.36,2.07,38.75,0.65,67.19,10.44,16.68,27.48,13.82,20.37
2019,250,0.5,0.5,0.49,95.41,1.56,76.12,2.12,70.69,11.05,15.4,27.4,14.81,18.03
2019,251,0.51,0.52,0.58,95.24,1.16,151.0,12.95,81.62,12.76,18.1,24.85,16.99,11.0
2019,252,0.52,0.52,0.52,95.16,1.34,124.12,1.95,75.06,12.08,17.35,27.69,16.08,16.61
2019,253,0.52,0.52,0.52,94.69,1.69,250.88,4.79,65.81,11.23,17.91,27.65,14.87,20.72
2019,254,0.53,0.55,0.66,94.99,2.7,111.19,25.51,87.38,12.7,17.27,21.22,16.89,3.78
2019,255,0.55,0.56,0.56,95.57,2.74,100.56,1.22,76.06,13.49,15.83,31.06,17.83,16.12
2019,256,0.55,0.55,0.54,95.71,1.45,138.81,0.37,61.75,13.06,19.43,35.56,17.27,19.58
2019,257,0.54,0.55,0.52,95.66,1.87,181.12,0.17,58.25,12.76,21.96,34.66,16.99,16.57
2019,258,0.54,0.54,0.51,95.53,1.84,246.69,0.04,56.5,12.08,20.3,35.51,16.11,19.71
2019,259,0.53,0.54,0.51,95.34,1.45,192.25,0.52,54.0,11.72,20.29,33.51,15.6,17.65
2019,260,0.53,0.53,0.52,95.21,1.96,217.31,3.68,62.25,12.82,21.4,33.05,16.9,19.33
2019,261,0.53,0.54,0.52,95.12,2.65,225.88,0.12,62.12,12.15,20.02,31.26,16.1,16.95
2019,262,0.53,0.53,0.51,95.2,2.05,215.75,0.09,61.44,11.84,20.06,29.83,15.74,16.1
2019,263,0.53,0.53,0.51,95.25,1.49,227.94,0.37,65.38,11.72,19.4,27.58,15.54,14.99
2019,264,0.53,0.53,0.5,95.08,2.74,208.0,0.15,52.25,10.86,19.96,32.39,14.32,13.02
2019,265,0.52,0.52,0.5,95.08,2.62,214.25,0.56,52.94,10.68,21.57,30.61,13.99,9.59
2019,266,0.52,0.52,0.49,95.36,1.99,320.38,0.0,70.19,12.94,19.37,30.7,17.17,19.89
2019,267,0.52,0.52,0.49,95.31,1.59,236.25,0.0,74.38,12.51,18.17,29.1,16.68,20.77
2019,268,0.52,0.52,0.48,95.13,1.78,276.75,0.0,62.31,10.19,17.24,30.53,13.15,21.53
2019,269,0.52,0.52,0.48,95.42,1.95,219.31,0.0,69.38,10.93,15.9,27.99,14.48,20.08
2019,270,0.52,0.52,0.48,95.39,1.48,182.69,0.0,65.0,10.5,15.23,30.98,13.73,21.13
2019,271,0.52,0.51,0.48,95.46,1.76,201.56,0.0,60.75,9.89,16.19,30.69,12.87,20.84
2019,272,0.52,0.51,0.48,95.32,1.59,198.31,0.0,57.38,9.4,16.74,31.94,12.12,19.93
2019,273,0.51,0.51,0.48,95.24,1.55,107.25,0.0,55.5,8.67,15.83,30.22,10.88,21.02
2019,274,0.51,0.5,0.47,94.85,1.97,220.5,0.0,47.06,7.75,14.87,31.73,9.05,19.96
2019,275,0.51,0.51,0.53,94.7,3.14,279.62,12.43,70.62,10.62,15.03,26.35,13.84,16.4
2019,276,0.52,0.53,0.55,95.09,3.64,327.56,3.43,76.88,10.38,15.69,22.5,13.69,14.1
2019,277,0.52,0.52,0.51,95.25,1.67,240.88,0.31,70.69,9.83,14.8,25.46,12.86,18.46
2019,278,0.52,0.52,0.49,95.15,1.62,238.5,0.0,55.44,7.87,13.48,29.07,9.25,20.01
2019,279,0.52,0.52,0.49,95.23,1.91,291.69,0.0,63.31,8.67,13.34,27.05,10.7,19.33
2019,280,0.52,0.52,0.52,94.9,4.75,310.0,4.95,77.38,9.95,14.25,22.62,12.97,7.53
2019,281,0.52,0.52,0.52,95.3,3.12,56.44,0.11,74.5,9.52,13.2,22.83,12.44,15.32
2019,282,0.52,0.52,0.49,95.25,1.83,120.06,0.0,64.31,7.32,9.64,26.77,7.96,19.85
2019,283,0.52,0.52,0.49,95.51,1.64,102.44,0.0,69.19,8.61,13.15,25.36,10.84,18.92
2019,284,0.52,0.52,0.49,95.64,1.33,181.44,0.0,64.06,8.54,11.62,29.2,10.73,18.49
2019,285,0.52,0.52,0.48,95.52,2.16,223.25,0.0,58.44,8.54,13.48,28.12,10.89,16.86
2019,286,0.52,0.51,0.48,95.41,2.69,215.19,0.0,58.94,9.03,16.11,27.34,11.71,12.49
2019,287,0.51,0.51,0.48,95.16,2.98,220.25,0.03,54.94,8.97,15.66,30.25,11.59,17.29
2019,288,0.51,0.51,0.48,95.32,2.79,296.44,1.25,67.19,9.64,15.6,25.37,12.63,15.19
2019,289,0.51,0.51,0.5,95.48,1.36,214.94,0.97,74.19,9.46,13.26,24.72,12.38,17.0
2019,290,0.51,0.51,0.48,95.32,2.02,229.25,0.25,65.56,9.4,12.77,27.18,12.23,16.41
2019,291,0.51,0.51,0.48,95.24,1.47,225.81,0.31,69.12,10.38,15.75,26.19,13.72,16.6
2019,292,0.51,0.51,0.48,94.97,3.09,206.12,0.0,61.81,9.46,15.17,28.39,12.35,16.79
2019,293,0.51,0.5,0.48,94.93,3.64,208.19,0.0,52.62,8.36,15.87,30.14,10.42,16.52
2019,294,0.5,0.5,0.48,95.11,1.47,169.88,0.73,65.0,9.95,15.48,26.83,13.1,14.24
2019,295,0.5,0.5,0.48,94.57,4.21,168.19,0.01,52.81,8.91,16.19,31.27,11.35,14.77
2019,296,0.5,0.5,0.48,94.49,2.05,262.0,0.16,66.19,9.4,14.46,27.23,11.99,9.25
2019,297,0.5,0.5,0.48,95.1,2.77,296.19,1.82,68.0,7.45,12.05,20.66,8.49,13.98
2019,298,0.51,0.52,0.61,95.38,4.09,313.81,26.62,81.38,9.03,13.22,18.05,11.63,7.5
2019,299,0.55,0.58,0.7,95.27,1.86,208.56,22.42,84.69,9.34,12.66,18.8,12.23,12.91
2019,300,0.55,0.58,0.6,95.36,0.92,174.44,2.52,76.62,8.54,12.65,19.44,10.84,12.56
2019,301,0.55,0.57,0.58,95.27,1.03,89.94,0.32,75.81,8.79,12.85,21.25,11.28,14.36
2019,302,0.55,0.56,0.56,95.31,1.35,195.75,0.26,79.56,9.03,10.82,22.21,11.69,14.3
2019,303,0.55,0.56,0.55,95.55,1.52,275.5,0.13,76.81,9.09,12.11,22.54,11.78,15.14
2019,304,0.55,0.55,0.55,95.51,1.85,270.5,1.42,81.62,9.28,10.75,22.13,12.11,10.75
2019,305,0.56,0.57,0.6,95.28,2.39,301.75,6.21,80.19,9.28,11.83,19.89,12.03,11.07
2019,306,0.56,0.56,0.56,94.78,2.77,234.62,0.44,78.38,9.4,11.16,22.9,12.21,10.57
2019,307,0.55,0.56,0.55,94.37,4.5,246.81,0.4,75.75,9.09,12.87,21.8,11.67,8.39
2019,308,0.55,0.56,0.55,94.75,2.53,254.38,0.08,72.69,8.36,11.34,23.21,10.35,14.61
2019,309,0.55,0.55,0.55,94.52,3.7,262.81,2.94,69.12,8.18,11.85,23.12,9.97,12.06
2019,310,0.55,0.56,0.56,94.66,2.93,284.12,1.11,79.0,7.2,8.62,16.19,8.23,10.25
2019,311,0.55,0.56,0.55,94.72,2.21,245.75,0.23,64.56,5.98,8.9,19.33,5.28,14.65
2019,312,0.55,0.56,0.55,94.61,4.26,255.5,1.64,68.56,5.86,7.34,16.37,5.11,7.84
2019,313,0.55,0.56,0.57,95.02,4.11,277.69,2.96,76.94,6.04,5.73,13.41,5.65,6.91
2019,314,0.56,0.57,0.64,94.41,3.59,248.44,15.84,82.81,5.92,4.98,13.12,5.19,4.16
2019,315,0.59,0.6,0.71,93.94,4.66,286.06,29.29,85.56,6.35,5.44,11.9,6.08,4.95
2019,316,0.62,0.66,0.74,93.99,6.16,318.81,15.24,81.69,6.77,7.43,12.46,7.14,8.2
2019,317,0.62,0.65,0.68,94.37,4.13,251.69,3.96,80.12,6.65,5.76,14.78,6.8,7.25
2019,318,0.62,0.64,0.66,94.23,3.37,229.31,0.29,76.75,6.84,6.56,18.49,7.33,12.17
2019,319,0.62,0.63,0.66,94.04,2.44,228.06,0.79,72.94,5.68,6.49,15.27,4.58,8.95
2019,320,0.62,0.63,0.7,94.16,2.79,259.44,11.38,88.5,5.62,4.31,10.34,4.54,2.16
2019,321,0.63,0.65,0.69,94.78,3.59,265.12,1.75,72.75,5.25,5.58,13.38,3.5,10.52
2019,322,0.63,0.64,0.67,94.55,4.89,213.19,1.81,67.69,4.94,4.41,15.67,2.55,8.88
2019,323,0.63,0.64,0.68,94.99,1.88,263.38,1.64,85.0,5.92,3.9,11.49,5.37,6.1
2019,324,0.63,0.64,0.66,94.87,3.02,209.06,0.0,70.62,4.76,2.03,15.26,2.37,12.53
2019,325,0.62,0.63,0.66,94.68,3.43,220.56,0.02,67.81,5.55,5.83,16.34,4.28,10.55
2019,326,0.62,0.63,0.65,94.44,4.99,199.38,0.1,55.0,4.94,6.71,18.78,2.68,9.03
2019,327,0.62,0.63,0.66,93.75,5.45,228.94,2.88,69.62,6.16,7.56,16.23,5.58,3.7
2019,328,0.62,0.63,0.66,94.4,4.62,282.69,0.76,77.0,6.04,7.12,13.48,5.67,7.5
2019,329,0.62,0.62,0.66,94.78,4.11,287.0,1.31,85.44,7.26,7.57,14.71,8.25,6.5
2019,330,0.62,0.63,0.66,94.95,1.85,260.5,0.53,82.5,7.57,8.66,17.49,8.99,11.58
2019,331,0.62,0.62,0.65,94.83,2.56,248.25,0.0,81.19,7.75,8.4,20.08,9.3,11.56
2019,332,0.62,0.62,0.65,95.15,2.5,269.5,0.0,74.81,6.96,7.19,17.05,7.63,10.89
2019,333,0.62,0.62,0.64,95.39,1.91,264.44,0.01,82.5,7.02,5.79,19.74,7.92,12.07
2019,334,0.62,0.62,0.64,95.52,1.27,200.94,0.01,79.0,7.14,7.55,19.43,8.15,11.79
2019,335,0.62,0.62,0.64,94.96,2.92,204.56,0.0,74.69,6.53,7.56,18.44,6.83,9.88
2019,336,0.62,0.62,0.64,94.73,1.52,122.56,1.75,84.12,7.08,5.38,18.46,7.85,10.85
2019,337,0.62,0.62,0.65,94.47,2.0,137.5,0.69,76.0,6.84,7.9,19.8,7.17,11.13
2019,338,0.62,0.62,0.64,94.16,3.03,197.75,0.91,70.69,5.68,6.71,16.88,4.66,7.14
2019,339,0.62,0.62,0.64,95.24,1.94,221.81,0.22,76.44,6.35,5.48,17.7,6.44,10.81
2019,340,0.62,0.62,0.63,95.62,1.52,216.06,0.0,64.75,5.68,6.43,18.4,4.79,10.07
2019,341,0.62,0.62,0.64,95.55,1.38,127.0,2.04,65.31,5.55,6.58,19.69,4.4,7.73
2019,342,0.62,0.63,0.72,95.47,2.16,110.81,16.04,90.5,7.39,7.54,14.95,8.74,5.33
2019,343,0.63,0.65,0.69,95.49,4.13,297.0,1.96,88.62,7.39,8.22,14.36,8.7,4.28
2019,344,0.63,0.64,0.67,95.41,6.05,315.12,1.97,76.38,5.43,7.37,9.84,4.27,6.05
2019,345,0.63,0.64,0.66,95.29,2.79,301.19,0.73,75.81,5.62,6.16,13.23,4.55,9.66
2019,346,0.63,0.64,0.66,95.03,3.74,286.75,0.02,79.19,5.92,5.34,12.53,5.3,7.65
2019,347,0.63,0.63,0.66,94.49,5.39,274.5,0.0,80.31,7.02,5.34,16.78,7.67,6.25
2019,348,0.62,0.63,0.66,95.15,2.75,267.62,0.0,79.06,7.14,8.54,17.35,8.17,10.86
2019,349,0.62,0.63,0.65,95.18,2.45,216.38,0.0,71.19,6.16,6.19,19.9,6.06,10.7
2019,350,0.62,0.62,0.65,94.84,4.54,197.5,0.0,67.94,6.16,8.29,19.55,5.98,10.55
2019,351,0.62,0.62,0.64,94.35,3.33,161.88,0.02,66.31,6.04,9.14,17.58,5.66,3.24
2019,352,0.63,0.64,0.73,94.65,2.77,284.75,19.67,90.19,7.69,9.19,11.79,9.05,1.75
2019,353,0.64,0.66,0.7,95.27,2.98,256.0,0.3,76.62,6.1,6.01,16.74,5.72,10.4
2019,354,0.64,0.65,0.68,94.9,5.27,209.12,0.53,58.31,4.94,6.17,17.66,2.78,7.18
2019,355,0.64,0.65,0.67,94.6,4.77,235.06,0.04,69.94,7.45,11.37,19.84,8.6,7.48
2019,356,0.64,0.64,0.66,94.97,5.71,278.62,0.0,72.38,6.9,9.19,16.83,7.51,11.08
2019,357,0.63,0.64,0.66,95.75,4.09,301.44,0.0,80.06,6.47,5.64,14.25,6.66,5.81
2019,358,0.63,0.64,0.66,96.11,1.66,290.88,0.0,72.06,5.68,5.25,16.94,4.83,11.02
2019,359,0.63,0.63,0.66,95.88,1.41,267.81,0.0,60.5,5.19,5.94,18.76,3.56,11.44
2019,360,0.63,0.63,0.66,95.86,1.64,292.62,0.0,67.94,5.74,6.8,18.44,4.76,11.12
2019,361,0.63,0.63,0.66,96.12,1.44,305.12,0.34,90.12,7.14,7.11,15.88,8.24,11.04
2019,362,0.63,0.63,0.66,96.14,2.23,310.81,1.6,89.12,6.59,6.37,11.99,7.19,6.1
2019,363,0.63,0.63,0.66,96.27,1.53,166.31,0.89,86.56,6.29,6.21,11.23,6.48,9.21
2019,364,0.63,0.63,0.66,96.26,2.44,57.56,0.51,78.56,4.94,3.93,11.32,3.07,9.62
2019,365,0.63,0.63,0.66,96.36,1.51,49.81,0.42,77.94,4.88,4.06,11.24,2.82,9.58
2020,1,0.63,0.63,0.66,96.47,1.2,206.38,0.01,81.75,5.0,3.12,12.04,3.22,10.77
2020,2,0.62,0.63,0.66,96.47,1.44,236.12,0.0,74.44,4.58,1.76,14.69,1.94,11.63
2020,3,0.62,0.63,0.65,96.35,1.49,218.5,0.0,72.12,4.52,1.3,15.31,1.67,11.35
2020,4,0.62,0.63,0.66,96.31,1.48,312.88,0.24,91.12,5.98,2.9,11.16,5.69,4.3
2020,5,0.62,0.63,0.65,96.16,1.26,251.31,0.06,83.12,5.86,5.86,12.6,5.48,6.0
2020,6,0.62,0.63,0.65,96.15,1.3,135.19,0.15,80.81,5.43,4.96,13.11,4.34,10.76
2020,7,0.62,0.62,0.65,96.2,1.49,286.88,0.25,90.0,6.04,3.23,12.81,5.86,9.38
2020,8,0.62,0.63,0.66,95.99,2.26,312.0,3.69,92.88,6.47,4.79,11.83,6.79,3.94
2020,9,0.63,0.64,0.69,95.78,1.06,198.25,4.72,88.31,5.98,3.48,11.28,5.72,5.81
2020,10,0.63,0.64,0.66,95.63,1.4,201.81,0.34,84.31,5.19,1.19,12.8,3.48,10.81
2020,11,0.63,0.64,0.67,95.79,1.35,233.81,3.09,87.62,5.98,6.12,10.77,5.78,6.71
2020,12,0.64,0.65,0.71,95.85,1.89,339.75,7.78,93.19,6.47,5.94,9.76,6.8,5.8
2020,13,0.64,0.66,0.7,95.87,1.8,328.75,3.81,88.06,6.04,6.54,10.87,5.92,4.7
2020,14,0.64,0.65,0.68,95.85,1.7,218.25,0.06,76.38,4.88,2.35,14.36,2.76,11.99
2020,15,0.64,0.65,0.67,95.98,1.87,253.12,0.0,68.56,4.27,0.74,15.89,0.79,12.55
2020,16,0.64,0.65,0.67,96.16,0.97,250.12,0.0,63.88,4.15,2.48,15.56,0.48,12.56
2020,17,0.64,0.64,0.67,96.28,1.91,269.75,0.0,74.19,4.52,1.37,13.94,1.75,12.65
2020,18,0.64,0.64,0.67,96.2,1.23,263.69,0.15,83.44,5.74,3.3,12.94,5.08,9.86
2020,19,0.64,0.64,0.67,95.06,3.21,194.19,1.67,71.81,4.76,3.23,15.83,2.3,6.4
2020,20,0.64,0.64,0.67,95.04,2.46,155.25,0.8,73.56,5.0,3.22,15.42,3.02,8.5
2020,21,0.64,0.64,0.66,95.11,5.16,153.62,0.0,59.0,4.64,5.73,17.44,2.04,10.7
2020,22,0.63,0.64,0.66,95.3,4.35,159.88,0.0,59.38,4.82,6.26,18.94,2.44,9.18
2020,23,0.63,0.63,0.66,95.41,1.59,246.56,0.0,72.19,5.68,5.74,18.16,4.64,10.55
2020,24,0.63,0.63,0.66,95.55,1.79,235.12,0.0,64.81,4.64,3.25,17.62,1.98,12.69
2020,25,0.63,0.63,0.65,95.46,2.63,208.44,0.02,66.0,4.39,3.23,14.3,1.23,9.76
2020,26,0.63,0.63,0.66,95.48,2.86,259.56,1.1,80.19,5.62,5.49,13.51,4.73,9.87
2020,27,0.63,0.63,0.66,95.79,1.52,249.75,0.28,83.88,5.98,3.79,14.3,5.65,12.22
2020,28,0.62,0.63,0.65,95.69,2.23,255.88,0.0,69.94,4.88,2.16,16.37,2.55,12.5
2020,29,0.62,0.63,0.65,95.75,1.91,277.5,0.0,76.06,6.04,5.37,17.33,5.81,13.21
2020,30,0.62,0.62,0.65,95.77,1.5,248.56,0.0,74.94,6.47,6.46,18.05,6.79,11.4
2020,31,0.62,0.62,0.65,95.63,1.43,259.38,0.02,71.75,5.49,6.44,15.87,4.36,9.64
2020,32,0.62,0.62,0.64,95.73,2.06,282.19,0.0,82.94,6.59,4.41,16.82,7.14,12.97
2020,33,0.62,0.62,0.64,96.19,1.53,296.44,0.01,80.06,7.32,6.85,18.8,8.68,14.4
2020,34,0.62,0.62,0.64,96.23,1.41,279.81,0.0,69.06,6.41,7.54,20.83,6.76,14.27
2020,35,0.62,0.62,0.63,95.84,2.77,295.88,0.06,69.62,6.29,7.83,19.91,6.39,14.52
2020,36,0.62,0.62,0.63,95.9,3.85,337.31,0.04,75.69,5.07,5.42,10.75,3.32,10.98
2020,37,0.62,0.62,0.63,96.05,1.74,161.5,0.01,70.5,4.76,2.61,14.18,2.4,14.75
2020,38,0.62,0.62,0.62,95.81,3.1,209.94,0.0,56.19,3.91,2.05,17.68,-0.48,15.52
2020,39,0.62,0.62,0.62,95.87,1.54,220.44,0.01,60.38,4.82,4.52,18.8,2.2,13.36
2020,40,0.61,0.61,0.62,96.32,1.17,211.62,0.0,70.19,5.68,6.38,18.6,4.73,14.61
2020,41,0.61,0.61,0.62,96.46,2.09,244.56,0.0,58.69,4.82,4.78,19.94,2.55,15.69
2020,42,0.61,0.61,0.61,95.99,1.91,231.56,0.0,53.44,4.76,5.39,21.75,2.37,16.06
2020,43,0.61,0.61,0.61,95.73,1.26,195.06,0.0,59.69,5.49,8.18,22.05,4.27,15.8
2020,44,0.6,0.6,0.61,95.62,1.71,271.56,0.01,65.56,5.74,7.18,19.85,4.7,13.12
2020,45,0.6,0.6,0.61,95.88,1.51,233.69,0.06,85.38,7.45,7.36,17.94,8.86,9.72
2020,46,0.6,0.6,0.61,95.97,1.33,179.75,0.0,75.62,6.65,6.24,20.72,7.26,16.33
2020,47,0.6,0.6,0.6,96.08,1.55,201.0,0.0,73.62,6.47,6.8,21.15,6.78,16.84
2020,48,0.6,0.6,0.6,95.96,1.51,196.62,0.0,67.62,6.1,6.76,21.48,5.94,16.92
2020,49,0.59,0.59,0.6,96.15,1.73,191.44,0.03,84.62,7.02,6.8,16.24,8.1,5.95
2020,50,0.59,0.59,0.6,96.22,1.74,240.38,0.01,81.56,5.86,4.94,13.43,5.51,9.19
2020,51,0.59,0.59,0.6,95.92,1.34,140.44,0.0,67.06,4.64,1.36,19.75,1.74,18.03
2020,52,0.59,0.59,0.59,96.06,1.32,172.56,0.0,68.19,5.13,5.12,18.59,3.4,17.9
2020,53,0.59,0.59,0.59,96.44,1.38,193.19,0.0,77.56,5.74,4.33,16.9,5.13,17.9
2020,54,0.59,0.59,0.59,96.53,1.61,215.06,0.0,67.12,4.94,3.26,18.75,2.86,18.55
2020,55,0.59,0.59,0.59,96.02,1.65,223.94,0.0,51.81,4.33,5.2,20.98,1.0,19.05
2020,56,0.59,0.59,0.59,95.25,2.07,266.5,0.0,55.56,4.94,5.78,22.01,2.64,17.36
2020,57,0.59,0.59,0.59,95.14,2.89,293.56,0.0,75.31,6.29,6.13,18.21,6.3,13.02
2020,58,0.59,0.59,0.59,95.46,2.06,293.81,0.0,66.56,5.25,6.12,17.66,3.81,18.76
2020,59,0.59,0.58,0.58,95.59,1.95,237.81,0.0,66.38,5.55,5.63,19.73,4.43,18.74
2020,60,0.58,0.58,0.57,95.09,3.31,221.62,0.0,51.38,5.07,6.76,24.55,3.08,18.43
2020,61,0.58,0.58,0.57,95.01,2.45,262.38,0.0,58.38,6.04,8.68,20.51,5.44,11.68
2020,62,0.58,0.58,0.62,94.54,4.48,240.5,9.11,71.94,6.96,8.33,20.4,7.67,6.78
2020,63,0.59,0.59,0.61,94.8,5.47,292.38,1.37,61.69,5.19,7.37,13.58,3.46,16.38
2020,64,0.59,0.59,0.6,95.16,4.8,303.56,1.74,72.69,6.23,8.48,15.48,6.07,18.6
2020,65,0.59,0.59,0.59,94.8,2.28,250.88,0.0,65.25,6.59,7.83,23.07,6.87,19.7
2020,66,0.59,0.59,0.59,94.64,4.54,288.56,4.03,69.94,6.29,7.95,16.33,6.1,11.61
2020,67,0.59,0.6,0.67,95.14,5.29,319.0,13.18,80.81,5.43,6.12,9.21,4.17,9.17
2020,68,0.6,0.61,0.62,95.7,3.05,311.38,1.5,80.81,5.62,4.83,12.08,4.78,10.23
2020,69,0.6,0.6,0.63,95.31,3.43,292.31,5.71,74.88,5.55,3.48,18.03,4.44,15.93
2020,70,0.61,0.62,0.66,95.56,4.56,334.75,7.15,78.5,5.8,6.62,13.36,5.27,12.97
2020,71,0.61,0.62,0.62,95.84,1.73,260.0,0.43,67.25,5.86,7.55,19.22,5.38,20.93
2020,72,0.6,0.61,0.62,95.57,1.6,234.88,0.0,57.94,6.41,6.57,25.87,6.4,20.89
2020,73,0.6,0.6,0.6,95.13,1.94,211.25,0.05,54.12,6.65,10.44,25.49,6.97,18.71
2020,74,0.6,0.6,0.62,95.25,1.27,235.12,1.49,86.44,8.36,9.63,17.82,10.49,17.78
2020,75,0.6,0.6,0.61,95.15,1.01,157.75,0.98,71.62,7.51,8.38,22.84,8.88,20.8
2020,76,0.6,0.6,0.6,94.99,2.5,178.5,0.23,63.06,7.02,10.85,23.72,7.82,8.22
2020,77,0.6,0.6,0.61,95.39,2.13,136.69,2.91,72.75,7.39,8.36,21.18,8.58,12.38
2020,78,0.6,0.6,0.62,95.52,1.56,97.19,0.82,78.12,7.63,9.49,20.7,9.16,16.41
2020,79,0.59,0.6,0.6,95.32,1.34,117.19,0.16,79.94,7.63,8.63,19.89,9.17,14.01
2020,80,0.59,0.59,0.61,94.78,1.83,133.31,4.5,70.5,7.39,8.12,22.76,8.51,19.75
2020,81,0.62,0.63,0.74,94.4,2.38,147.75,27.79,89.0,7.69,8.69,14.16,9.19,3.29
2020,82,0.62,0.64,0.66,94.72,1.94,248.12,1.88,84.06,7.45,8.8,16.64,8.77,10.14
2020,83,0.62,0.63,0.65,94.95,1.7,109.38,1.16,77.81,7.32,7.69,19.1,8.51,16.52
2020,84,0.62,0.63,0.68,94.51,3.67,91.19,11.31,80.88,7.39,6.2,18.58,8.54,7.19
2020,85,0.64,0.66,0.73,94.42,3.54,152.0,13.38,83.0,4.58,2.22,8.23,1.72,8.45
2020,86,0.64,0.66,0.7,94.32,2.36,264.31,4.0,75.31,4.76,2.8,12.07,2.15,20.06
2020,87,0.65,0.66,0.69,94.54,2.29,231.38,0.7,82.31,5.43,4.29,12.72,4.15,17.85
2020,88,0.65,0.66,0.68,94.81,1.37,276.19,1.75,79.94,5.92,4.08,14.3,5.33,17.65
2020,89,0.65,0.66,0.68,94.9,2.55,317.81,2.59,83.69,6.35,6.74,12.54,6.37,14.37
2020,90,0.65,0.65,0.67,94.86,1.34,193.19,0.33,70.88,6.16,7.4,17.99,5.87,22.62
2020,91,0.64,0.65,0.67,94.74,3.6,198.88,1.58,65.88,6.04,8.5,17.34,5.69,9.64
2020,92,0.64,0.65,0.66,94.64,2.37,251.25,0.47,65.88,6.53,9.39,20.89,6.59,13.34
2020,93,0.64,0.65,0.67,94.49,1.79,262.06,1.84,79.25,7.32,8.56,17.69,8.41,17.02
2020,94,0.64,0.65,0.67,94.57,2.67,313.81,2.96,86.75,6.77,6.83,13.19,7.34,12.29
2020,95,0.64,0.65,0.66,95.3,2.11,257.0,0.52,75.31,5.92,5.27,16.16,5.41,20.33
2020,96,0.64,0.64,0.66,95.3,1.52,181.62,0.0,68.44,5.43,2.98,19.43,4.22,23.82
2020,97,0.64,0.64,0.65,95.57,1.77,85.81,0.0,66.06,5.92,6.94,20.66,5.5,25.44
2020,98,0.63,0.63,0.65,95.76,1.62,88.19,0.01,64.88,5.86,6.29,21.35,5.4,24.24
2020,99,0.63,0.63,0.64,95.67,1.91,104.44,0.04,64.94,5.92,7.46,21.01,5.56,25.11
2020,100,0.62,0.62,0.63,95.42,1.54,190.19,0.64,65.31,6.53,7.35,21.85,6.84,23.6
2020,101,0.62,0.62,0.65,95.36,1.18,88.19,2.44,72.69,7.45,10.02,20.64,8.7,16.51
2020,102,0.62,0.62,0.64,95.48,1.73,131.81,0.01,79.56,7.87,9.39,19.32,9.65,17.76
2020,103,0.62,0.62,0.63,95.21,1.66,216.25,0.18,75.44,8.48,9.4,24.26,10.76,17.56
2020,104,0.62,0.62,0.62,94.43,2.46,184.25,0.0,60.94,7.93,10.78,26.53,9.5,16.99
2020,105,0.62,0.62,0.62,94.61,2.18,244.38,0.0,74.38,8.54,11.16,21.8,10.8,20.04
2020,106,0.62,0.61,0.61,94.89,1.98,182.0,0.0,61.44,7.87,9.55,29.54,9.48,20.67
2020,107,0.61,0.61,0.61,95.29,1.12,195.88,0.02,58.5,8.3,12.86,27.76,10.32,24.16
2020,108,0.61,0.6,0.61,95.15,2.41,207.31,2.19,62.0,10.25,16.21,28.08,13.54,20.75
2020,109,0.61,0.61,0.64,94.99,1.42,202.94,5.76,65.69,10.38,16.18,27.55,13.76,14.53
2020,110,0.61,0.61,0.62,94.32,1.84,199.06,1.66,73.19,10.56,15.72,24.09,13.86,7.59
2020,111,0.62,0.62,0.66,93.7,5.76,280.69,6.35,83.25,9.34,12.44,17.21,11.82,5.98
2020,112,0.62,0.62,0.63,94.22,4.16,266.81,4.47,62.81,6.96,10.67,21.83,7.63,21.62
2020,113,0.62,0.62,0.66,94.53,2.89,258.31,6.47,78.69,7.26,7.62,16.43,8.23,16.56
2020,114,0.62,0.62,0.64,95.14,1.92,279.5,0.5,75.12,7.63,9.33,20.58,9.09,14.68
2020,115,0.62,0.62,0.62,94.93,1.68,217.81,0.04,67.69,7.87,8.96,23.95,9.58,24.67
2020,116,0.62,0.62,0.62,94.46,2.43,195.62,2.71,63.31,8.36,13.53,23.57,10.38,8.1
2020,117,0.62,0.62,0.65,94.61,1.79,295.56,3.58,79.25,9.22,12.11,21.14,11.86,17.39
2020,118,0.62,0.62,0.62,94.91,1.62,225.31,0.63,69.44,8.61,10.55,24.09,10.87,23.43
2020,119,0.62,0.62,0.66,95.11,1.94,214.94,9.62,77.56,8.85,11.81,22.11,11.4,17.32
2020,120,0.62,0.63,0.66,95.24,1.9,282.88,2.2,68.69,7.69,10.66,22.62,9.23,24.55
2020,121,0.62,0.62,0.62,95.32,2.01,277.56,0.0,61.81,6.96,7.97,24.42,7.69,27.41
2020,122,0.62,0.62,0.62,95.41,2.04,287.38,0.0,61.88,7.87,11.44,25.14,9.57,28.62
2020,123,0.61,0.61,0.61,95.46,2.23,281.62,0.0,65.19,8.67,11.14,26.9,11.13,27.14
2020,124,0.61,0.61,0.6,95.43,1.75,240.69,0.0,54.81,8.24,13.36,27.57,10.27,29.23
2020,125,0.6,0.6,0.59,95.2,1.7,218.69,0.0,50.0,8.67,13.62,32.64,11.0,28.77
2020,126,0.6,0.59,0.57,95.02,3.41,233.19,0.0,38.56,7.81,17.9,34.47,9.24,28.33
2020,127,0.59,0.59,0.57,95.05,2.77,234.5,0.0,48.38,8.12,15.78,30.58,9.87,27.49
2020,128,0.59,0.58,0.57,95.11,2.49,91.56,0.0,59.56,8.61,13.28,29.01,10.79,27.39
2020,129,0.59,0.58,0.57,94.93,1.85,211.38,0.0,53.0,9.28,16.0,31.14,11.93,24.4
2020,130,0.59,0.58,0.57,94.76,1.59,205.0,0.02,65.56,10.62,16.81,26.55,13.98,9.42
2020,131,0.58,0.58,0.57,94.42,2.27,276.5,0.19,70.19,10.07,14.26,26.76,13.14,15.88
2020,132,0.58,0.57,0.56,94.74,2.09,247.94,0.0,60.19,7.63,11.84,26.51,8.9,30.14
2020,133,0.58,0.57,0.55,94.48,2.71,176.56,0.0,47.44,7.51,12.39,32.88,8.67,25.98
2020,134,0.57,0.56,0.55,94.3,1.24,176.19,0.0,54.81,8.3,15.18,29.73,10.07,15.39
2020,135,0.57,0.56,0.55,94.23,3.61,238.62,0.0,53.12,7.57,13.82,28.58,8.69,23.21
2020,136,0.57,0.56,0.55,94.63,1.62,126.88,0.0,64.0,8.91,12.65,26.95,11.28,12.97
2020,137,0.56,0.55,0.55,94.52,2.48,274.12,0.21,59.75,8.91,14.81,29.65,11.06,22.05
2020,138,0.56,0.55,0.58,95.21,2.94,95.75,5.23,80.62,9.7,13.22,21.67,12.79,19.16
2020,139,0.57,0.57,0.62,95.38,2.64,296.56,8.77,79.44,8.61,10.77,18.55,10.94,10.17
2020,140,0.57,0.57,0.57,95.27,2.88,285.25,0.19,68.94,7.93,9.79,23.25,9.69,22.05
2020,141,0.57,0.57,0.56,95.14,2.45,302.31,0.0,56.25,7.63,11.83,26.29,9.15,29.44
2020,142,0.57,0.56,0.55,95.47,2.3,160.75,0.0,51.38,7.45,13.0,26.43,8.8,30.07
2020,143,0.56,0.56,0.55,95.84,1.95,109.06,0.0,50.19,7.51,14.43,28.12,8.9,30.76
2020,144,0.56,0.55,0.54,95.92,1.66,101.5,0.0,50.0,7.2,12.29,30.98,8.18,31.33
2020,145,0.55,0.55,0.54,95.87,2.04,124.69,0.0,51.06,7.81,14.59,29.99,9.48,30.84
2020,146,0.55,0.55,0.54,95.83,1.62,80.44,0.0,63.0,8.91,14.19,26.86,11.58,29.19
2020,147,0.55,0.55,0.54,95.74,1.77,98.81,0.0,58.88,8.42,13.74,28.24,10.69,29.85
2020,148,0.55,0.54,0.53,95.69,2.7,88.5,0.35,56.25,8.36,14.31,29.21,10.63,29.13
2020,149,0.55,0.54,0.53,95.61,1.68,142.88,0.41,56.38,8.24,13.18,27.9,10.21,27.66
2020,150,0.55,0.54,0.53,95.0,1.98,194.69,0.82,62.44,9.77,16.25,26.79,12.74,25.24
2020,151,0.54,0.53,0.53,94.91,2.1,57.62,0.07,63.94,8.91,13.15,26.08,11.33,28.15
2020,152,0.54,0.53,0.53,94.92,1.81,86.25,2.29,54.69,7.39,11.33,28.86,8.22,25.71
2020,153,0.54,0.53,0.54,94.86,1.71,92.12,0.56,62.5,10.38,16.47,29.48,13.68,22.5
2020,154,0.54,0.53,0.52,95.0,1.91,156.88,0.0,54.81,8.48,14.4,29.76,10.58,30.39
2020,155,0.53,0.52,0.5,94.55,1.51,225.56,0.02,47.5,8.48,15.8,31.75,10.55,29.07
2020,156,0.53,0.52,0.48,94.2,3.57,268.19,0.25,49.06,8.61,16.68,33.05,10.59,30.28
2020,157,0.53,0.52,0.48,94.7,3.84,295.31,0.11,65.38,8.97,13.68,24.1,11.42,29.16
2020,158,0.52,0.52,0.47,94.79,1.69,247.0,0.1,51.75,8.24,12.61,31.25,10.08,24.41
2020,159,0.52,0.52,0.5,94.58,2.74,283.81,3.02,57.44,9.7,16.52,29.08,12.69,25.04
2020,160,0.52,0.52,0.51,94.74,2.34,300.0,2.25,69.25,10.13,14.48,26.44,13.33,25.6
2020,161,0.52,0.52,0.52,95.07,2.45,251.81,0.5,70.19,8.97,12.88,23.05,11.49,27.21
2020,162,0.52,0.52,0.49,95.07,2.06,206.75,0.01,57.12,7.32,11.68,26.05,8.52,30.05
2020,163,0.52,0.52,0.47,94.62,2.15,227.44,0.0,45.88,7.2,12.57,30.55,8.08,30.13
2020,164,0.52,0.52,0.46,94.54,3.05,207.44,3.59,55.56,9.83,14.83,32.5,12.86,27.74
2020,165,0.52,0.52,0.52,95.02,2.43,250.19,0.21,63.44,9.22,14.62,27.11,11.97,25.86
2020,166,0.52,0.52,0.48,95.37,2.12,325.0,0.04,63.69,8.48,13.08,26.74,10.59,30.01
2020,167,0.52,0.52,0.47,95.56,1.83,286.19,0.0,48.75,6.9,12.24,28.3,7.52,31.75
2020,168,0.52,0.51,0.45,95.23,1.92,274.75,0.0,45.69,7.2,14.03,29.94,8.07,25.75
2020,169,0.52,0.51,0.43,95.05,1.95,232.12,0.0,52.25,8.54,15.24,31.94,10.7,30.57
2020,170,0.52,0.51,0.41,94.87,1.83,180.31,0.0,51.94,9.34,15.75,34.01,12.01,18.74
2020,171,0.52,0.5,0.41,95.04,2.84,157.44,0.11,62.88,10.38,15.8,28.63,13.61,21.09
2020,172,0.51,0.5,0.41,95.63,1.99,118.31,0.01,58.25,9.03,14.43,29.31,11.69,31.17
2020,173,0.51,0.5,0.39,95.59,2.6,293.12,0.0,50.06,8.48,16.11,30.65,10.76,31.03
2020,174,0.51,0.5,0.39,95.54,3.07,318.31,0.01,61.0,9.28,14.95,27.68,12.06,30.54
2020,175,0.51,0.5,0.38,95.32,1.79,118.62,0.02,52.81,8.79,15.69,32.33,11.07,31.28
2020,176,0.51,0.49,0.37,95.13,2.03,195.06,0.0,39.81,8.42,17.4,35.7,10.57,29.67
2020,177,0.5,0.49,0.36,94.96,1.82,209.25,0.21,36.62,8.79,20.34,37.67,11.12,26.88
2020,178,0.5,0.49,0.38,94.91,2.66,221.31,4.07,48.81,11.47,22.35,36.31,15.09,25.18
2020,179,0.51,0.5,0.44,95.09,2.16,257.12,1.42,58.81,11.78,19.63,33.65,15.55,25.98
2020,180,0.51,0.5,0.41,95.21,2.0,159.81,0.26,55.56,10.93,19.5,33.72,14.52,29.42
2020,181,0.5,0.49,0.39,95.18,1.94,105.88,0.0,50.56,10.01,18.77,33.94,13.01,30.32
2020,182,0.5,0.49,0.38,94.97,1.95,99.12,0.0,37.69,8.54,19.6,37.76,10.73,30.15
2020,183,0.5,0.49,0.36,94.89,2.77,263.94,0.0,40.69,10.13,22.76,38.46,13.33,27.12
2020,184,0.5,0.48,0.34,95.01,2.02,293.31,0.0,35.25,8.12,21.5,39.26,9.73,29.92
2020,185,0.49,0.48,0.34,95.19,2.7,252.81,0.01,51.62,10.25,18.97,34.92,13.38,26.8
2020,186,0.49,0.48,0.34,95.58,2.8,222.38,0.05,61.06,9.95,16.41,28.31,13.14,29.8
2020,187,0.49,0.48,0.34,95.43,2.09,254.88,0.0,60.44,9.4,15.29,29.44,12.23,30.33
2020,188,0.49,0.48,0.34,95.12,2.72,307.62,0.0,60.75,10.13,15.7,29.63,13.36,29.75
2020,189,0.49,0.48,0.33,95.17,2.41,265.88,0.0,59.69,10.68,16.51,31.44,14.14,30.61
2020,190,0.49,0.48,0.32,95.22,2.25,248.44,0.0,49.38,9.09,17.77,32.4,11.62,30.53
2020,191,0.49,0.48,0.31,95.16,2.18,91.88,0.0,37.94,7.51,17.23,36.75,8.65,29.54
2020,192,0.49,0.48,0.3,94.96,2.38,149.62,0.0,32.69,7.57,19.87,37.46,8.77,27.58
2020,193,0.48,0.48,0.3,94.99,2.33,176.88,0.01,36.94,9.4,22.37,39.0,12.13,27.85
2020,194,0.48,0.48,0.3,95.25,2.48,53.25,0.11,53.88,11.6,19.9,35.37,15.4,28.47
2020,195,0.48,0.48,0.3,95.11,2.04,142.25,0.8,47.94,10.86,21.23,36.55,14.44,20.91
2020,196,0.48,0.48,0.32,95.0,1.96,119.19,1.96,55.44,10.99,19.33,31.78,14.47,26.81
2020,197,0.48,0.48,0.34,95.1,2.17,140.31,0.32,59.25,11.41,19.61,31.23,15.2,25.57
2020,198,0.48,0.48,0.34,95.23,2.5,91.44,0.01,56.12,10.38,17.69,32.24,13.81,28.96
2020,199,0.48,0.48,0.33,95.1,2.41,97.12,0.01,60.62,10.5,16.4,30.38,13.91,28.02
2020,200,0.48,0.48,0.32,95.1,2.23,177.94,0.05,59.94,10.38,17.57,30.53,13.71,27.79
2020,201,0.48,0.48,0.32,95.16,1.88,199.38,0.0,57.19,10.31,17.26,31.49,13.66,27.96
2020,202,0.48,0.48,0.31,95.21,2.16,181.25,0.0,48.38,9.89,17.33,35.63,12.94,27.74
2020,203,0.48,0.48,0.3,95.3,2.34,173.06,0.0,39.0,9.09,20.34,37.15,11.74,27.24
2020,204,0.48,0.47,0.3,95.17,1.93,99.56,0.0,33.38,7.93,21.77,38.83,9.48,29.21
2020,205,0.48,0.47,0.29,94.96,2.75,292.19,0.39,44.0,10.31,20.98,36.48,13.27,26.92
2020,206,0.48,0.47,0.3,94.96,2.07,225.12,0.53,60.81,13.0,21.06,35.15,17.05,25.71
2020,207,0.48,0.47,0.3,95.07,1.58,78.94,0.0,49.06,10.8,19.6,37.22,14.03,28.1
2020,208,0.48,0.47,0.29,95.08,2.15,187.75,0.0,33.69,8.85,22.64,39.46,11.23,28.18
2020,209,0.48,0.47,0.28,95.14,1.88,151.62,0.0,32.56,8.85,23.08,41.21,11.23,28.8
2020,210,0.48,0.47,0.27,95.02,2.06,93.19,0.0,30.62,8.24,23.48,39.4,10.08,29.12
2020,211,0.48,0.46,0.27,95.01,2.22,116.25,0.0,28.88,7.69,22.72,40.98,8.99,28.58
2020,212,0.48,0.46,0.26,95.1,1.94,180.44,0.0,29.19,7.81,22.79,40.5,9.19,28.9
2020,213,0.47,0.46,0.24,95.12,2.33,209.25,0.0,27.94,7.87,23.12,40.69,9.53,28.43
2020,214,0.47,0.46,0.24,95.14,2.4,283.75,0.01,32.12,8.67,23.56,39.04,10.83,28.57
2020,215,0.47,0.46,0.23,94.99,2.13,270.0,0.01,33.69,9.22,24.8,40.07,11.55,26.59
2020,216,0.47,0.46,0.24,94.71,2.65,176.75,1.72,47.81,11.78,22.67,38.17,15.36,23.21
2020,217,0.47,0.46,0.29,94.93,3.34,62.69,0.0,58.94,11.54,19.43,31.14,15.23,20.98
2020,218,0.47,0.46,0.28,94.96,2.33,53.12,0.0,52.0,9.22,17.12,31.83,11.68,28.61
2020,219,0.47,0.46,0.27,95.14,2.08,121.19,0.0,55.0,9.64,17.63,31.94,12.38,28.87
2020,220,0.47,0.46,0.27,95.32,2.05,139.31,0.0,47.56,8.73,17.71,33.27,10.96,28.62
2020,221,0.47,0.46,0.26,95.39,2.1,130.25,0.0,46.94,9.28,18.93,33.44,11.94,28.47
2020,222,0.47,0.46,0.25,95.17,2.27,187.88,0.0,45.25,9.16,19.26,34.19,11.72,27.74
2020,223,0.47,0.46,0.24,94.96,1.95,99.19,0.0,40.12,8.48,18.53,36.43,10.4,28.06
2020,224,0.47,0.46,0.23,94.94,2.03,191.81,0.0,37.31,9.16,21.16,35.91,11.76,26.21
2020,225,0.47,0.46,0.23,95.04,3.23,226.44,0.0,35.31,9.52,24.14,37.27,12.44,24.68
2020,226,0.47,0.46,0.24,95.08,3.24,218.44,1.53,32.94,9.89,26.25,39.94,12.87,20.39
2020,227,0.47,0.46,0.27,95.07,2.57,233.88,0.11,37.12,10.62,25.76,37.81,14.0,19.26
2020,228,0.47,0.46,0.27,94.94,2.54,224.25,0.03,32.81,8.97,24.12,36.3,11.34,15.9
2020,229,0.47,0.46,0.27,94.95,2.74,237.12,0.87,41.56,9.83,23.17,37.11,12.5,19.71
2020,230,0.47,0.46,0.27,94.98,2.2,247.06,0.0,46.38,10.62,21.48,36.88,13.7,25.1
2020,231,0.47,0.46,0.27,94.92,2.13,235.06,0.0,42.5,9.95,21.8,37.86,12.71,25.53
2020,232,0.47,0.46,0.25,94.69,2.05,121.81,0.0,40.25,9.77,21.3,38.98,12.62,25.5
2020,233,0.47,0.46,0.23,94.59,2.99,202.75,0.0,23.69,7.39,25.62,42.86,8.07,23.16
2020,234,0.47,0.46,0.22,95.0,2.5,234.75,0.0,28.5,9.22,26.62,41.74,11.06,21.59
2020,235,0.47,0.46,0.22,95.34,2.13,275.94,0.0,46.38,12.51,23.75,38.95,16.26,24.16
2020,236,0.47,0.46,0.21,95.31,2.64,182.56,0.0,60.56,13.24,21.38,34.4,17.38,24.48
2020,237,0.47,0.46,0.24,95.18,2.41,105.62,0.91,59.75,11.84,19.92,33.9,15.73,26.0
2020,238,0.47,0.46,0.23,95.2,2.1,131.5,0.0,47.38,9.77,19.4,36.37,12.62,26.24
2020,239,0.47,0.46,0.23,95.38,2.02,132.19,0.0,39.25,8.18,20.15,35.98,9.95,26.28
2020,240,0.47,0.46,0.22,95.17,1.94,90.19,0.0,32.19,7.14,20.33,37.64,7.85,26.2
2020,241,0.47,0.46,0.21,94.48,2.69,208.62,0.0,31.31,8.06,21.34,37.37,9.76,21.6
2020,242,0.47,0.46,0.2,94.1,3.95,198.44,0.15,28.19,7.39,23.85,38.33,8.08,25.29
2020,243,0.47,0.46,0.25,94.64,2.98,213.25,2.38,57.19,11.72,21.48,31.44,15.17,16.1
2020,244,0.47,0.47,0.41,95.08,3.25,34.19,5.93,69.88,11.41,15.26,24.64,14.97,16.42
2020,245,0.48,0.47,0.43,94.83,1.9,125.5,0.25,56.5,9.09,13.21,32.67,11.51,23.64
2020,246,0.48,0.48,0.47,94.9,2.13,45.06,4.5,73.94,12.08,17.5,26.18,16.09,17.17
2020,247,0.48,0.48,0.54,95.6,2.04,50.0,8.24,73.88,11.35,16.69,26.15,15.29,11.62
2020,248,0.48,0.48,0.48,95.77,1.72,86.62,0.91,67.44,10.86,15.85,28.51,14.58,22.56
2020,249,0.48,0.48,0.45,95.27,1.87,85.44,0.18,62.44,10.93,16.39,31.85,14.42,20.48
2020,250,0.48,0.48,0.47,95.1,1.81,98.38,1.58,69.19,11.41,17.92,28.83,15.08,22.05
2020,251,0.48,0.48,0.5,95.07,1.77,134.88,6.81,71.56,11.84,16.61,30.13,15.74,18.45
2020,252,0.48,0.49,0.53,95.39,1.08,119.62,6.26,76.75,12.82,17.4,28.39,17.05,10.66
2020,253,0.49,0.5,0.51,95.48,1.75,172.44,3.87,71.88,12.88,17.71,30.44,17.12,15.1
2020,254,0.5,0.51,0.56,95.13,2.36,285.56,9.05,80.5,12.94,17.61,24.44,17.14,12.4
2020,255,0.5,0.52,0.51,94.95,2.96,293.31,2.19,78.19,11.84,16.57,24.98,15.74,16.33
2020,256,0.51,0.52,0.51,95.21,3.02,306.31,2.43,79.06,12.39,17.22,25.4,16.47,13.1
2020,257,0.51,0.52,0.52,95.61,2.19,220.0,4.02,80.56,12.82,17.65,26.09,17.12,15.31
2020,258,0.51,0.52,0.49,95.71,1.75,61.81,0.67,73.88,12.15,17.61,28.27,16.29,19.54
2020,259,0.51,0.51,0.48,95.58,1.63,112.5,0.04,67.75,11.47,17.37,29.48,15.31,19.7
2020,260,0.5,0.51,0.48,95.4,1.81,178.94,0.01,59.62,10.07,16.87,31.04,13.23,21.66
2020,261,0.5,0.5,0.47,95.25,1.76,177.38,0.0,53.88,9.4,16.86,32.44,12.15,20.99
2020,262,0.5,0.5,0.46,95.26,1.7,217.5,0.01,53.12,10.93,19.38,35.6,14.46,19.45
2020,263,0.5,0.49,0.46,95.3,2.3,221.56,0.1,58.94,12.51,20.37,35.28,16.51,19.65
2020,264,0.49,0.49,0.47,95.25,1.95,238.81,0.9,65.44,12.45,19.94,30.16,16.54,20.05
2020,265,0.49,0.49,0.48,95.18,1.73,204.19,0.28,74.31,12.94,19.17,27.33,17.19,13.53
2020,266,0.49,0.49,0.47,95.05,1.5,180.88,0.09,73.88,12.33,17.99,28.9,16.32,16.09
2020,267,0.49,0.49,0.47,95.04,2.15,235.44,0.15,61.19,10.19,17.51,28.64,13.37,13.1
2020,268,0.49,0.48,0.46,95.08,2.37,242.19,0.0,52.88,9.89,17.2,32.94,12.9,18.05
2020,269,0.49,0.48,0.46,94.97,4.91,283.12,0.13,57.75,9.89,16.51,29.77,12.95,14.98
2020,270,0.48,0.48,0.46,94.92,4.34,303.75,0.19,59.56,7.45,13.16,20.79,8.79,13.97
2020,271,0.48,0.48,0.48,94.64,3.34,284.25,2.04,69.19,7.81,10.83,21.9,9.28,11.8
2020,272,0.48,0.48,0.47,95.18,1.99,235.69,0.0,63.38,7.14,10.05,24.8,7.99,21.16
2020,273,0.48,0.48,0.45,95.28,1.81,222.38,0.0,48.75,6.96,11.63,29.98,7.51,21.18
2020,274,0.48,0.48,0.45,94.94,2.38,196.5,0.29,58.25,9.28,16.12,29.73,11.85,17.53
2020,275,0.48,0.48,0.46,94.64,1.3,204.62,0.27,71.31,10.44,15.58,27.62,13.69,16.55
2020,276,0.48,0.48,0.45,93.94,3.71,217.69,0.0,50.94,8.18,14.63,30.78,9.67,17.18
2020,277,0.48,0.48,0.45,94.26,2.9,284.44,0.33,65.38,8.48,12.23,23.4,10.47,14.31
2020,278,0.48,0.48,0.44,94.68,2.32,255.31,0.0,56.06,6.9,9.95,27.48,7.16,19.26
2020,279,0.48,0.48,0.44,95.06,1.56,296.31,0.16,74.94,9.09,14.1,23.38,11.7,9.61
2020,280,0.48,0.48,0.43,95.57,1.28,40.5,0.16,69.69,8.42,13.19,23.23,10.71,14.34
2020,281,0.48,0.48,0.42,95.66,2.09,288.62,0.0,64.75,8.12,10.89,26.77,10.04,15.99
2020,282,0.48,0.48,0.41,95.81,1.62,131.81,0.48,73.38,9.89,14.44,25.8,13.13,14.88
2020,283,0.48,0.47,0.41,95.62,1.55,197.44,0.0,62.56,8.85,13.33,28.73,11.34,18.89
2020,284,0.48,0.47,0.39,95.5,1.7,217.69,0.32,63.0,8.85,14.2,27.58,11.26,17.84
2020,285,0.48,0.48,0.55,95.21,2.67,263.38,25.94,83.56,9.89,12.44,21.9,13.0,11.34
2020,286,0.52,0.53,0.6,95.25,4.04,323.31,9.6,74.56,7.2,11.28,16.33,8.3,11.24
2020,287,0.52,0.53,0.52,95.11,2.04,272.56,0.01,63.62,6.59,9.59,20.74,6.79,18.55
2020,288,0.52,0.52,0.5,94.56,3.7,234.5,0.7,54.94,6.41,9.87,25.49,5.96,15.55
2020,289,0.52,0.52,0.5,94.9,2.37,312.81,0.53,71.94,7.51,10.73,19.48,8.71,14.09
2020,290,0.51,0.52,0.49,95.17,1.9,307.5,0.1,67.31,6.53,9.17,18.44,6.87,14.84
2020,291,0.51,0.52,0.49,95.26,1.7,229.12,0.0,65.0,6.16,7.22,20.21,5.97,17.59
2020,292,0.51,0.51,0.48,95.53,1.72,214.31,0.0,68.56,6.71,8.57,21.31,7.23,17.36
2020,293,0.51,0.51,0.48,95.6,1.4,221.12,0.0,60.75,6.04,7.5,24.8,5.58,17.7
2020,294,0.51,0.51,0.48,95.47,3.57,208.69,0.0,50.75,5.92,10.2,26.3,5.43,17.19
2020,295,0.51,0.5,0.48,95.31,3.65,213.94,0.0,50.0,6.16,11.08,26.51,5.98,17.05
2020,296,0.5,0.5,0.48,95.32,2.77,199.06,0.0,49.94,7.45,12.5,30.84,8.63,13.26
2020,297,0.5,0.5,0.49,95.63,1.85,293.5,3.81,66.5,9.16,15.15,25.8,11.77,13.88
2020,298,0.51,0.51,0.51,95.81,2.02,305.19,0.68,79.38,9.34,13.0,21.4,12.18,10.41
2020,299,0.51,0.51,0.48,95.45,1.62,239.44,0.03,64.69,6.9,9.72,22.65,7.28,16.28
2020,300,0.51,0.51,0.52,94.98,3.92,258.5,7.01,58.12,6.23,9.91,24.51,5.83,15.27
2020,301,0.51,0.52,0.51,95.28,2.69,304.12,0.11,67.0,6.35,9.17,18.38,6.49,11.49
2020,302,0.51,0.52,0.49,95.62,1.58,245.88,0.0,72.88,6.96,8.23,19.65,7.89,14.79
2020,303,0.51,0.51,0.49,96.0,1.46,198.62,0.0,74.81,7.69,9.23,22.2,9.28,15.76
2020,304,0.51,0.51,0.48,96.03,1.38,178.12,0.0,69.38,7.14,8.01,23.96,7.97,15.75
2020,305,0.51,0.51,0.48,95.83,1.34,182.06,0.0,58.5,6.41,10.57,25.43,6.47,15.65
2020,306,0.51,0.51,0.48,95.8,1.37,177.0,0.0,66.69,7.39,10.82,24.71,8.58,15.38
2020,307,0.5,0.5,0.48,95.78,1.27,197.38,0.0,57.25,6.59,10.04,26.29,6.84,15.17
2020,308,0.5,0.5,0.48,95.69,1.2,192.56,0.0,60.25,6.96,10.23,25.39,7.65,14.4
2020,309,0.5,0.5,0.48,95.45,1.43,216.94,0.0,71.0,7.81,10.64,20.83,9.48,10.98
2020,310,0.5,0.5,0.48,95.81,1.3,176.31,0.0,69.31,7.87,10.23,21.05,9.65,9.57
2020,311,0.5,0.5,0.48,95.92,1.46,199.0,0.0,55.62,7.39,12.73,27.34,8.68,11.85
2020,312,0.5,0.5,0.48,95.9,2.45,221.81,0.17,62.81,8.0,13.83,23.51,9.88,10.32
2020,313,0.5,0.5,0.48,95.84,1.84,220.62,0.11,58.88,7.75,13.97,25.24,9.51,12.72
2020,314,0.5,0.49,0.48,95.6,1.68,248.25,0.02,53.12,7.39,13.87,26.1,8.65,10.66
2020,315,0.5,0.49,0.48,95.78,1.17,300.81,2.06,82.81,9.46,12.8,19.31,12.42,10.94
2020,316,0.51,0.51,0.55,95.86,0.7,161.88,7.45,89.38,9.52,11.88,17.14,12.57,7.36
2020,317,0.51,0.51,0.5,95.79,2.39,207.0,0.04,67.81,7.14,10.49,22.05,8.22,12.71
2020,318,0.51,0.51,0.48,95.67,3.85,214.69,0.0,56.19,6.41,11.8,22.69,6.61,12.19
2020,319,0.51,0.51,0.48,95.61,2.98,226.12,0.0,50.75,6.16,12.05,24.92,6.01,12.63
2020,320,0.5,0.5,0.48,95.62,1.69,259.81,0.52,76.38,8.36,11.36,19.03,10.3,8.99
2020,321,0.5,0.51,0.5,95.63,1.8,279.25,2.3,80.88,8.67,9.94,21.32,11.08,9.78
2020,322,0.51,0.52,0.53,95.85,3.19,337.19,3.82,80.56,8.24,12.12,17.22,10.31,8.71
2020,323,0.51,0.51,0.5,96.02,1.71,196.5,0.15,75.25,7.51,11.12,18.31,9.08,8.94
2020,324,0.51,0.51,0.49,96.1,1.32,264.75,0.5,80.12,7.81,10.55,19.11,9.69,11.54
2020,325,0.52,0.52,0.55,95.82,3.66,328.81,8.13,79.12,7.02,9.94,14.38,7.9,3.97
2020,326,0.52,0.54,0.62,95.55,5.19,345.56,15.6,77.75,6.53,8.94,13.53,6.87,6.5
2020,327,0.53,0.55,0.56,95.67,2.28,264.56,3.55,85.25,6.77,7.88,12.23,7.44,7.99
2020,328,0.54,0.55,0.58,95.88,2.45,138.38,4.82,90.94,7.75,8.78,13.14,9.55,3.79
2020,329,0.54,0.55,0.55,95.79,0.98,122.12,0.64,84.94,7.39,7.56,17.11,8.82,11.15
2020,330,0.54,0.55,0.53,95.33,2.65,211.44,0.0,69.81,5.86,7.04,19.8,5.34,12.36
2020,331,0.54,0.55,0.53,95.11,2.74,206.88,0.01,73.81,6.29,7.14,19.21,6.37,10.75
2020,332,0.54,0.54,0.53,94.48,3.1,156.06,0.36,75.25,6.59,7.27,16.33,6.83,3.12
2020,333,0.55,0.55,0.63,93.66,4.27,216.38,30.49,81.25,6.47,6.57,12.03,6.45,4.46
2020,334,0.58,0.61,0.68,94.65,3.67,309.62,8.29,86.25,7.69,9.65,14.9,9.23,6.9
2020,335,0.58,0.6,0.62,95.58,1.15,220.0,0.52,88.62,7.87,7.83,16.87,9.63,8.31
2020,336,0.58,0.59,0.6,95.22,1.5,250.56,0.19,77.94,6.53,5.85,18.45,6.8,10.79
2020,337,0.58,0.59,0.65,94.44,3.01,272.75,13.01,86.12,6.71,6.38,13.98,7.05,4.37
2020,338,0.59,0.61,0.64,94.59,2.13,287.0,1.28,78.0,5.43,3.55,12.18,4.0,9.24
2020,339,0.59,0.6,0.62,93.81,4.63,213.31,0.02,70.94,5.37,3.4,14.78,3.69,10.42
2020,340,0.59,0.6,0.64,93.57,3.52,238.0,7.2,82.31,5.43,5.36,9.88,4.04,3.23
2020,341,0.6,0.61,0.65,94.22,3.8,261.94,3.5,83.88,5.0,3.53,9.62,2.86,6.09
2020,342,0.6,0.61,0.62,94.59,3.49,238.81,0.16,78.62,5.0,1.14,12.8,2.85,10.37
2020,343,0.6,0.61,0.66,94.22,4.94,260.12,6.51,81.06,6.59,7.56,13.02,6.83,4.41
2020,344,0.61,0.62,0.68,94.7,3.9,282.5,8.31,83.38,5.49,4.83,9.78,4.29,4.9
2020,345,0.62,0.63,0.7,94.56,4.17,259.94,16.89,84.5,6.16,3.51,11.52,5.51,4.99
2020,346,0.63,0.66,0.77,94.22,3.48,279.94,21.16,91.12,8.3,7.32,14.08,10.16,5.17
2020,347,0.66,0.69,0.77,94.22,5.77,305.31,11.22,82.69,8.06,10.31,15.32,9.62,4.91
2020,348,0.66,0.69,0.73,94.92,3.32,307.5,2.24,82.5,6.53,6.01,13.29,6.89,9.16
2020,349,0.66,0.68,0.71,94.99,2.3,211.12,0.0,72.88,6.04,4.38,19.68,5.62,11.18
2020,350,0.66,0.67,0.7,95.2,1.84,232.25,0.1,76.56,7.39,7.78,18.63,8.57,9.45
2020,351,0.66,0.66,0.7,95.4,1.39,195.31,0.0,77.94,7.32,8.37,19.58,8.58,10.55
2020,352,0.66,0.66,0.7,95.42,1.44,183.06,0.0,76.62,6.96,7.5,18.98,7.81,8.25
2020,353,0.66,0.66,0.7,95.42,0.83,140.31,0.41,85.75,7.45,8.85,16.8,8.78,8.92
2020,354,0.66,0.67,0.74,95.37,0.69,126.38,9.07,84.62,6.77,7.92,12.87,7.37,6.56
2020,355,0.67,0.68,0.76,95.5,1.88,300.62,12.74,94.81,7.45,6.33,13.24,8.76,4.48
2020,356,0.68,0.7,0.76,96.01,1.8,335.69,6.24,92.12,7.32,7.15,13.41,8.65,3.9
2020,357,0.68,0.7,0.73,96.18,0.91,183.69,0.58,87.88,6.96,6.39,15.73,7.94,9.88
2020,358,0.68,0.7,0.73,95.98,2.52,217.31,0.0,79.75,6.1,5.1,17.15,5.98,11.06
2020,359,0.68,0.69,0.72,95.59,3.12,224.5,0.0,77.0,5.98,6.05,17.76,5.67,11.06
2020,360,0.68,0.69,0.74,95.18,3.11,275.75,10.65,85.38,6.53,5.73,14.87,6.85,9.42
2020,361,0.7,0.71,0.78,95.23,4.91,320.44,8.74,82.38,4.76,3.63,7.0,2.41,6.45
2020,362,0.7,0.71,0.74,94.87,2.88,269.44,0.23,76.19,4.21,1.86,9.18,0.6,7.57
2020,363,0.7,0.7,0.73,93.9,5.04,238.69,0.78,67.69,4.82,2.13,14.24,1.68,11.41
2020,364,0.7,0.7,0.73,94.08,2.99,248.81,0.48,83.88,5.86,3.26,13.15,5.02,5.87
2020,365,0.7,0.7,0.73,94.67,3.17,268.44,0.93,85.56,4.94,1.74,9.1,2.78,7.31
2020,366,0.69,0.7,0.73,95.0,1.71,244.0,0.02,70.0,3.78,0.19,11.59,-1.05,11.67
2021,1,0.69,0.7,0.73,94.35,4.27,221.94,0.17,71.88,4.09,0.08,11.65,0.01,11.38
2021,2,0.69,0.7,0.73,94.38,3.3,239.25,0.17,80.31,4.27,0.73,9.51,0.78,10.08
2021,3,0.69,0.7,0.73,94.66,3.02,244.75,0.58,84.44,3.85,-1.02,5.83,-0.81,8.06
2021,4,0.69,0.7,0.73,94.75,2.6,230.06,0.01,72.88,3.36,-1.81,10.36,-2.67,11.94
2021,5,0.69,0.7,0.73,94.57,2.33,226.12,0.03,71.88,3.54,-1.33,8.63,-1.93,9.02
2021,6,0.69,0.7,0.73,94.59,1.71,236.5,0.39,76.81,4.64,0.99,12.0,1.69,4.37
2021,7,0.69,0.69,0.73,94.23,2.98,206.44,0.08,80.56,6.65,2.78,18.38,6.64,9.93
2021,8,0.69,0.69,0.73,94.08,2.41,221.12,0.95,86.69,8.54,8.43,17.74,10.64,9.76
2021,9,0.68,0.69,0.73,94.02,3.48,239.69,2.26,77.44,8.3,9.55,20.18,10.19,6.48
2021,10,0.68,0.69,0.73,94.41,1.43,167.25,0.58,85.19,6.77,6.87,14.88,7.33,9.22
2021,11,0.69,0.7,0.76,94.93,2.56,297.0,12.03,82.94,5.68,5.33,12.18,4.71,11.02
2021,12,0.7,0.71,0.77,95.69,3.81,311.88,5.17,85.69,5.19,4.4,8.45,3.7,6.27
2021,13,0.7,0.71,0.74,95.95,2.82,298.25,0.16,86.62,5.55,4.32,10.98,4.69,10.0
2021,14,0.7,0.7,0.74,95.66,2.54,292.0,0.64,89.31,5.92,3.86,10.94,5.58,10.46
2021,15,0.7,0.7,0.75,95.45,2.4,313.12,4.0,89.75,6.16,5.96,9.83,6.08,4.45
2021,16,0.7,0.72,0.77,95.52,3.7,324.0,7.84,89.44,5.8,4.7,8.37,5.2,5.39
2021,17,0.7,0.72,0.75,95.88,2.31,291.88,0.02,77.44,4.58,1.25,13.51,1.94,12.7
2021,18,0.7,0.71,0.75,95.93,1.95,310.88,0.36,84.38,5.31,3.14,11.9,3.91,11.3
2021,19,0.7,0.71,0.74,95.93,2.01,211.5,0.0,74.25,4.52,0.15,15.19,1.65,13.25
2021,20,0.7,0.71,0.73,95.38,5.64,208.62,0.0,55.75,3.91,3.82,15.61,-0.3,12.37
2021,21,0.7,0.7,0.74,95.25,3.64,230.38,1.68,69.19,4.88,5.17,13.69,2.36,6.76
2021,22,0.7,0.7,0.74,94.82,4.69,241.19,3.72,82.5,6.84,4.82,16.16,7.3,10.22
2021,23,0.7,0.71,0.74,94.88,4.01,272.81,0.87,77.0,5.55,5.08,12.79,4.42,11.26
2021,24,0.7,0.7,0.74,94.68,4.44,264.38,0.8,84.31,6.59,5.12,16.44,6.85,7.59
2021,25,0.7,0.7,0.74,94.8,2.88,252.31,3.4,82.62,6.84,4.5,16.45,7.35,10.35
2021,26,0.7,0.71,0.75,95.45,3.6,323.62,1.62,82.38,5.86,3.59,11.55,5.13,11.32
2021,27,0.7,0.71,0.74,95.66,2.59,275.62,0.08,88.31,6.96,2.01,16.51,7.6,8.57
2021,28,0.7,0.7,0.73,95.72,2.12,275.44,0.01,86.12,8.0,8.06,18.65,9.94,13.06
2021,29,0.7,0.7,0.73,95.4,2.43,259.06,0.0,73.0,7.26,8.55,22.05,8.36,13.39
2021,30,0.7,0.7,0.73,94.65,2.62,257.31,0.12,68.12,7.02,8.45,22.65,7.76,12.5
2021,31,0.7,0.7,0.74,94.28,4.71,287.25,3.85,78.81,6.04,5.65,12.28,5.51,8.16
2021,32,0.7,0.7,0.73,94.45,5.55,292.81,1.7,82.38,7.26,7.97,14.74,8.21,7.11
2021,33,0.7,0.7,0.73,95.15,2.38,281.19,0.17,84.38,7.63,7.46,17.59,9.12,12.55
2021,34,0.69,0.7,0.73,95.21,2.74,214.38,0.0,65.06,6.23,7.39,22.65,6.05,15.13
2021,35,0.69,0.69,0.72,95.0,4.28,204.31,0.0,52.88,5.49,10.15,22.93,4.19,12.37
2021,36,0.68,0.69,0.71,94.81,4.08,197.94,0.0,51.88,5.31,9.1,22.62,3.63,13.03
2021,37,0.68,0.68,0.7,94.21,5.77,187.62,0.1,49.0,5.25,9.96,23.01,3.26,10.72
2021,38,0.68,0.68,0.72,94.01,2.98,268.44,2.63,81.25,6.65,7.36,14.08,6.83,8.31
2021,39,0.68,0.68,0.72,94.31,3.76,250.44,1.56,77.31,6.29,5.51,16.83,6.18,12.93
2021,40,0.67,0.68,0.71,94.69,3.5,237.06,0.02,71.88,5.86,6.06,16.73,5.23,14.62
2021,41,0.67,0.67,0.71,94.7,4.62,261.5,0.5,75.25,6.84,6.76,18.87,7.45,11.69
2021,42,0.67,0.67,0.71,95.39,1.8,274.12,0.0,76.62,6.04,5.47,16.93,5.76,16.28
2021,43,0.67,0.67,0.7,95.28,2.0,261.88,0.85,77.88,7.63,7.22,21.26,9.04,15.28
2021,44,0.66,0.67,0.71,95.55,3.83,318.5,1.05,87.19,6.9,7.98,12.49,7.71,6.91
2021,45,0.67,0.67,0.72,96.22,2.43,86.0,2.78,88.75,5.8,3.79,9.22,5.27,8.18
2021,46,0.67,0.67,0.71,96.69,1.59,88.56,0.06,73.81,3.97,0.67,10.87,0.12,14.83
2021,47,0.66,0.67,0.7,96.25,2.55,228.5,0.0,62.88,3.85,0.01,15.59,-0.6,17.41
2021,48,0.66,0.66,0.7,95.83,1.81,249.81,0.0,54.88,4.27,2.66,19.78,0.62,17.61
2021,49,0.66,0.66,0.69,95.5,2.36,214.62,0.0,48.81,3.85,3.5,21.08,-0.81,17.13
2021,50,0.66,0.66,0.69,95.53,2.2,227.0,0.0,49.0,3.85,3.86,19.65,-0.72,17.08
2021,51,0.66,0.66,0.68,95.42,2.47,218.19,0.0,49.94,4.33,4.89,21.49,0.97,17.04
2021,52,0.65,0.66,0.67,95.04,4.41,189.94,0.0,51.38,5.43,8.15,22.36,4.06,14.15
2021,53,0.65,0.65,0.67,95.28,2.59,179.88,1.28,70.75,6.53,8.52,14.96,6.64,3.26
2021,54,0.65,0.65,0.68,96.18,2.46,85.0,0.2,81.06,6.59,6.37,17.44,7.16,11.65
2021,55,0.65,0.65,0.67,96.42,1.52,111.88,0.0,75.88,5.86,3.74,19.21,5.4,17.17
2021,56,0.65,0.65,0.67,96.22,1.42,129.25,0.0,75.31,6.04,5.55,19.24,5.8,18.71
2021,57,0.64,0.64,0.66,95.97,1.45,122.56,0.0,73.94,5.49,4.05,19.46,4.16,18.32
2021,58,0.64,0.64,0.66,95.68,1.59,111.19,0.0,77.44,5.8,4.38,17.92,5.15,14.61
2021,59,0.64,0.64,0.66,95.54,1.24,112.62,0.0,71.94,5.98,6.44,20.29,5.35,18.05
2021,60,0.63,0.64,0.66,95.52,1.48,149.12,0.0,60.06,5.55,5.71,22.66,4.3,15.23
2021,61,0.63,0.63,0.65,95.66,1.55,174.56,0.0,64.12,6.04,8.17,20.74,5.64,17.2
2021,62,0.63,0.63,0.65,95.77,1.3,275.62,0.48,75.31,6.65,7.83,17.35,7.08,15.76
2021,63,0.63,0.63,0.67,95.37,0.86,104.69,4.6,82.56,7.26,9.18,16.33,8.4,15.09
2021,64,0.63,0.64,0.67,95.07,0.87,179.62,2.45,85.06,7.2,8.2,14.44,8.3,13.7
2021,65,0.63,0.64,0.66,95.39,1.3,179.06,1.28,77.25,6.9,6.09,18.58,7.6,17.27
2021,66,0.63,0.64,0.67,95.09,1.27,174.62,2.86,72.75,6.96,8.62,19.22,7.71,16.71
2021,67,0.63,0.64,0.67,94.63,1.37,278.94,2.79,80.31,7.32,7.73,17.14,8.4,14.39
2021,68,0.64,0.64,0.68,94.83,2.45,314.38,3.81,85.25,7.02,8.34,14.8,7.87,11.44
2021,69,0.64,0.64,0.66,95.49,2.41,302.62,0.41,77.81,5.68,5.1,13.26,4.86,14.43
2021,70,0.64,0.64,0.66,95.89,0.91,247.06,0.11,72.75,5.43,5.62,16.66,4.23,20.91
2021,71,0.63,0.64,0.65,95.48,2.19,262.81,0.01,57.62,4.7,3.64,20.61,1.82,21.95
2021,72,0.63,0.63,0.66,95.48,1.58,146.94,0.71,85.81,7.08,7.19,16.35,8.05,17.2
2021,73,0.63,0.63,0.65,95.49,2.54,302.12,0.19,79.75,6.16,5.83,15.97,5.96,21.03
2021,74,0.63,0.63,0.65,95.64,2.03,339.38,0.06,78.88,5.74,5.26,14.76,5.12,16.83
2021,75,0.62,0.62,0.64,95.61,3.51,321.5,0.15,78.62,5.68,4.95,13.58,4.87,10.92
2021,76,0.62,0.62,0.65,95.45,2.12,337.69,1.56,81.88,6.04,5.66,13.82,5.8,10.55
2021,77,0.62,0.62,0.64,94.97,1.82,212.19,0.47,79.31,5.8,5.33,14.58,5.18,20.8
2021,78,0.63,0.64,0.7,94.29,1.06,135.44,11.61,89.06,5.49,4.21,9.51,4.29,5.39
2021,79,0.64,0.65,0.67,94.07,1.98,279.06,2.33,82.81,5.8,4.55,12.83,5.03,11.6
2021,80,0.65,0.66,0.72,94.59,4.74,310.38,11.97,83.06,5.37,5.09,9.55,3.94,11.79
2021,81,0.66,0.67,0.74,94.77,4.02,329.44,12.2,86.81,5.55,4.51,9.33,4.53,10.74
2021,82,0.66,0.67,0.7,95.59,2.3,332.19,0.98,78.5,5.43,4.28,13.4,4.2,16.13
2021,83,0.66,0.66,0.69,95.81,1.66,222.94,0.02,67.69,5.0,3.47,17.26,3.03,23.64
2021,84,0.66,0.66,0.68,95.8,1.67,238.06,0.0,63.31,4.76,3.79,18.41,2.36,23.7
2021,85,0.65,0.66,0.67,95.76,2.75,212.69,0.0,51.56,4.58,3.84,22.39,1.74,24.39
2021,86,0.65,0.65,0.66,95.79,3.59,244.12,0.0,46.12,5.13,10.3,23.12,3.0,21.28
2021,87,0.64,0.64,0.65,96.12,1.59,149.62,0.0,55.81,5.86,8.92,24.68,5.01,23.15
2021,88,0.64,0.64,0.65,96.2,1.37,123.5,0.0,62.0,6.65,10.33,25.18,7.07,21.43
2021,89,0.63,0.63,0.64,96.0,1.28,111.06,0.0,59.44,6.53,10.73,24.02,6.8,18.4
2021,90,0.63,0.63,0.64,95.66,1.61,194.94,0.0,60.62,6.53,9.41,22.9,6.94,23.57
2021,91,0.62,0.62,0.62,95.28,2.09,228.12,0.0,51.25,6.1,9.19,26.3,5.78,23.85
2021,92,0.62,0.62,0.62,94.91,2.34,262.94,0.18,57.62,6.71,10.94,25.23,7.02,15.1
2021,93,0.62,0.62,0.62,94.62,1.88,296.5,0.02,69.88,7.02,9.59,21.5,7.72,24.3
2021,94,0.62,0.62,0.62,94.7,2.22,319.81,0.47,77.94,7.45,9.12,18.92,8.63,23.28
2021,95,0.62,0.62,0.64,95.0,2.17,324.69,2.79,83.75,7.14,6.92,14.93,8.14,14.4
2021,96,0.62,0.62,0.62,94.81,1.96,267.38,0.0,60.12,5.49,4.88,21.42,4.18,26.02
2021,97,0.62,0.62,0.62,95.2,2.55,42.94,0.0,73.12,6.1,5.58,15.99,5.76,12.95
2021,98,0.62,0.61,0.62,95.61,1.77,83.0,0.0,67.56,5.68,2.83,20.76,4.81,25.18
2021,99,0.61,0.61,0.61,95.33,2.11,226.25,0.0,59.38,6.71,7.55,25.64,7.15,22.06
2021,100,0.61,0.61,0.61,95.05,2.53,195.81,0.0,67.12,7.75,11.38,24.26,9.24,17.72
2021,101,0.61,0.6,0.6,94.97,1.77,175.31,0.31,72.69,8.3,11.32,24.68,10.29,19.55
2021,102,0.6,0.6,0.6,95.5,2.9,229.38,0.44,80.12,8.06,9.6,19.24,9.97,15.6
2021,103,0.6,0.6,0.6,95.67,2.03,57.69,0.04,64.94,5.68,7.76,19.74,4.8,26.23
2021,104,0.6,0.6,0.62,95.14,1.78,149.56,5.48,79.31,7.93,7.97,20.54,9.71,15.63
2021,105,0.61,0.61,0.64,94.66,3.36,52.75,4.74,86.88,8.36,9.87,19.91,10.4,8.11
2021,106,0.62,0.62,0.7,94.38,3.67,137.06,19.66,90.62,7.63,8.17,12.76,9.08,5.65
2021,107,0.63,0.64,0.67,94.89,2.82,335.0,2.74,76.88,5.92,6.33,12.48,5.32,13.59
2021,108,0.63,0.64,0.66,95.31,2.65,302.5,1.05,76.69,5.19,4.91,11.81,3.58,17.5
2021,109,0.62,0.63,0.64,95.33,1.64,234.12,0.0,61.56,4.76,2.82,18.95,2.18,27.49
2021,110,0.62,0.62,0.63,94.91,1.79,191.31,0.23,53.25,5.37,6.7,21.79,3.79,19.97
2021,111,0.62,0.62,0.63,94.62,1.75,252.81,0.36,67.5,7.51,10.69,22.45,8.73,18.06
2021,112,0.62,0.62,0.63,94.82,1.41,313.12,0.97,80.5,8.18,10.29,19.51,10.19,14.78
2021,113,0.62,0.62,0.63,95.19,2.15,235.94,0.85,80.19,8.0,9.59,19.3,9.82,16.21
2021,114,0.62,0.62,0.62,95.24,2.11,110.25,0.03,68.69,7.26,8.65,23.85,8.41,26.52
2021,115,0.62,0.61,0.61,94.79,2.38,209.56,0.01,59.25,8.18,10.83,27.55,9.98,23.21
2021,116,0.61,0.61,0.6,94.28,3.2,262.56,0.19,57.0,7.51,11.76,28.06,8.64,19.4
2021,117,0.61,0.6,0.6,94.28,1.97,232.69,0.1,67.44,7.93,9.8,24.11,9.56,26.24
2021,118,0.6,0.6,0.59,94.36,1.98,179.56,0.01,62.81,7.93,10.48,27.55,9.57,27.55
2021,119,0.6,0.59,0.59,94.49,1.8,211.25,0.07,68.56,8.48,11.08,27.63,10.58,26.52
2021,120,0.59,0.59,0.59,94.31,2.49,228.81,0.65,64.75,9.09,11.64,28.67,11.37,19.23
2021,121,0.59,0.59,0.59,94.74,3.01,227.12,0.91,76.56,9.4,10.59,21.39,12.1,11.76
2021,122,0.59,0.59,0.61,95.15,1.77,152.12,6.47,72.0,8.42,9.96,24.32,10.63,18.56
2021,123,0.61,0.62,0.68,95.17,1.87,72.31,13.22,78.75,9.64,13.01,23.94,12.66,21.38
2021,124,0.61,0.62,0.65,94.97,1.86,193.75,8.52,75.44,10.31,13.82,27.23,13.69,19.13
2021,125,0.62,0.62,0.66,94.98,1.9,87.25,2.09,83.69,10.5,13.76,22.94,13.98,14.88
2021,126,0.63,0.65,0.74,95.04,1.08,99.25,33.45,88.81,10.38,13.15,19.05,13.79,6.48
2021,127,0.65,0.66,0.68,95.29,1.55,261.44,0.62,71.69,8.91,12.53,24.28,11.4,24.19
2021,128,0.64,0.65,0.66,95.35,1.05,140.44,0.0,53.25,7.75,12.71,29.09,9.12,29.48
2021,129,0.63,0.64,0.64,94.89,2.8,208.38,0.0,53.06,8.54,14.76,29.72,10.72,26.43
2021,130,0.63,0.63,0.63,94.69,2.52,171.81,0.74,59.38,8.91,14.85,29.42,11.2,24.11
2021,131,0.62,0.62,0.63,95.19,3.4,314.25,0.0,72.56,8.36,9.44,21.05,10.36,24.84
2021,132,0.62,0.62,0.62,95.28,1.48,259.69,0.0,56.56,5.86,8.3,24.06,5.01,30.57
2021,133,0.62,0.62,0.61,95.01,2.26,246.56,0.0,56.56,7.02,10.8,25.42,7.68,29.83
2021,134,0.62,0.61,0.61,94.98,3.33,279.44,0.0,67.75,8.36,11.99,25.94,10.47,28.41
2021,135,0.61,0.61,0.6,95.16,1.75,216.06,0.0,55.44,7.02,10.08,28.59,7.61,30.17
2021,136,0.61,0.6,0.59,94.91,2.59,266.38,0.0,44.88,7.69,13.55,31.78,9.08,29.68
2021,137,0.6,0.59,0.59,95.09,1.97,163.38,0.0,52.5,8.18,12.9,28.76,10.02,27.93
2021,138,0.6,0.59,0.59,95.29,2.02,63.62,0.0,65.81,8.91,11.82,26.92,11.53,29.09
2021,139,0.59,0.59,0.58,95.42,2.43,150.12,0.0,62.06,8.48,12.66,27.44,10.79,28.37
2021,140,0.59,0.59,0.58,95.71,2.16,41.19,0.0,61.62,7.14,11.25,23.53,8.3,29.77
2021,141,0.59,0.58,0.56,95.2,2.88,205.5,0.0,52.0,8.0,10.73,31.21,9.87,29.64
2021,142,0.59,0.58,0.55,94.83,3.03,217.94,0.0,43.44,8.24,15.7,32.66,10.01,28.63
2021,143,0.58,0.57,0.55,94.82,1.52,194.31,0.02,54.81,9.95,15.94,35.09,12.97,23.44
2021,144,0.58,0.57,0.55,95.32,3.41,314.12,0.04,70.44,9.58,13.47,23.19,12.55,24.64
2021,145,0.57,0.56,0.55,95.65,2.3,67.75,0.01,64.56,8.48,12.73,25.87,10.8,28.84
2021,146,0.57,0.56,0.56,95.2,1.59,188.5,0.92,66.88,10.31,14.23,30.45,13.64,11.67
2021,147,0.57,0.56,0.55,95.07,2.39,152.38,0.11,70.5,11.05,16.11,26.57,14.75,18.63
2021,148,0.57,0.56,0.55,94.96,1.56,217.25,0.4,65.12,10.19,15.65,31.43,13.43,21.85
2021,149,0.56,0.55,0.55,95.26,2.1,265.12,0.02,75.56,10.62,14.44,25.19,14.15,17.62
2021,150,0.56,0.55,0.55,95.24,1.74,79.06,0.0,57.62,8.48,13.5,29.95,10.71,26.2
2021,151,0.56,0.55,0.55,95.12,1.84,212.69,1.62,59.44,9.7,15.23,31.19,12.64,21.45
2021,152,0.56,0.55,0.59,94.8,1.81,219.62,3.56,79.31,12.94,17.3,24.73,17.09,14.64
2021,153,0.56,0.55,0.55,94.94,2.15,225.5,0.16,68.5,12.21,17.69,31.04,16.23,24.62
2021,154,0.56,0.55,0.55,95.29,1.61,232.44,0.08,68.25,12.51,18.67,30.84,16.69,21.6
2021,155,0.55,0.55,0.57,95.49,1.99,172.12,3.21,77.88,13.31,19.63,25.98,17.69,18.92
2021,156,0.56,0.55,0.56,95.42,1.75,175.88,0.13,77.56,13.92,18.76,27.51,18.43,19.53
2021,157,0.55,0.55,0.55,95.38,2.91,319.81,0.06,76.88,12.33,16.28,25.27,16.47,17.38
2021,158,0.55,0.55,0.54,95.53,1.9,126.81,0.0,66.06,9.83,15.1,27.84,12.99,26.44
2021,159,0.55,0.55,0.53,95.51,1.78,182.19,0.0,50.69,7.69,14.51,30.82,8.98,28.99
2021,160,0.55,0.54,0.53,95.47,2.09,256.12,0.0,46.62,7.63,15.53,28.74,9.08,31.38
2021,161,0.55,0.54,0.52,95.36,2.24,248.88,0.0,50.94,8.12,15.38,28.63,10.08,30.89
2021,162,0.54,0.53,0.52,95.18,2.09,179.81,0.0,49.44,8.24,14.34,31.2,10.22,30.43
2021,163,0.54,0.53,0.52,95.31,2.08,107.81,0.0,47.5,8.18,16.62,31.79,10.15,30.4
2021,164,0.54,0.52,0.5,95.43,2.02,84.69,0.0,47.44,8.54,15.34,34.0,10.73,30.93
2021,165,0.53,0.52,0.5,95.29,1.4,205.0,0.0,47.25,9.16,19.69,30.46,11.79,26.97
2021,166,0.53,0.52,0.48,95.15,1.86,147.75,0.0,45.12,8.73,18.8,34.69,11.01,22.36
2021,167,0.53,0.52,0.47,94.75,1.6,195.06,0.0,43.44,10.01,19.9,36.32,13.1,27.92
2021,168,0.52,0.52,0.45,94.83,1.91,180.69,0.1,50.06,10.99,22.01,37.6,14.5,17.73
2021,169,0.52,0.52,0.45,94.98,1.7,209.12,0.39,52.75,11.9,20.83,39.7,15.72,17.3
2021,170,0.52,0.51,0.42,94.92,2.84,195.5,0.0,37.44,9.64,21.79,40.48,12.27,21.18
2021,171,0.52,0.51,0.41,94.81,3.09,220.25,0.01,38.94,8.91,19.5,37.08,11.29,20.54
2021,172,0.52,0.51,0.4,94.7,2.39,193.69,0.0,46.75,9.52,18.83,36.0,12.35,25.37
2021,173,0.52,0.5,0.4,94.85,2.03,156.38,0.01,49.88,9.28,17.83,34.84,11.83,29.61
2021,174,0.52,0.5,0.4,95.08,2.34,244.94,0.02,62.75,11.05,17.04,32.08,14.73,17.67
2021,175,0.52,0.5,0.4,95.27,2.27,137.81,0.51,58.31,11.11,18.36,34.73,14.66,21.48
2021,176,0.51,0.5,0.39,95.19,2.31,162.62,0.0,51.88,10.38,19.14,35.65,13.53,23.2
2021,177,0.51,0.5,0.38,94.89,1.8,187.31,0.0,47.56,10.31,19.94,37.03,13.26,20.07
2021,178,0.51,0.49,0.38,94.86,2.23,268.31,0.01,58.75,11.84,19.7,34.62,15.46,21.85
2021,179,0.51,0.49,0.38,95.05,1.83,170.31,0.11,54.19,11.17,19.33,33.42,14.71,22.42
2021,180,0.51,0.49,0.37,95.01,1.56,245.75,0.0,48.12,10.99,20.08,34.48,14.45,23.32
2021,181,0.5,0.49,0.36,95.03,2.27,181.75,0.0,44.81,9.95,20.1,35.17,12.81,20.63
2021,182,0.5,0.49,0.35,95.17,2.08,56.25,0.0,49.19,10.07,18.4,36.98,13.16,28.74
2021,183,0.5,0.49,0.34,95.16,1.91,146.06,0.0,39.75,9.34,21.71,37.92,12.06,29.21
2021,184,0.5,0.48,0.33,95.12,2.11,236.25,0.0,37.81,9.46,22.01,38.12,11.94,27.77
2021,185,0.5,0.48,0.32,95.03,2.4,285.25,0.0,34.44,8.42,21.55,38.56,10.23,28.87
2021,186,0.49,0.48,0.32,95.06,1.68,126.62,0.0,36.69,8.67,20.47,38.24,10.75,30.17
2021,187,0.49,0.48,0.31,94.8,2.32,199.69,0.0,31.81,8.85,23.95,41.06,11.05,28.42
2021,188,0.49,0.48,0.3,95.02,1.77,279.19,0.0,36.31,8.85,22.48,40.09,11.09,26.31
2021,189,0.49,0.48,0.3,95.38,2.42,85.5,0.23,50.62,11.11,21.19,37.42,14.55,20.95
2021,190,0.49,0.48,0.3,95.45,2.34,116.12,0.06,54.94,11.72,19.86,37.18,15.51,25.65
2021,191,0.49,0.48,0.3,95.2,1.91,127.06,0.0,43.5,10.25,21.37,37.21,13.55,28.23
2021,192,0.49,0.48,0.3,95.18,1.52,128.62,0.0,30.75,8.0,21.41,40.17,9.51,28.26
2021,193,0.48,0.48,0.29,94.86,3.08,222.31,0.0,28.62,9.09,26.47,41.76,11.41,21.01
2021,194,0.48,0.48,0.3,95.0,3.23,210.56,0.0,56.88,12.33,19.26,30.98,16.33,20.74
2021,195,0.48,0.48,0.3,95.29,2.77,45.62,0.0,57.12,10.07,17.73,30.56,13.3,28.44
2021,196,0.48,0.48,0.3,95.19,2.62,86.25,0.0,53.81,10.25,16.87,34.51,13.62,23.83
2021,197,0.48,0.48,0.3,95.3,2.7,37.94,0.0,58.12,10.31,17.64,30.79,13.62,25.68
2021,198,0.48,0.48,0.3,95.24,2.41,228.0,0.0,56.5,9.77,16.09,31.08,12.74,29.53
2021,199,0.48,0.48,0.29,94.96,2.3,209.06,0.0,53.75,9.77,17.12,31.7,12.74,28.94
2021,200,0.48,0.48,0.29,94.88,2.04,131.19,0.0,54.62,10.25,18.01,32.1,13.38,29.1
2021,201,0.48,0.47,0.29,95.06,2.12,83.0,0.0,48.19,9.89,18.65,34.61,12.9,28.21
2021,202,0.48,0.47,0.28,95.36,2.1,82.25,0.0,40.31,8.85,20.32,35.98,11.25,28.31
2021,203,0.48,0.47,0.28,95.29,2.25,102.0,0.0,35.19,8.12,19.65,38.07,10.0,28.31
2021,204,0.48,0.47,0.27,95.0,2.18,196.12,0.0,30.56,8.48,22.55,39.77,10.55,28.62
2021,205,0.48,0.47,0.27,94.75,2.21,240.31,0.0,25.88,7.93,24.26,43.17,9.47,26.81
2021,206,0.48,0.47,0.26,94.69,3.4,253.62,0.0,30.62,9.09,26.01,40.33,11.48,21.05
2021,207,0.48,0.46,0.26,94.78,2.22,237.38,0.0,35.69,9.28,23.77,39.49,11.42,20.03
2021,208,0.48,0.46,0.26,94.95,2.1,182.38,0.0,38.0,9.64,23.26,38.97,11.87,25.05
2021,209,0.48,0.46,0.25,94.88,2.56,225.94,0.0,28.56,8.18,24.03,41.46,9.78,26.78
2021,210,0.47,0.46,0.24,94.99,2.6,237.19,0.0,34.5,9.4,23.16,41.07,11.8,26.37
2021,211,0.47,0.46,0.23,94.98,2.77,228.81,0.01,29.12,8.67,25.14,41.49,10.68,24.24
2021,212,0.47,0.46,0.23,94.8,2.75,234.12,0.08,29.62,8.79,26.3,41.32,10.69,21.67
2021,213,0.47,0.46,0.22,94.95,2.97,198.75,0.01,47.44,11.47,22.24,35.06,15.2,23.04
2021,214,0.47,0.46,0.22,94.87,2.73,102.25,0.01,51.94,11.17,20.32,38.18,14.3,22.0
2021,215,0.47,0.46,0.22,94.8,1.93,219.38,0.01,40.88,10.01,21.73,41.76,12.27,24.27
2021,216,0.47,0.46,0.21,94.96,2.82,215.69,0.0,48.44,11.11,21.94,38.55,13.51,22.52
2021,217,0.47,0.46,0.21,95.05,2.16,58.44,0.0,52.19,11.54,20.2,36.98,15.23,27.16
2021,218,0.47,0.46,0.2,94.66,2.02,206.38,0.0,32.88,8.61,21.42,40.49,10.66,27.75
2021,219,0.47,0.46,0.2,94.46,2.88,194.12,0.0,26.44,7.69,25.06,42.22,8.6,26.63
2021,220,0.47,0.46,0.2,94.86,2.02,160.62,0.0,39.25,10.44,24.05,40.44,12.85,23.85
2021,221,0.47,0.46,0.19,95.08,3.1,187.88,0.0,19.12,6.23,25.25,44.92,5.86,22.78
2021,222,0.47,0.46,0.18,95.23,3.63,211.88,0.0,18.94,7.02,30.02,44.94,7.68,21.1
2021,223,0.47,0.46,0.17,95.35,2.29,237.5,0.0,16.38,5.68,26.8,44.22,4.72,25.43
2021,224,0.47,0.46,0.17,95.42,2.28,230.75,0.0,17.81,5.92,27.39,43.78,5.45,24.79
2021,225,0.47,0.45,0.16,95.54,2.6,266.38,0.0,24.62,7.57,26.68,41.72,8.54,23.39
2021,226,0.47,0.45,0.16,95.48,2.27,167.0,0.02,31.25,8.48,25.1,39.05,10.37,25.92
2021,227,0.47,0.45,0.16,95.26,2.05,101.06,0.0,27.62,7.75,23.04,40.69,9.21,25.66
2021,228,0.47,0.45,0.16,95.14,2.23,202.25,0.11,32.56,9.22,25.1,40.94,11.43,24.38
2021,229,0.47,0.46,0.18,95.23,2.47,130.25,0.48,58.62,13.24,21.58,36.73,17.27,21.71
2021,230,0.47,0.46,0.19,95.23,2.73,94.31,0.29,56.56,11.23,19.7,32.56,15.01,22.2
2021,231,0.47,0.46,0.2,94.91,2.02,90.88,1.99,49.56,11.11,19.29,37.56,14.67,21.6
2021,232,0.47,0.46,0.28,95.08,1.94,211.94,0.99,52.75,12.02,21.97,35.22,15.95,22.07
2021,233,0.47,0.46,0.27,95.28,2.12,80.0,0.01,42.5,9.64,21.33,37.53,12.38,25.4
2021,234,0.47,0.46,0.26,95.38,2.12,89.38,0.0,32.38,7.51,21.79,37.21,8.66,25.74
2021,235,0.47,0.46,0.24,95.1,1.59,175.88,0.14,34.62,9.16,22.36,39.75,11.64,23.45
2021,236,0.47,0.46,0.23,94.89,2.42,144.94,0.17,45.19,11.23,22.91,37.33,14.68,20.97
2021,237,0.47,0.46,0.26,94.79,2.58,259.38,2.13,42.5,10.86,24.03,37.4,14.12,18.53
2021,238,0.47,0.47,0.42,94.97,2.07,251.81,4.75,61.44,13.0,21.11,31.92,17.13,22.64
2021,239,0.47,0.47,0.41,95.01,1.7,183.44,0.11,47.69,9.95,20.54,34.26,12.86,25.14
2021,240,0.47,0.47,0.36,94.93,2.33,266.62,1.18,38.44,8.67,21.01,36.73,10.55,23.64
2021,241,0.47,0.47,0.41,94.93,2.36,213.69,1.79,61.81,12.39,20.14,30.66,16.33,21.98
2021,242,0.47,0.47,0.38,94.97,1.88,217.88,0.47,53.81,10.62,19.03,33.8,13.98,23.53
2021,243,0.47,0.47,0.41,95.11,2.38,217.5,9.97,49.19,11.29,21.68,35.75,14.76,17.24
2021,244,0.48,0.48,0.48,95.09,2.27,184.62,0.24,55.12,12.63,21.44,38.2,16.54,20.36
2021,245,0.48,0.48,0.44,95.16,2.26,233.56,0.54,51.62,12.45,23.57,37.44,16.25,17.82
2021,246,0.48,0.48,0.43,95.07,2.16,202.81,0.4,58.62,13.55,22.4,36.33,17.65,19.34
2021,247,0.48,0.47,0.42,95.08,2.12,185.88,0.45,69.56,14.22,21.25,30.62,18.7,19.58
2021,248,0.48,0.47,0.41,95.25,2.26,56.19,0.1,63.62,12.57,19.7,32.83,16.71,22.93
2021,249,0.47,0.47,0.38,95.5,2.04,66.56,0.01,59.56,10.62,17.47,31.92,13.83,24.17
2021,250,0.47,0.47,0.35,95.49,2.05,174.0,0.0,47.5,8.91,18.71,31.93,11.32,23.48
2021,251,0.47,0.47,0.33,94.98,2.02,218.06,0.03,35.44,8.79,20.98,37.35,11.0,12.73
2021,252,0.47,0.46,0.3,94.85,3.7,256.19,0.02,52.06,11.17,20.45,33.81,14.52,20.36
2021,253,0.47,0.46,0.3,95.16,2.69,289.69,0.05,64.12,11.78,19.08,30.39,15.52,21.65
2021,254,0.47,0.46,0.29,95.36,2.52,302.06,0.08,68.25,11.9,18.51,28.87,15.75,20.15
2021,255,0.47,0.46,0.28,95.2,2.02,194.88,0.0,53.06,8.97,16.05,31.9,11.08,22.75
2021,256,0.47,0.46,0.27,95.26,1.84,180.06,0.0,39.0,7.63,18.46,33.49,9.02,21.94
2021,257,0.47,0.46,0.25,95.16,2.1,195.69,0.0,31.94,7.81,20.71,37.25,9.48,18.4
2021,258,0.47,0.46,0.24,95.12,2.67,197.06,0.0,27.94,7.69,24.16,39.33,9.26,17.66
2021,259,0.47,0.46,0.23,95.13,2.52,205.5,0.0,30.56,7.81,23.83,37.38,9.23,14.8
2021,260,0.47,0.46,0.22,94.97,2.06,206.75,0.01,34.12,8.18,23.33,36.17,9.65,9.44
2021,261,0.47,0.46,0.23,94.94,2.08,211.19,0.91,51.69,10.74,20.57,34.65,13.7,17.6
2021,262,0.47,0.46,0.24,95.2,2.2,195.12,0.14,59.38,11.29,19.33,33.32,15.0,20.71
2021,263,0.47,0.46,0.27,95.19,2.42,62.94,1.91,72.62,12.08,18.45,27.64,16.04,8.74
2021,264,0.48,0.48,0.47,95.22,2.09,102.5,12.3,76.0,13.12,18.48,28.76,17.37,11.06
2021,265,0.48,0.48,0.51,95.15,1.39,190.88,1.31,64.44,11.78,19.02,33.65,15.35,15.55
2021,266,0.48,0.48,0.46,95.07,2.12,181.0,0.02,51.81,10.5,18.97,34.01,13.71,12.28
2021,267,0.48,0.48,0.44,95.03,3.84,206.19,0.0,40.12,9.22,22.14,37.24,11.69,17.56
2021,268,0.48,0.48,0.41,95.23,2.32,238.94,0.0,32.88,7.75,21.98,37.81,8.9,16.76
2021,269,0.48,0.47,0.39,95.41,1.91,265.0,0.03,50.06,10.62,21.19,34.45,13.15,17.17
2021,270,0.47,0.47,0.38,95.55,2.16,253.44,0.05,75.75,13.85,19.72,29.09,18.3,13.08
2021,271,0.47,0.47,0.38,95.51,1.66,100.31,0.09,64.62,11.11,18.01,31.04,14.67,19.78
2021,272,0.47,0.47,0.36,95.73,1.92,203.75,0.03,63.81,9.83,16.33,28.24,12.9,19.4
2021,273,0.47,0.47,0.34,95.81,1.52,149.12,0.08,67.62,10.19,16.35,28.16,13.46,17.63
2021,274,0.47,0.47,0.34,95.45,1.45,163.06,0.09,60.88,9.95,16.3,28.94,13.12,17.03
2021,275,0.47,0.46,0.33,95.17,1.58,197.56,0.11,58.5,9.7,17.49,29.2,12.7,18.65
2021,276,0.47,0.46,0.31,94.9,2.88,210.0,0.01,47.25,8.54,16.9,32.9,10.66,18.44
2021,277,0.47,0.46,0.3,95.16,2.67,208.88,0.12,54.5,9.34,18.05,31.03,11.7,17.4
2021,278,0.47,0.46,0.3,95.44,2.2,330.62,0.28,68.0,9.89,15.49,25.2,13.01,15.11
2021,279,0.47,0.46,0.3,95.55,2.19,305.12,0.19,65.25,9.09,14.41,25.72,11.69,18.04
2021,280,0.47,0.46,0.3,95.39,2.95,329.69,0.18,67.62,8.61,13.46,22.73,10.88,15.39
2021,281,0.47,0.46,0.3,95.27,2.48,329.25,0.04,62.5,7.57,11.99,23.79,8.98,17.03
2021,282,0.47,0.47,0.34,95.3,2.41,315.75,3.82,69.69,8.48,13.12,21.33,10.67,13.1
2021,283,0.47,0.47,0.47,95.48,2.1,299.56,1.94,74.0,8.97,13.88,21.93,11.59,13.71
2021,284,0.47,0.47,0.45,95.54,1.9,263.81,0.13,66.94,8.0,13.37,23.14,9.83,17.65
2021,285,0.47,0.47,0.42,95.19,1.76,254.94,0.02,69.62,7.81,10.47,23.73,9.44,17.54
2021,286,0.47,0.47,0.42,95.11,3.23,313.81,2.62,73.19,8.3,11.39,20.39,10.4,12.12
2021,287,0.48,0.48,0.54,95.47,3.34,262.94,7.63,76.31,8.42,11.02,19.04,10.64,11.6
2021,288,0.48,0.48,0.48,95.45,1.39,220.38,0.0,62.69,6.65,10.1,21.43,7.1,13.67
2021,289,0.48,0.48,0.46,95.23,2.16,214.25,0.0,59.75,6.9,11.26,24.3,7.4,17.77
2021,290,0.48,0.48,0.46,95.32,1.68,189.81,0.23,65.0,7.45,10.73,24.9,8.55,17.38
2021,291,0.48,0.48,0.46,95.72,1.59,82.25,0.0,73.31,8.12,11.7,23.29,9.94,17.3
2021,292,0.48,0.48,0.45,96.06,1.61,119.94,0.0,67.19,7.2,10.42,23.56,7.91,18.05
2021,293,0.48,0.48,0.44,95.83,2.42,211.94,0.0,57.0,6.53,9.65,25.4,6.88,17.35
2021,294,0.48,0.47,0.42,95.31,2.81,232.44,0.0,48.88,6.29,12.07,27.1,6.25,16.7
2021,295,0.48,0.47,0.41,95.05,1.9,194.56,0.0,57.5,8.0,13.55,27.27,9.4,16.26
2021,296,0.48,0.47,0.44,95.14,1.71,54.56,4.67,79.69,10.5,15.17,24.61,13.92,13.42
2021,297,0.48,0.49,0.56,95.37,2.88,259.44,9.12,86.88,9.4,12.87,15.97,12.3,9.05
2021,298,0.48,0.49,0.5,95.4,2.79,332.62,1.25,82.0,9.64,13.58,20.51,12.68,7.58
2021,299,0.48,0.49,0.48,95.47,1.48,35.75,0.2,77.19,9.03,13.48,21.87,11.67,12.42
2021,300,0.48,0.49,0.48,95.41,1.3,129.5,0.11,74.0,8.42,12.54,20.9,10.6,14.02
2021,301,0.48,0.48,0.48,95.21,0.99,207.0,0.0,74.75,8.24,11.18,20.06,10.33,12.42
2021,302,0.48,0.48,0.47,95.1,1.73,230.56,0.0,68.31,7.69,10.83,22.76,9.18,14.9
2021,303,0.48,0.48,0.47,95.08,2.38,231.5,0.14,63.88,7.87,12.6,20.93,9.51,9.64
2021,304,0.48,0.48,0.46,94.94,3.1,269.19,0.18,62.06,9.22,14.61,26.49,11.69,10.29
2021,305,0.48,0.48,0.46,94.77,3.62,275.31,0.34,72.06,10.56,15.58,27.09,13.92,11.8
2021,306,0.48,0.48,0.47,94.75,2.19,258.06,0.8,74.88,10.5,15.25,24.12,13.9,11.03
2021,307,0.48,0.48,0.48,94.24,3.77,243.75,3.51,71.44,9.58,13.15,23.68,12.4,9.97
2021,308,0.48,0.48,0.5,94.59,1.73,319.94,1.62,70.56,7.2,10.88,19.34,8.21,8.56
2021,309,0.48,0.48,0.48,94.87,2.09,292.12,0.35,72.75,6.53,9.15,17.22,6.81,10.03
2021,310,0.48,0.48,0.48,94.76,1.29,235.94,1.06,74.19,6.23,7.68,17.16,6.07,7.94
2021,311,0.48,0.49,0.5,94.76,2.76,271.38,4.28,77.75,6.77,6.46,18.11,7.21,11.39
2021,312,0.49,0.5,0.56,94.74,3.4,275.06,12.16,85.5,7.2,9.5,13.21,8.15,8.2
2021,313,0.51,0.52,0.55,94.6,3.08,222.19,5.89,85.31,7.08,8.87,13.53,7.95,6.31
2021,314,0.52,0.52,0.55,94.84,4.04,214.25,4.43,75.31,6.65,8.99,17.09,7.06,10.67
2021,315,0.52,0.52,0.51,95.13,1.91,251.81,0.43,74.0,6.96,8.01,18.81,7.7,10.86
2021,316,0.52,0.52,0.5,94.88,3.27,215.44,0.29,58.12,5.19,7.37,19.94,3.3,13.47
2021,317,0.52,0.52,0.5,94.94,2.36,249.75,0.8,72.56,7.08,8.77,19.01,7.77,10.1
2021,318,0.52,0.52,0.52,94.95,2.09,268.0,3.39,90.94,7.81,7.91,14.68,9.48,5.18
2021,319,0.52,0.52,0.55,94.58,2.06,253.94,9.73,82.44,7.02,7.23,15.55,7.83,7.91
2021,320,0.53,0.54,0.59,94.52,2.55,276.62,8.17,90.56,7.87,6.12,14.64,9.35,7.6
2021,321,0.54,0.55,0.59,94.96,1.7,313.94,5.75,87.88,8.0,9.58,16.32,9.81,8.63
2021,322,0.54,0.55,0.57,95.68,1.25,318.12,2.03,87.38,7.81,9.57,15.73,9.56,7.94
2021,323,0.54,0.55,0.54,96.01,1.43,142.5,0.1,82.19,7.2,7.58,19.33,8.4,11.46
2021,324,0.54,0.55,0.54,95.66,1.49,219.75,1.42,73.06,6.53,7.56,19.86,6.86,10.18
2021,325,0.54,0.55,0.55,94.84,2.72,222.44,1.28,81.75,7.26,8.74,16.81,8.38,6.22
2021,326,0.54,0.55,0.54,94.58,2.52,251.31,0.86,81.56,6.9,7.89,16.46,7.55,6.82
2021,327,0.54,0.55,0.53,94.89,1.6,224.69,0.06,69.44,5.86,5.84,19.65,5.27,12.64
2021,328,0.54,0.55,0.54,94.81,2.75,212.56,2.39,74.06,6.1,6.79,14.52,5.73,5.17
2021,329,0.55,0.55,0.53,94.34,2.91,231.94,0.22,80.31,5.86,4.57,14.55,5.11,9.61
2021,330,0.54,0.55,0.53,94.26,3.8,239.12,1.16,74.38,5.68,5.51,15.69,4.69,10.72
2021,331,0.55,0.55,0.54,94.02,3.97,241.06,0.67,75.56,5.49,4.73,14.26,4.15,10.85
2021,332,0.55,0.55,0.58,94.11,4.74,269.62,7.21,82.81,5.49,5.65,9.89,4.25,6.32
2021,333,0.55,0.56,0.59,94.75,6.13,294.5,5.87,75.81,5.49,5.73,12.21,4.3,4.47
2021,334,0.55,0.57,0.59,95.77,1.66,254.62,4.62,89.75,6.84,6.42,12.73,7.57,6.01
2021,335,0.56,0.57,0.56,95.39,2.77,229.5,0.08,79.69,5.86,5.48,15.67,5.26,11.35
2021,336,0.56,0.57,0.6,94.2,4.03,245.62,13.18,83.0,5.98,4.31,14.08,5.37,5.73
2021,337,0.58,0.6,0.67,94.84,4.76,324.12,9.92,80.38,5.07,4.44,8.02,3.18,6.79
2021,338,0.59,0.59,0.61,95.43,2.22,269.94,0.01,78.31,5.0,2.74,14.24,3.08,11.33
2021,339,0.59,0.59,0.6,94.76,4.64,270.25,2.3,76.62,5.49,3.23,14.51,4.23,8.46
2021,340,0.59,0.59,0.64,95.0,5.13,315.81,5.57,77.38,5.31,6.48,9.57,3.93,5.19
2021,341,0.59,0.59,0.61,95.38,3.19,263.0,0.04,76.56,5.8,4.88,16.57,5.18,11.53
2021,342,0.59,0.59,0.62,94.7,4.32,254.12,6.78,70.5,6.23,6.25,18.09,5.69,10.71
2021,343,0.59,0.6,0.64,94.91,5.56,290.44,2.82,74.38,5.31,5.74,10.48,3.84,6.21
2021,344,0.59,0.6,0.62,94.8,4.79,260.81,1.41,78.31,6.16,5.27,15.09,5.84,7.5
2021,345,0.6,0.62,0.7,95.03,4.74,324.62,12.48,86.75,6.16,4.78,10.6,5.99,4.84
2021,346,0.6,0.62,0.64,95.78,3.11,322.75,0.18,77.31,4.94,3.98,11.5,3.04,9.12
2021,347,0.6,0.61,0.63,95.99,1.41,177.06,0.02,74.12,4.52,2.19,14.34,1.66,11.68
2021,348,0.6,0.61,0.62,95.81,1.16,150.81,0.0,67.19,4.21,1.75,16.52,0.51,11.65
2021,349,0.6,0.61,0.62,95.72,1.21,154.0,0.02,80.56,5.31,3.29,15.36,3.7,10.06
2021,350,0.6,0.61,0.62,95.92,1.21,131.38,0.0,75.38,4.88,2.27,15.39,2.48,11.36
2021,351,0.6,0.6,0.62,95.93,1.18,205.81,0.0,66.56,4.52,3.09,16.76,1.51,11.37
2021,352,0.6,0.6,0.62,95.97,1.41,135.62,0.0,74.69,5.0,3.71,16.26,3.13,10.49
2021,353,0.6,0.6,0.62,95.8,1.09,224.38,0.0,73.62,4.94,2.68,16.84,2.82,11.25
2021,354,0.59,0.6,0.61,95.57,1.95,261.44,0.0,78.56,5.25,2.3,15.55,3.55,10.95
2021,355,0.59,0.6,0.61,95.57,1.68,250.12,0.0,73.38,5.37,2.84,17.23,4.05,10.21
2021,356,0.59,0.6,0.61,95.45,2.02,255.75,0.0,71.12,6.04,6.04,20.09,5.74,9.49
2021,357,0.59,0.59,0.61,95.51,1.12,204.12,0.01,84.19,6.96,6.96,17.15,7.8,9.93
2021,358,0.59,0.59,0.6,95.18,3.48,211.19,0.0,78.56,6.41,5.29,18.15,6.66,10.3
2021,359,0.59,0.59,0.6,94.73,4.02,218.12,0.0,72.31,6.47,9.34,18.39,6.72,9.39
2021,360,0.59,0.59,0.6,94.71,2.62,248.69,0.19,79.88,7.26,7.86,18.49,8.38,7.4
2021,361,0.59,0.59,0.6,94.95,3.02,266.81,0.0,85.25,7.87,7.59,16.99,9.55,4.77
2021,362,0.59,0.59,0.59,95.3,3.74,285.5,0.0,81.94,7.39,8.48,17.26,8.52,8.77
2021,363,0.59,0.59,0.59,95.62,2.69,290.06,0.0,86.12,7.08,6.98,17.21,8.14,10.42
2021,364,0.59,0.59,0.59,95.77,1.45,227.5,0.0,73.25,6.53,6.8,19.59,6.94,10.87
2021,365,0.59,0.59,0.59,96.04,1.05,140.5,0.0,69.5,6.23,7.96,20.21,6.27,11.6
2022,1,0.59,0.59,0.59,96.18,1.32,211.12,0.0,67.5,5.86,6.87,20.57,5.32,10.49
2022,2,0.59,0.59,0.59,96.19,1.27,160.38,0.0,61.12,5.43,7.08,20.76,4.19,11.43
2022,3,0.58,0.59,0.59,95.93,1.57,246.44,0.0,60.31,5.31,6.7,22.22,3.76,11.63
2022,4,0.58,0.58,0.58,95.17,3.16,216.0,0.0,55.56,4.46,5.16,20.48,1.28,11.87
2022,5,0.58,0.58,0.58,94.67,4.2,262.25,1.42,72.0,5.13,5.64,12.51,3.26,7.45
2022,6,0.59,0.59,0.66,94.76,2.69,325.69,10.56,87.06,5.43,4.23,8.37,4.12,4.7
2022,7,0.59,0.6,0.63,95.31,4.89,310.81,3.38,84.88,5.07,4.03,7.65,3.19,5.12
2022,8,0.59,0.6,0.62,95.6,4.77,306.44,0.77,78.25,5.31,4.8,11.18,3.97,8.81
2022,9,0.59,0.6,0.61,95.04,4.36,283.38,0.82,84.25,6.04,4.94,13.01,5.64,8.43
2022,10,0.6,0.61,0.7,94.57,5.17,314.75,18.65,92.31,7.45,6.35,13.09,8.5,2.31
2022,11,0.61,0.62,0.67,95.29,3.88,341.62,3.1,78.06,5.19,5.49,9.95,3.55,6.97
2022,12,0.62,0.62,0.67,95.79,2.86,337.44,3.57,85.44,5.19,3.76,9.73,3.68,6.02
2022,13,0.62,0.63,0.68,96.21,2.12,122.0,4.07,92.75,5.86,5.11,8.4,5.52,4.65
2022,14,0.62,0.63,0.66,96.33,0.96,90.0,0.6,84.0,5.55,5.4,12.82,4.77,8.09
2022,15,0.62,0.62,0.65,96.05,1.27,214.75,0.17,82.94,5.19,3.33,12.37,3.62,12.25
2022,16,0.62,0.62,0.65,96.17,1.34,218.12,0.0,81.44,4.7,2.15,11.85,2.22,11.93
2022,17,0.62,0.62,0.64,96.37,1.6,279.56,0.0,81.62,4.88,1.71,13.28,2.78,12.51
2022,18,0.62,0.62,0.64,96.4,1.23,213.25,0.0,81.81,5.19,2.99,13.15,3.81,12.34
2022,19,0.62,0.62,0.64,96.21,1.35,243.75,0.0,69.5,4.03,-0.17,15.29,0.11,12.97
2022,20,0.62,0.62,0.64,95.8,1.45,202.19,0.0,75.38,4.39,-0.1,13.62,1.05,12.45
2022,21,0.61,0.62,0.63,95.68,1.34,149.0,0.2,80.0,4.88,2.23,12.87,2.62,12.69
2022,22,0.61,0.62,0.64,96.03,1.74,322.19,1.83,89.94,5.74,3.11,10.43,5.05,8.89
2022,23,0.62,0.62,0.64,95.93,1.21,150.38,0.54,78.25,5.25,2.96,13.99,3.73,12.48
2022,24,0.61,0.62,0.63,95.88,1.3,220.38,0.01,70.31,4.52,1.41,15.15,1.59,13.19
2022,25,0.61,0.62,0.63,96.19,1.41,148.56,0.0,69.88,4.27,2.8,14.73,0.82,13.82
2022,26,0.61,0.62,0.63,96.24,1.22,179.19,0.0,63.75,3.91,0.2,15.42,-0.36,14.08
2022,27,0.61,0.61,0.62,96.11,1.14,162.69,0.0,66.69,4.27,1.84,15.86,0.82,14.11
2022,28,0.61,0.61,0.62,96.2,1.88,276.38,0.0,75.94,4.88,1.31,15.23,2.55,14.33
2022,29,0.61,0.61,0.62,96.34,1.91,286.44,0.0,80.69,5.13,1.26,13.62,3.48,14.29
2022,30,0.6,0.61,0.62,96.09,1.88,259.56,0.0,77.88,5.0,1.87,15.59,2.98,14.65
2022,31,0.6,0.61,0.62,95.47,3.08,276.31,0.09,67.31,4.64,1.65,17.75,1.5,14.86
2022,32,0.6,0.61,0.62,95.38,5.88,331.38,2.4,81.62,5.19,4.97,8.28,3.6,7.54
2022,33,0.6,0.61,0.63,95.7,4.52,313.94,1.33,89.0,6.71,5.88,13.76,7.37,11.18
2022,34,0.6,0.61,0.62,95.74,1.84,264.38,0.02,61.94,5.07,5.4,20.01,2.9,15.35
2022,35,0.6,0.6,0.61,95.54,3.12,243.5,0.0,57.69,5.13,7.03,21.48,3.35,14.8
2022,36,0.6,0.6,0.61,95.64,1.36,115.38,0.0,71.88,5.68,7.37,16.33,4.71,13.62
2022,37,0.6,0.6,0.61,95.88,1.44,88.19,0.0,82.19,6.16,6.53,16.52,6.12,13.4
2022,38,0.6,0.6,0.61,95.99,1.75,300.5,0.0,84.0,6.16,5.83,14.71,6.21,14.74
2022,39,0.59,0.6,0.61,96.24,1.79,183.38,0.0,79.25,5.68,3.52,14.72,5.03,10.79
2022,40,0.59,0.59,0.6,96.29,1.24,148.38,0.0,69.69,4.58,1.57,17.25,1.98,16.24
2022,41,0.59,0.59,0.6,95.99,2.0,235.94,0.0,62.81,4.27,2.39,17.73,0.81,16.12
2022,42,0.59,0.59,0.6,95.7,1.58,93.31,0.16,72.5,5.25,2.42,16.42,3.46,15.74
2022,43,0.59,0.59,0.6,95.76,1.25,87.25,0.26,81.38,6.1,6.48,14.83,5.94,12.39
2022,44,0.59,0.59,0.6,95.6,1.03,242.88,0.0,71.88,5.37,4.95,16.92,4.05,14.34
2022,45,0.59,0.59,0.59,95.2,1.98,259.44,0.31,65.56,4.94,2.87,18.53,2.59,15.7
2022,46,0.59,0.59,0.6,95.6,2.72,305.62,0.83,75.75,5.55,6.26,13.56,4.4,14.61
2022,47,0.59,0.59,0.59,95.79,3.12,298.31,0.07,75.75,5.49,5.65,14.42,4.3,16.77
2022,48,0.59,0.59,0.59,95.75,2.36,300.81,0.0,80.62,6.04,3.64,16.83,5.68,16.8
2022,49,0.59,0.59,0.59,95.44,1.37,184.06,0.0,63.19,5.68,5.31,23.89,4.79,17.54
2022,50,0.59,0.59,0.59,95.13,2.72,252.94,0.12,64.38,5.86,8.45,21.01,5.08,12.68
2022,51,0.58,0.58,0.59,95.88,1.88,272.62,0.31,81.19,6.35,5.87,14.43,6.55,10.98
2022,52,0.58,0.58,0.59,95.78,2.33,275.75,0.02,80.25,5.68,3.5,15.96,4.9,16.32
2022,53,0.58,0.58,0.59,95.84,5.02,327.38,0.44,78.12,5.86,6.12,12.31,5.35,15.48
2022,54,0.58,0.58,0.58,95.95,2.41,259.12,0.03,74.75,5.62,5.28,15.94,4.8,18.15
2022,55,0.58,0.58,0.57,95.45,2.38,240.06,0.0,54.69,4.82,5.33,22.48,2.48,16.75
2022,56,0.58,0.57,0.57,95.53,1.78,106.81,0.01,66.25,5.55,6.37,18.62,4.37,16.72
2022,57,0.58,0.58,0.59,95.51,1.66,229.94,3.81,80.88,6.29,6.93,15.51,6.39,14.2
2022,58,0.58,0.58,0.61,95.48,2.04,94.5,5.33,80.5,5.62,4.51,13.28,4.74,6.42
2022,59,0.59,0.6,0.67,95.66,2.15,124.12,15.06,87.38,4.52,2.53,5.75,1.77,5.11
2022,60,0.59,0.61,0.64,95.91,1.79,290.62,1.15,77.44,4.82,2.35,11.26,2.59,11.62
2022,61,0.59,0.6,0.62,95.68,1.57,253.69,0.0,70.31,4.76,1.84,15.8,2.26,19.55
2022,62,0.59,0.6,0.6,95.01,2.87,221.81,0.02,66.19,4.76,3.62,16.85,2.16,17.67
2022,63,0.59,0.6,0.65,94.63,1.95,257.81,9.62,83.31,5.62,4.21,11.06,4.47,10.23
2022,64,0.6,0.62,0.65,94.77,3.12,318.75,3.52,83.81,5.98,5.66,13.08,5.51,11.92
2022,65,0.6,0.61,0.64,94.76,1.22,212.06,2.68,84.88,5.92,5.24,11.26,5.4,11.89
2022,66,0.6,0.61,0.62,94.74,0.9,174.69,0.73,77.19,5.43,2.58,14.69,4.17,12.71
2022,67,0.6,0.61,0.63,95.09,1.25,315.88,3.17,81.44,5.98,5.15,13.44,5.64,13.82
2022,68,0.61,0.62,0.65,95.6,1.4,243.0,3.02,86.25,6.23,5.4,12.12,6.32,12.67
2022,69,0.61,0.61,0.62,95.57,2.43,210.88,0.04,72.69,5.74,4.01,18.62,5.09,17.88
2022,70,0.6,0.61,0.62,95.18,3.05,223.88,0.01,63.62,6.1,7.93,20.84,5.83,18.63
2022,71,0.61,0.61,0.64,94.95,2.59,258.94,5.23,75.25,6.47,6.89,16.45,6.68,7.07
2022,72,0.61,0.61,0.62,95.12,1.58,231.12,0.04,69.06,6.1,4.55,20.12,5.69,18.52
2022,73,0.6,0.61,0.61,95.3,3.84,168.0,0.0,54.62,5.62,8.83,24.38,4.64,19.01
2022,74,0.6,0.6,0.59,95.46,4.34,167.06,0.0,47.38,5.0,9.44,23.99,3.03,12.33
2022,75,0.59,0.59,0.59,94.78,3.67,163.19,0.32,51.12,5.13,8.72,20.74,3.25,6.51
2022,76,0.59,0.59,0.6,94.35,1.6,201.0,0.24,64.06,5.8,6.69,20.23,4.67,10.23
2022,77,0.6,0.6,0.65,94.85,1.28,133.94,10.51,86.5,7.51,8.45,14.94,8.83,9.26
2022,78,0.61,0.62,0.66,95.01,0.98,82.62,6.11,88.19,7.51,8.4,13.98,8.94,10.67
2022,79,0.61,0.62,0.63,95.49,2.88,124.12,1.31,77.06,6.65,7.01,17.54,7.19,12.41
2022,80,0.61,0.62,0.65,95.74,1.71,168.06,4.05,77.81,6.71,8.11,15.54,7.37,11.91
2022,81,0.61,0.62,0.63,95.66,1.3,192.56,0.67,78.06,6.53,7.1,15.01,6.94,8.11
2022,82,0.61,0.62,0.64,95.63,1.84,206.56,1.98,78.31,6.47,6.35,15.62,6.76,12.45
2022,83,0.61,0.62,0.62,95.43,1.95,195.25,0.26,67.19,6.59,7.43,21.38,6.94,18.85
2022,84,0.61,0.61,0.62,95.04,2.74,166.69,0.0,55.44,5.19,7.98,18.92,3.37,12.12
2022,85,0.61,0.61,0.61,94.66,2.13,230.81,0.02,62.31,5.92,7.12,22.73,5.06,17.32
2022,86,0.6,0.6,0.61,95.36,2.59,280.31,0.12,78.75,7.26,7.34,18.36,8.3,15.38
2022,87,0.6,0.6,0.61,95.49,1.23,216.62,0.01,69.88,6.96,7.61,21.14,7.76,18.62
2022,88,0.6,0.6,0.61,94.49,4.62,198.5,1.2,60.31,7.14,11.67,22.99,8.01,6.79
2022,89,0.6,0.6,0.61,93.65,2.8,288.88,2.69,74.62,8.42,10.92,21.39,10.4,11.59
2022,90,0.6,0.6,0.62,93.66,3.88,272.94,2.05,78.19,6.84,7.14,16.3,7.14,11.91
2022,91,0.6,0.6,0.62,94.24,3.94,276.88,2.16,73.62,5.62,4.66,13.94,4.51,13.71
2022,92,0.6,0.6,0.61,94.83,3.51,288.81,0.02,66.19,4.21,2.65,13.0,0.61,17.86
2022,93,0.6,0.6,0.61,94.7,1.87,84.81,0.26,70.62,4.94,2.18,16.35,2.8,11.95
2022,94,0.6,0.6,0.6,94.27,2.6,46.94,0.14,81.75,6.9,6.19,18.04,7.47,14.0
2022,95,0.59,0.59,0.59,94.14,1.33,139.0,0.06,70.94,7.87,9.28,24.66,9.49,17.54
2022,96,0.59,0.59,0.59,94.51,4.52,283.75,0.13,72.06,6.9,8.83,19.57,7.48,18.28
2022,97,0.59,0.59,0.59,95.38,2.91,294.62,0.04,64.88,5.74,7.65,20.21,4.89,23.75
2022,98,0.59,0.59,0.58,95.23,2.2,253.19,0.0,56.06,5.62,6.15,23.56,4.57,26.43
2022,99,0.59,0.59,0.58,95.04,2.93,258.25,0.02,66.06,6.71,7.61,21.36,7.01,25.23
2022,100,0.59,0.58,0.58,95.31,1.7,100.62,0.03,65.38,6.23,9.0,22.55,5.92,26.21
2022,101,0.58,0.58,0.57,94.97,3.3,210.12,0.0,53.5,6.59,9.65,26.65,7.0,25.4
2022,102,0.58,0.57,0.56,94.54,2.69,216.88,0.0,47.44,6.53,13.06,27.66,6.57,21.91
2022,103,0.58,0.58,0.62,94.21,2.3,171.38,9.52,84.62,8.97,10.93,17.24,11.38,11.51
2022,104,0.59,0.59,0.62,94.05,2.15,80.0,7.07,80.69,8.42,10.08,21.92,10.38,8.0
2022,105,0.59,0.61,0.66,94.69,3.3,67.81,12.42,81.25,8.24,9.98,19.12,10.2,5.12
2022,106,0.6,0.61,0.62,95.08,2.8,293.62,0.12,73.12,6.53,8.21,17.86,6.88,16.94
2022,107,0.6,0.6,0.6,94.97,3.48,305.75,0.04,72.56,7.08,8.02,20.04,7.93,23.59
2022,108,0.59,0.59,0.59,95.07,1.73,193.31,0.01,59.56,5.8,7.08,21.03,4.75,27.33
2022,109,0.59,0.59,0.59,94.58,2.84,208.69,0.01,49.19,6.04,9.13,26.32,5.48,26.52
2022,110,0.59,0.59,0.64,93.96,2.15,250.88,14.9,66.06,7.39,10.59,21.8,8.22,14.43
2022,111,0.6,0.62,0.65,93.76,4.66,275.75,3.05,71.25,6.1,6.34,16.96,5.73,17.62
2022,112,0.6,0.61,0.61,94.2,2.92,253.25,0.08,54.94,5.62,8.01,22.39,4.49,25.21
2022,113,0.6,0.6,0.59,94.34,4.33,206.12,0.11,48.94,5.86,11.31,25.11,4.5,23.15
2022,114,0.59,0.59,0.59,94.75,2.17,227.5,0.02,64.75,6.65,8.94,22.96,6.95,26.79
2022,115,0.59,0.59,0.59,94.71,1.64,83.88,0.08,66.75,7.39,8.68,24.66,8.53,23.75
2022,116,0.59,0.59,0.58,94.68,1.55,144.56,0.0,60.56,7.87,10.91,27.55,9.41,23.36
2022,117,0.59,0.59,0.58,94.77,1.67,192.94,0.15,64.19,8.54,13.8,25.2,10.54,16.82
2022,118,0.59,0.59,0.62,95.11,1.81,132.75,8.59,78.94,8.61,12.15,19.24,10.9,8.45
2022,119,0.59,0.6,0.65,95.42,1.65,78.25,6.09,76.69,8.12,11.01,20.02,10.08,21.23
2022,120,0.59,0.6,0.6,95.35,1.96,243.06,0.04,70.44,6.96,8.37,21.15,7.55,24.86
2022,121,0.59,0.59,0.59,95.27,2.07,298.38,0.47,70.69,7.32,7.12,20.9,8.55,22.86
2022,122,0.59,0.59,0.59,94.84,1.97,215.88,1.2,64.62,7.08,9.59,23.9,7.92,19.36
2022,123,0.59,0.59,0.6,94.68,2.23,194.19,1.36,70.38,8.0,10.41,21.16,9.67,12.86
2022,124,0.59,0.59,0.58,94.43,2.52,178.12,1.08,51.94,7.32,10.75,29.87,8.14,21.51
2022,125,0.59,0.59,0.62,94.4,4.24,255.19,9.65,74.69,8.61,11.53,21.66,10.76,14.76
2022,126,0.59,0.6,0.61,95.25,5.27,305.94,0.74,76.12,7.51,9.52,18.1,8.91,16.01
2022,127,0.59,0.6,0.62,95.18,4.04,300.31,4.8,89.5,8.18,9.19,14.44,10.09,6.15
2022,128,0.59,0.6,0.6,95.36,2.76,303.25,0.44,73.12,7.32,7.99,19.33,8.51,22.35
2022,129,0.59,0.59,0.59,95.55,2.27,310.19,0.25,67.25,7.14,9.08,20.38,8.14,22.73
2022,130,0.59,0.59,0.59,95.59,1.84,215.31,0.93,74.0,7.87,9.3,20.37,9.7,21.42
2022,131,0.59,0.59,0.59,95.58,1.86,109.88,0.14,64.88,7.51,8.97,25.05,8.92,28.49
2022,132,0.59,0.59,0.57,95.6,1.64,236.69,0.0,54.62,7.45,11.31,28.47,8.85,29.18
2022,133,0.59,0.58,0.56,95.49,2.24,270.31,0.0,48.69,7.32,12.61,29.9,8.48,28.79
2022,134,0.58,0.57,0.55,95.36,1.81,214.88,0.0,50.75,8.06,13.76,30.83,9.87,28.66
2022,135,0.57,0.57,0.55,95.2,1.84,221.44,0.08,45.62,8.3,15.65,33.57,10.07,26.23
2022,136,0.57,0.56,0.55,95.42,1.64,212.94,1.22,57.0,10.44,17.48,31.52,13.8,26.57
2022,137,0.57,0.56,0.55,95.36,1.98,278.5,0.08,56.25,10.07,17.73,31.94,13.14,27.48
2022,138,0.56,0.55,0.54,95.36,1.7,90.5,0.02,55.81,9.22,16.59,30.84,11.96,29.51
2022,139,0.56,0.55,0.53,95.55,1.88,102.19,0.0,52.19,8.73,15.31,33.17,11.1,30.06
2022,140,0.55,0.55,0.53,95.76,1.83,113.25,0.01,48.81,8.3,15.46,32.33,10.33,29.76
2022,141,0.55,0.54,0.52,95.53,1.93,126.81,0.0,44.19,7.26,15.2,32.87,8.24,30.12
2022,142,0.55,0.54,0.52,95.01,1.7,137.0,0.0,39.62,7.14,15.16,35.78,7.77,29.64
2022,143,0.55,0.53,0.51,94.6,1.9,214.19,0.0,40.94,7.69,17.26,35.8,8.7,26.86
2022,144,0.54,0.53,0.51,94.47,1.91,227.25,0.0,47.56,8.79,18.2,32.65,10.89,27.73
2022,145,0.54,0.53,0.55,94.85,2.76,317.75,8.34,66.81,10.13,13.89,25.87,13.34,14.85
2022,146,0.55,0.55,0.61,95.24,3.14,243.25,8.67,82.12,9.4,13.15,20.01,12.28,8.23
2022,147,0.55,0.56,0.59,95.15,5.02,299.19,4.21,78.81,9.64,13.41,21.05,12.62,7.76
2022,148,0.55,0.55,0.55,94.87,4.53,283.12,0.01,59.62,8.48,13.87,25.44,10.67,24.82
2022,149,0.55,0.55,0.53,94.54,2.34,266.0,0.12,50.38,8.91,14.22,31.71,11.09,29.44
2022,150,0.55,0.55,0.54,94.67,1.88,169.75,0.49,58.06,10.86,19.1,29.08,14.41,25.17
2022,151,0.55,0.54,0.52,94.93,1.7,204.75,0.03,53.38,11.35,17.84,35.48,15.02,23.85
2022,152,0.54,0.54,0.51,94.99,2.1,201.06,0.09,42.31,10.44,21.53,38.26,13.48,24.34
2022,153,0.54,0.53,0.5,94.92,1.92,167.5,0.0,41.56,9.64,20.98,36.82,12.34,23.03
2022,154,0.53,0.52,0.49,94.97,2.13,209.25,0.0,38.06,9.16,22.02,38.47,11.42,17.26
2022,155,0.53,0.52,0.48,95.11,2.71,194.69,0.0,38.0,8.73,20.8,39.88,10.68,27.9
2022,156,0.52,0.52,0.48,95.45,2.34,260.38,0.03,40.44,7.87,18.55,36.05,9.23,25.46
2022,157,0.52,0.52,0.47,95.35,1.91,193.12,0.0,49.56,10.13,17.91,32.96,13.16,24.91
2022,158,0.52,0.51,0.47,95.17,2.09,199.31,0.17,51.69,10.8,19.95,33.34,14.33,27.32
2022,159,0.52,0.51,0.46,94.98,1.73,275.06,0.0,43.12,8.36,18.57,34.83,10.12,27.72
2022,160,0.52,0.51,0.46,95.18,2.91,303.56,0.17,64.25,10.62,15.92,27.75,14.13,27.19
2022,161,0.52,0.51,0.46,95.37,3.56,316.62,0.0,66.5,9.22,13.59,25.4,11.93,29.65
2022,162,0.52,0.5,0.45,95.49,1.77,119.75,0.0,54.19,7.81,13.32,30.08,9.34,31.69
2022,163,0.51,0.5,0.43,95.5,2.02,124.44,0.0,41.62,6.96,15.06,32.76,7.61,31.5
2022,164,0.51,0.5,0.41,95.34,1.95,96.19,0.0,34.94,6.96,16.79,35.67,7.59,30.21
2022,165,0.51,0.5,0.38,95.14,1.91,183.12,0.0,31.56,7.51,21.43,39.01,8.66,29.78
2022,166,0.51,0.49,0.37,95.26,1.87,136.88,0.0,33.38,7.69,20.92,38.12,9.02,29.09
2022,167,0.5,0.49,0.35,95.33,2.07,88.25,0.0,34.5,8.48,22.94,37.01,10.58,30.32
2022,168,0.5,0.49,0.34,95.4,1.99,173.75,0.0,33.25,7.75,22.05,37.29,9.12,30.11
2022,169,0.5,0.49,0.34,95.12,2.34,95.75,0.0,34.38,7.87,20.41,37.26,9.46,30.34
2022,170,0.5,0.48,0.33,94.79,2.02,144.94,0.0,35.94,8.12,19.15,37.55,9.87,29.84
2022,171,0.5,0.48,0.32,94.88,2.37,210.56,0.0,30.38,7.69,21.26,38.91,9.08,28.26
2022,172,0.49,0.48,0.31,94.87,1.97,174.44,0.0,28.88,8.54,24.65,41.24,10.42,24.73
2022,173,0.49,0.48,0.3,94.87,2.11,140.62,0.0,32.75,8.3,22.82,38.84,10.06,25.15
2022,174,0.49,0.48,0.3,95.05,2.01,166.0,0.0,51.5,11.41,20.68,37.78,14.93,27.14
2022,175,0.49,0.48,0.3,94.97,2.28,65.0,0.0,48.25,10.62,20.66,37.7,13.87,27.39
2022,176,0.49,0.48,0.3,94.74,2.01,183.25,0.0,42.25,9.22,19.11,40.12,11.06,21.68
2022,177,0.49,0.48,0.29,94.63,2.92,181.0,0.03,25.19,7.02,24.46,41.62,6.92,19.53
2022,178,0.48,0.48,0.29,94.88,2.21,240.81,0.31,39.0,9.52,21.12,41.52,11.53,23.84
2022,179,0.48,0.48,0.3,95.21,2.96,217.5,0.84,67.12,12.7,19.45,30.49,16.91,25.82
2022,180,0.48,0.48,0.3,94.81,1.83,157.56,0.1,51.06,11.41,18.8,38.53,14.93,28.56
2022,181,0.48,0.48,0.3,94.71,2.38,212.38,0.09,31.44,9.16,26.12,37.46,11.44,16.84
2022,182,0.48,0.48,0.3,95.01,2.87,188.31,0.16,45.06,10.86,22.42,36.48,13.12,24.43
2022,183,0.48,0.48,0.3,95.25,2.27,169.62,0.13,49.88,12.27,21.27,41.65,15.97,24.29
2022,184,0.48,0.47,0.29,95.27,1.81,199.19,0.02,39.5,11.47,25.37,39.23,15.12,21.17
2022,185,0.48,0.47,0.29,95.29,2.42,270.5,0.07,40.5,11.05,25.11,39.25,14.6,27.43
2022,186,0.48,0.47,0.29,95.38,2.59,215.94,0.47,41.81,11.47,24.69,39.07,15.28,25.12
2022,187,0.48,0.47,0.31,95.33,3.58,195.44,2.08,43.44,11.72,25.33,37.62,15.63,23.99
2022,188,0.48,0.48,0.36,95.42,3.01,214.5,0.59,55.94,12.57,19.8,33.02,16.69,26.2
2022,189,0.48,0.48,0.35,95.56,2.66,183.81,0.05,55.06,10.07,18.5,31.41,13.19,28.81
2022,190,0.48,0.47,0.34,95.53,2.45,321.56,0.09,61.5,10.99,17.9,30.86,14.59,30.1
2022,191,0.48,0.47,0.33,95.27,2.14,228.56,0.0,56.88,10.31,17.45,32.19,13.47,30.22
2022,192,0.48,0.47,0.32,95.16,2.35,183.5,0.0,45.44,9.22,17.56,34.91,11.94,29.52
2022,193,0.48,0.47,0.31,95.28,2.57,188.5,0.0,37.06,9.03,20.66,37.62,11.63,27.04
2022,194,0.48,0.47,0.3,95.48,2.06,92.06,0.0,42.25,9.77,20.92,35.98,12.83,29.32
2022,195,0.48,0.47,0.3,95.4,2.22,72.69,0.0,46.88,9.64,19.12,34.94,12.47,29.42
2022,196,0.48,0.47,0.29,95.11,2.1,131.88,0.0,41.56,9.22,19.76,35.8,11.83,28.72
2022,197,0.48,0.46,0.28,95.13,2.07,121.88,0.0,38.38,8.91,20.19,37.58,11.33,29.29
2022,198,0.47,0.46,0.27,95.28,2.06,124.75,0.0,37.06,9.22,21.9,38.17,11.85,29.32
2022,199,0.47,0.46,0.26,95.25,2.12,192.0,0.0,35.81,9.09,22.13,38.21,11.76,29.78
2022,200,0.47,0.46,0.25,95.18,2.27,208.25,0.01,36.44,9.58,22.52,38.59,12.49,28.64
2022,201,0.47,0.46,0.24,95.22,2.36,284.44,0.0,42.5,10.56,23.21,37.8,13.8,29.11
2022,202,0.47,0.46,0.23,95.29,2.14,81.12,0.0,46.62,10.86,21.76,36.77,14.13,27.74
2022,203,0.47,0.46,0.23,95.22,2.23,145.19,0.0,39.25,9.7,21.22,38.38,12.66,28.03
2022,204,0.47,0.46,0.23,95.3,2.31,78.44,0.0,31.56,8.3,23.3,38.28,10.19,28.51
2022,205,0.47,0.46,0.22,95.31,2.45,87.62,0.0,31.0,8.18,23.69,38.9,10.09,28.64
2022,206,0.47,0.46,0.21,95.17,2.41,152.56,0.0,26.25,7.2,22.5,40.3,8.22,28.61
2022,207,0.47,0.46,0.2,95.0,1.98,78.56,0.01,30.5,8.24,23.15,40.42,9.51,27.66
2022,208,0.47,0.46,0.2,94.88,2.48,91.06,0.03,50.06,12.08,22.82,36.83,15.76,27.22
2022,209,0.47,0.46,0.2,94.9,2.26,66.19,0.0,49.19,11.72,21.15,36.33,15.46,27.33
2022,210,0.47,0.46,0.2,94.97,2.27,186.69,0.0,39.12,10.07,21.87,41.13,12.85,28.09
2022,211,0.47,0.46,0.2,95.24,2.18,67.69,0.01,43.31,11.05,23.34,38.3,14.33,28.05
2022,212,0.47,0.46,0.2,95.22,2.11,97.56,0.02,41.19,10.07,22.01,38.97,13.01,26.58
2022,213,0.47,0.46,0.19,95.05,2.56,173.19,0.05,44.94,10.56,21.11,35.28,13.9,27.26
2022,214,0.47,0.46,0.2,95.09,2.12,204.88,0.07,55.69,11.35,19.99,34.15,14.82,28.32
2022,215,0.47,0.46,0.2,95.0,2.14,80.19,0.05,45.5,10.19,20.23,35.59,13.34,27.3
2022,216,0.47,0.46,0.2,94.95,1.95,181.31,0.11,41.88,10.68,21.99,36.33,14.05,24.08
2022,217,0.47,0.46,0.2,95.03,2.7,284.25,0.28,51.31,12.63,22.53,36.66,16.48,26.52
2022,218,0.47,0.46,0.2,95.14,2.23,86.38,0.07,50.94,11.17,20.58,35.54,14.52,27.11
2022,219,0.47,0.46,0.2,95.09,2.16,71.31,0.01,39.81,9.22,21.12,36.03,11.75,27.68
2022,220,0.47,0.46,0.2,95.16,2.28,151.44,0.01,37.31,8.91,21.5,37.26,11.23,26.67
2022,221,0.47,0.46,0.19,95.18,2.4,65.31,0.0,40.81,9.58,22.1,38.16,12.25,27.68
2022,222,0.46,0.46,0.19,95.2,2.13,173.88,0.0,48.94,10.19,20.25,35.38,12.87,27.73
2022,223,0.46,0.46,0.18,95.04,2.32,72.75,0.0,40.94,9.09,20.83,36.88,11.39,27.1
2022,224,0.46,0.46,0.18,95.11,2.09,109.06,0.0,34.06,7.39,19.98,36.79,8.01,27.18
2022,225,0.46,0.46,0.17,94.99,2.27,271.5,0.0,23.38,6.53,22.64,40.76,6.79,25.96
2022,226,0.46,0.45,0.17,94.69,2.14,205.56,0.0,23.31,7.32,24.48,42.06,8.37,22.4
2022,227,0.46,0.46,0.18,94.68,2.88,234.06,2.25,39.06,10.5,24.81,39.26,13.6,17.83
2022,228,0.47,0.46,0.27,94.7,2.61,202.38,0.44,39.5,10.8,24.11,41.28,13.55,19.91
2022,229,0.47,0.46,0.23,94.45,4.79,231.25,0.02,26.25,7.93,24.7,42.4,8.33,20.88
2022,230,0.47,0.46,0.23,94.87,3.42,331.06,0.06,58.69,12.27,21.83,32.73,16.11,20.73
2022,231,0.47,0.46,0.22,95.33,2.75,172.12,0.0,57.31,11.05,20.25,30.48,14.64,25.25
2022,232,0.47,0.46,0.22,95.35,2.09,177.62,0.0,51.38,9.77,18.75,33.34,12.62,26.81
2022,233,0.47,0.46,0.21,95.1,2.2,75.06,0.0,45.62,8.61,17.55,34.62,10.45,27.53
2022,234,0.46,0.46,0.2,94.87,2.4,232.31,0.0,46.19,9.83,20.92,34.4,12.58,25.51
2022,235,0.46,0.46,0.2,95.04,2.32,209.94,0.0,58.06,11.05,19.23,31.03,14.55,24.09
2022,236,0.46,0.46,0.2,95.05,2.03,134.38,0.32,55.5,11.29,19.52,34.27,14.82,25.5
2022,237,0.46,0.46,0.2,95.01,1.79,167.69,0.16,51.19,10.5,20.23,33.95,13.53,25.36
2022,238,0.47,0.46,0.21,94.82,2.18,175.69,0.62,44.25,9.89,20.65,35.3,12.73,22.56
2022,239,0.47,0.46,0.26,94.7,1.65,153.44,2.29,49.44,10.99,21.51,34.62,14.45,22.6
2022,240,0.47,0.46,0.3,94.91,1.99,73.81,0.21,50.25,11.05,20.31,35.31,14.61,23.33
2022,241,0.47,0.46,0.27,95.14,1.84,131.44,0.02,38.12,9.83,22.78,38.37,12.87,21.75
2022,242,0.47,0.46,0.26,95.26,1.45,200.0,0.19,33.19,9.77,26.36,39.37,12.86,20.15
2022,243,0.47,0.46,0.3,95.29,2.52,231.12,3.19,54.12,12.08,23.23,32.98,15.99,14.39
2022,244,0.47,0.47,0.36,95.11,1.87,226.56,0.18,51.38,11.47,21.53,34.87,15.19,22.78
2022,245,0.47,0.47,0.34,94.97,2.56,246.5,1.12,41.94,10.38,22.78,35.44,13.65,19.85
2022,246,0.47,0.47,0.39,95.16,2.06,220.62,5.03,50.69,11.66,22.29,33.75,15.44,16.47
2022,247,0.47,0.47,0.44,95.16,2.66,192.06,0.0,46.44,11.35,21.36,39.4,14.85,17.26
2022,248,0.47,0.47,0.38,95.34,2.62,231.12,0.1,48.88,11.96,22.99,39.33,15.41,19.6
2022,249,0.47,0.47,0.34,95.41,2.29,216.62,0.24,44.5,10.93,22.8,36.05,14.17,17.28
2022,250,0.47,0.47,0.38,95.2,2.06,210.25,3.09,45.81,11.54,24.41,35.75,15.33,17.76
2022,251,0.47,0.47,0.4,95.13,2.37,202.62,0.38,45.06,11.05,23.01,36.3,14.49,22.07
2022,252,0.47,0.47,0.39,95.23,1.87,151.81,1.38,56.56,12.82,22.7,34.16,16.83,22.9
2022,253,0.47,0.47,0.36,95.36,2.05,59.69,0.0,53.94,11.47,20.5,34.67,15.36,23.09
2022,254,0.47,0.46,0.32,95.21,1.98,144.31,0.0,43.5,9.4,20.28,36.69,12.19,23.01
2022,255,0.47,0.46,0.29,94.97,1.77,148.0,0.0,32.06,7.45,20.55,38.49,8.6,19.07
2022,256,0.47,0.46,0.27,94.76,2.19,215.5,0.01,30.31,8.97,24.42,39.69,11.43,20.57
2022,257,0.47,0.46,0.24,94.75,5.2,201.94,0.01,25.56,7.93,27.89,40.06,9.64,17.89
2022,258,0.47,0.46,0.23,94.83,2.7,291.75,0.46,48.94,11.29,21.71,36.55,14.27,18.58
2022,259,0.47,0.46,0.25,94.81,1.98,261.31,1.22,67.31,12.94,20.74,32.19,17.04,16.07
2022,260,0.47,0.46,0.31,94.8,2.62,44.69,2.21,69.69,13.0,19.83,29.95,17.18,16.19
2022,261,0.47,0.47,0.41,94.92,2.18,69.06,6.19,65.69,12.39,18.8,33.07,16.51,17.37
2022,262,0.48,0.48,0.45,94.85,2.45,169.06,0.45,59.38,12.08,20.19,34.8,15.98,20.25
2022,263,0.47,0.48,0.42,95.14,2.48,33.06,0.9,64.44,11.11,17.94,29.52,14.74,14.97
2022,264,0.48,0.48,0.44,95.2,1.24,125.44,3.26,60.44,9.77,16.19,27.97,12.8,13.79
2022,265,0.48,0.5,0.58,95.14,1.45,232.12,16.13,75.31,11.11,16.83,22.47,14.77,8.66
2022,266,0.49,0.5,0.49,95.27,1.41,255.5,0.33,66.94,10.13,16.41,26.77,13.34,17.68
2022,267,0.49,0.49,0.47,95.07,3.72,209.44,0.0,55.75,8.91,15.42,28.7,11.37,20.03
2022,268,0.49,0.49,0.49,94.81,4.5,210.62,3.58,60.12,9.64,17.58,25.22,12.56,11.35
2022,269,0.49,0.49,0.48,94.73,3.36,276.56,0.51,73.44,11.41,16.61,27.15,15.05,15.46
2022,270,0.49,0.49,0.48,94.91,3.03,290.5,0.88,73.56,10.13,15.31,23.71,13.19,17.87
2022,271,0.49,0.49,0.48,94.78,2.79,286.0,1.46,64.62,8.67,14.93,25.58,10.51,19.97
2022,272,0.49,0.49,0.47,94.35,2.3,257.94,0.4,56.81,7.87,12.26,27.79,8.97,21.01
2022,273,0.48,0.48,0.48,94.6,2.55,289.12,2.36,65.56,9.4,15.62,26.55,11.97,18.85
2022,274,0.49,0.49,0.51,95.86,1.97,129.25,3.25,75.19,9.58,13.78,23.4,12.71,15.75
2022,275,0.49,0.49,0.47,96.04,1.81,181.44,0.1,63.44,8.91,11.56,30.36,11.61,20.48
2022,276,0.49,0.49,0.47,95.57,1.49,275.19,0.23,69.44,10.93,16.41,27.08,14.53,17.32
2022,277,0.49,0.49,0.54,95.52,1.47,195.31,7.41,83.0,12.15,16.72,21.65,16.31,12.71
2022,278,0.5,0.51,0.55,95.73,1.07,212.75,8.65,78.5,11.72,15.45,25.54,15.68,12.81
2022,279,0.51,0.52,0.52,95.87,1.61,219.19,0.76,73.06,11.05,15.62,26.91,14.81,14.15
2022,280,0.51,0.51,0.5,95.65,1.99,213.75,0.99,68.19,10.25,15.48,27.01,13.67,14.6
2022,281,0.5,0.51,0.48,95.32,2.35,226.0,0.08,60.69,9.52,14.9,28.82,12.43,16.74
2022,282,0.5,0.51,0.48,95.26,2.68,227.31,0.56,60.25,9.46,15.94,28.39,12.37,15.93
2022,283,0.5,0.5,0.48,95.2,1.38,229.88,0.41,62.88,10.38,15.51,29.23,13.7,16.44
2022,284,0.5,0.5,0.48,95.22,1.02,258.81,1.17,70.44,11.41,16.36,28.31,15.1,14.76
2022,285,0.51,0.52,0.57,95.31,1.53,308.0,13.29,82.19,12.7,17.41,25.53,16.93,12.95
2022,286,0.52,0.52,0.51,95.6,1.55,243.38,0.01,83.5,11.72,15.9,22.85,15.76,11.43
2022,287,0.52,0.52,0.49,95.67,1.49,264.25,0.0,69.25,9.46,14.89,25.48,12.27,17.85
2022,288,0.51,0.52,0.48,95.37,1.44,219.94,0.0,54.5,7.75,12.88,28.9,9.27,18.31
2022,289,0.51,0.51,0.48,95.42,2.26,238.38,0.0,55.0,9.52,16.4,31.25,12.42,15.95
2022,290,0.51,0.51,0.48,95.79,1.58,212.69,0.0,50.62,9.34,18.08,32.97,12.06,16.07
2022,291,0.51,0.51,0.48,95.95,1.28,132.56,0.0,48.56,9.16,20.1,31.48,11.84,16.56
2022,292,0.51,0.5,0.48,95.64,1.38,126.94,0.0,46.12,7.93,16.89,30.03,9.65,16.88
2022,293,0.5,0.5,0.47,95.37,1.71,142.38,0.0,46.19,7.45,15.45,31.12,8.65,17.03
2022,294,0.5,0.5,0.47,95.36,2.77,225.62,0.0,48.5,8.3,16.15,32.75,10.37,16.29
2022,295,0.5,0.49,0.46,95.57,3.01,223.25,0.0,41.56,7.2,17.51,32.28,8.26,16.1
2022,296,0.49,0.49,0.45,95.67,2.84,219.44,0.0,38.62,6.1,15.92,30.95,5.85,16.34
2022,297,0.49,0.48,0.45,95.68,3.11,216.5,0.0,38.38,5.62,14.62,30.04,4.54,16.78
2022,298,0.49,0.48,0.45,95.6,2.4,217.81,0.0,38.12,5.43,13.18,30.61,4.08,16.51
2022,299,0.49,0.48,0.44,95.64,2.2,220.69,0.0,36.38,5.43,14.24,30.89,4.16,16.72
2022,300,0.49,0.48,0.43,95.91,1.67,241.25,0.0,38.12,5.55,13.93,29.3,4.5,15.67
2022,301,0.48,0.48,0.43,95.91,1.55,184.25,0.0,41.31,5.92,13.71,30.19,5.28,16.14
2022,302,0.48,0.48,0.42,95.63,1.27,125.0,0.0,40.5,5.86,14.87,29.47,5.08,15.77
2022,303,0.48,0.48,0.41,95.47,1.44,187.81,0.0,41.94,5.98,13.26,28.98,5.45,15.31
2022,304,0.48,0.48,0.41,95.56,1.7,237.69,0.0,43.88,5.98,13.13,27.76,5.59,13.83
2022,305,0.48,0.48,0.4,95.68,2.24,261.06,0.0,47.31,6.29,12.57,26.19,5.94,13.54
2022,306,0.48,0.48,0.39,95.72,1.38,141.31,0.01,44.38,6.41,14.73,28.37,6.58,13.67
2022,307,0.48,0.48,0.38,95.41,2.6,224.0,0.0,38.81,5.62,14.81,29.13,4.72,11.9
2022,308,0.48,0.48,0.45,95.05,3.93,274.44,7.1,61.31,7.63,12.76,22.06,8.61,8.9
2022,309,0.48,0.48,0.48,95.21,5.23,314.19,0.19,61.25,6.16,9.4,18.04,6.02,10.63
2022,310,0.48,0.48,0.47,95.43,1.29,237.06,0.0,56.94,5.68,8.8,22.55,4.67,14.96
2022,311,0.48,0.48,0.46,95.52,1.66,240.75,0.0,46.69,5.19,9.05,26.1,3.41,14.93
2022,312,0.48,0.48,0.45,95.34,2.59,241.69,0.0,47.25,6.41,12.59,28.26,6.38,13.99
2022,313,0.48,0.48,0.44,95.38,1.59,270.62,0.0,54.0,7.32,13.89,27.76,8.34,12.03
2022,314,0.48,0.48,0.44,95.6,1.35,136.69,0.08,81.88,9.95,13.25,21.98,13.12,10.67
2022,315,0.48,0.48,0.43,95.87,1.89,137.0,0.0,56.38,6.53,10.9,26.18,6.65,11.95
2022,316,0.48,0.48,0.41,95.85,1.52,185.06,0.03,68.88,7.81,10.73,23.39,9.61,13.42
2022,317,0.48,0.48,0.41,95.43,1.62,262.44,0.22,77.94,8.61,9.98,21.34,10.87,12.76
2022,318,0.48,0.48,0.41,95.42,2.02,246.88,0.14,63.12,7.02,9.94,23.84,7.73,12.95
2022,319,0.48,0.48,0.41,95.17,2.04,241.94,0.01,52.38,5.86,10.29,23.72,5.24,13.07
2022,320,0.48,0.48,0.42,94.71,2.62,260.31,1.39,69.31,7.87,10.56,20.82,9.28,8.12
2022,321,0.48,0.48,0.46,94.59,2.79,273.06,0.83,81.12,9.28,12.33,21.98,11.97,10.04
2022,322,0.48,0.48,0.46,94.49,2.73,258.31,1.18,78.75,9.28,11.88,22.44,11.99,10.6
2022,323,0.48,0.48,0.51,94.57,4.12,282.5,7.56,80.62,7.14,8.24,14.01,7.96,7.96
2022,324,0.5,0.51,0.56,95.24,3.7,302.0,7.34,83.06,6.59,7.55,12.76,7.05,7.54
2022,325,0.5,0.51,0.49,95.19,3.86,240.56,0.07,63.62,5.55,6.7,18.47,4.33,12.27
2022,326,0.5,0.51,0.52,94.75,5.84,277.69,3.87,62.44,5.49,8.55,14.8,4.0,9.1
2022,327,0.5,0.51,0.48,94.94,4.63,278.88,0.22,71.19,7.51,8.49,20.97,8.7,7.67
2022,328,0.5,0.5,0.49,95.43,2.31,257.12,0.86,82.19,9.03,10.44,20.11,11.63,9.71
2022,329,0.5,0.5,0.49,95.46,2.13,258.25,1.98,75.56,7.81,9.54,21.51,9.48,9.54
2022,330,0.5,0.51,0.52,95.78,5.91,326.69,2.1,77.69,6.84,10.37,13.83,7.62,7.74
2022,331,0.5,0.51,0.51,95.75,3.23,262.0,1.89,78.12,6.77,7.85,14.98,7.55,6.58
2022,332,0.51,0.51,0.52,94.87,4.58,240.06,12.85,73.5,5.86,4.18,18.73,5.03,12.17
2022,333,0.53,0.55,0.65,94.84,4.98,325.44,17.34,81.88,7.08,8.29,13.42,7.93,7.42
2022,334,0.54,0.56,0.61,94.91,3.05,311.69,7.71,88.88,7.02,6.73,11.43,7.91,5.73
2022,335,0.55,0.56,0.55,94.88,1.19,235.25,0.1,68.38,5.68,8.13,16.53,4.65,10.5
2022,336,0.55,0.55,0.54,94.56,2.03,201.12,0.0,65.44,5.13,7.48,13.79,3.37,5.56
2022,337,0.55,0.55,0.54,94.39,1.92,224.0,0.0,66.19,5.0,5.45,16.76,2.9,8.5
2022,338,0.54,0.55,0.53,94.95,3.33,211.81,0.0,62.06,4.94,4.56,19.17,2.86,11.7
2022,339,0.54,0.55,0.52,95.23,3.77,209.19,0.0,57.25,5.19,7.19,19.31,3.51,10.47
2022,340,0.54,0.54,0.52,94.88,3.77,255.75,0.0,62.69,6.23,9.37,21.57,5.86,7.58
2022,341,0.54,0.54,0.53,94.88,1.48,276.75,1.91,91.88,8.06,8.42,15.67,9.93,8.3
2022,342,0.54,0.54,0.52,94.54,3.91,205.12,0.05,68.81,6.47,7.51,20.69,6.65,8.7
2022,343,0.54,0.55,0.55,94.22,4.05,213.06,5.35,77.88,9.34,13.25,21.37,12.03,4.54
2022,344,0.55,0.55,0.56,94.21,4.38,257.44,2.88,82.06,8.3,8.93,17.76,10.23,6.22
2022,345,0.55,0.55,0.57,94.42,3.23,252.12,4.9,82.81,7.75,7.65,16.69,9.12,8.2
2022,346,0.55,0.56,0.58,94.61,3.38,272.56,3.13,81.0,8.85,12.08,18.69,11.22,7.58
2022,347,0.55,0.56,0.55,94.61,3.94,254.25,0.0,73.5,8.85,13.37,22.51,11.31,8.41
2022,348,0.55,0.55,0.54,94.42,3.79,241.69,0.44,72.0,8.91,13.88,22.76,11.37,8.23
2022,349,0.55,0.55,0.54,94.13,2.7,219.0,0.21,68.44,7.75,11.51,21.93,9.14,8.76
2022,350,0.55,0.55,0.54,94.53,2.0,259.38,0.02,72.94,6.65,7.78,17.28,7.04,8.06
2022,351,0.55,0.55,0.54,95.35,1.74,266.0,0.24,76.06,6.84,8.23,17.28,7.46,8.84
2022,352,0.55,0.55,0.54,96.13,1.0,130.38,0.03,81.44,6.9,7.56,17.99,7.71,10.21
2022,353,0.55,0.55,0.53,96.31,1.58,221.62,0.0,75.94,6.35,6.05,19.04,6.66,10.6
2022,354,0.55,0.55,0.53,96.05,2.31,220.31,0.01,78.06,6.16,5.72,18.56,6.19,11.14
2022,355,0.55,0.55,0.53,95.75,2.2,266.38,0.01,79.31,6.47,5.02,18.55,6.69,10.73
2022,356,0.55,0.55,0.53,95.92,1.9,290.06,0.0,84.62,7.14,6.05,17.43,8.29,9.08
2022,357,0.55,0.55,0.53,95.93,1.86,271.19,0.0,75.56,6.53,5.59,18.79,6.98,8.58
2022,358,0.55,0.55,0.52,95.84,1.91,240.5,0.0,58.69,5.92,8.42,24.56,5.52,10.96
2022,359,0.54,0.54,0.52,95.87,3.05,213.25,0.0,53.75,5.55,9.28,24.6,4.58,11.23
2022,360,0.54,0.54,0.52,96.14,2.62,219.19,0.0,51.94,5.31,8.9,24.32,4.01,11.12
2022,361,0.54,0.54,0.52,96.3,1.38,199.0,0.0,55.44,5.31,8.2,21.82,3.82,11.07
2022,362,0.54,0.54,0.52,96.01,1.57,225.62,0.0,50.88,4.64,7.12,22.01,1.97,11.19
2022,363,0.54,0.54,0.52,95.83,2.03,247.44,0.0,61.44,5.07,6.58,19.28,3.16,8.74
2022,364,0.54,0.54,0.52,96.03,1.31,218.88,0.0,60.94,5.07,5.48,19.24,3.37,11.05
2022,365,0.54,0.53,0.52,96.24,1.51,214.38,0.0,58.69,5.0,6.21,20.75,3.23,10.79
2023,1,0.53,0.53,0.52,96.05,1.77,233.38,0.0,57.38,4.94,5.93,22.07,2.9,11.18
2023,2,0.53,0.53,0.51,95.92,3.0,219.38,0.0,57.62,4.58,5.76,19.24,1.8,10.97
2023,3,0.53,0.53,0.51,96.17,1.63,211.44,0.02,60.56,4.58,4.08,18.75,1.7,10.8
2023,4,0.53,0.53,0.52,96.32,1.58,300.62,2.41,83.81,6.47,5.31,15.47,6.64,9.07
2023,5,0.54,0.54,0.55,96.12,0.75,108.88,2.92,82.94,6.35,6.87,12.39,6.55,8.9
2023,6,0.54,0.54,0.52,95.95,1.34,189.12,0.0,79.0,5.49,2.67,16.28,4.37,9.52
2023,7,0.54,0.54,0.52,95.87,1.55,239.25,0.0,66.94,4.58,3.26,16.98,1.87,11.69
2023,8,0.53,0.54,0.52,95.6,2.77,229.06,0.0,61.0,4.33,2.36,18.58,1.05,11.88
2023,9,0.53,0.53,0.52,95.44,4.38,270.38,0.71,75.56,7.26,7.65,18.9,7.77,4.53
2023,10,0.53,0.53,0.52,96.06,2.44,305.0,0.04,84.69,6.53,6.01,15.59,6.96,11.77
2023,11,0.53,0.53,0.52,95.94,1.73,280.69,0.01,81.25,6.35,4.2,17.51,6.29,11.94
2023,12,0.53,0.53,0.52,96.03,2.0,259.75,0.09,84.31,6.77,7.12,14.94,7.47,9.08
2023,13,0.53,0.53,0.52,95.96,1.88,283.56,0.04,82.5,6.29,3.85,16.42,6.37,11.42
2023,14,0.53,0.53,0.52,96.0,1.59,273.56,0.02,81.62,6.59,5.45,16.83,7.09,11.97
2023,15,0.53,0.53,0.51,95.46,2.69,229.0,0.0,59.88,4.33,4.37,19.65,0.87,12.5
2023,16,0.53,0.53,0.51,94.83,3.53,262.62,0.3,70.25,5.43,4.51,16.24,4.04,10.45
2023,17,0.53,0.53,0.51,93.94,4.98,251.19,0.29,68.25,5.98,6.44,17.98,5.34,10.96
2023,18,0.53,0.53,0.55,93.9,4.34,261.12,7.7,79.06,5.74,3.99,11.25,4.65,6.41
2023,19,0.54,0.55,0.59,94.81,4.22,285.88,6.5,78.94,4.58,2.21,8.31,1.64,5.88
2023,20,0.55,0.55,0.57,94.79,4.6,291.81,3.85,80.19,4.82,2.07,10.28,2.23,4.81
2023,21,0.55,0.55,0.58,94.9,2.62,306.25,5.0,82.12,4.46,1.51,7.87,1.32,5.58
2023,22,0.55,0.56,0.58,95.04,3.09,313.5,4.12,84.38,4.27,1.45,6.19,0.89,3.96
2023,23,0.55,0.56,0.59,95.11,1.59,287.06,4.71,86.19,4.33,1.11,6.28,1.0,10.22
2023,24,0.57,0.58,0.63,95.18,3.27,264.94,11.18,89.62,4.58,1.45,5.21,1.61,6.54
2023,25,0.57,0.59,0.62,94.98,1.79,307.25,6.55,90.31,4.76,2.04,5.97,2.28,4.94
2023,26,0.59,0.6,0.66,94.66,3.38,302.06,8.85,92.12,5.19,3.02,7.27,3.5,4.65
2023,27,0.59,0.6,0.64,94.61,1.57,288.75,4.28,91.31,4.76,1.29,7.03,2.25,10.15
2023,28,0.59,0.61,0.64,94.86,2.16,297.31,1.77,89.0,4.82,2.5,7.2,2.55,6.33
2023,29,0.59,0.61,0.64,95.3,1.7,285.38,3.22,91.75,4.88,2.23,7.0,2.77,8.69
2023,30,0.59,0.61,0.64,95.81,1.55,295.25,1.81,88.56,5.19,3.02,9.49,3.67,10.92
2023,31,0.59,0.61,0.62,95.98,2.27,292.19,0.07,85.19,5.19,3.0,11.4,3.65,9.83
2023,32,0.59,0.6,0.62,95.97,1.71,237.06,0.13,83.31,5.55,3.87,13.76,4.58,6.44
2023,33,0.59,0.6,0.62,95.93,1.52,336.81,0.07,81.12,5.49,5.21,13.08,4.47,9.03
2023,34,0.59,0.6,0.61,96.04,1.06,153.19,0.06,82.81,5.55,4.13,13.31,4.69,9.27
2023,35,0.59,0.6,0.61,95.97,2.05,270.56,0.03,82.75,5.13,1.79,13.55,3.47,13.5
2023,36,0.59,0.59,0.61,96.05,2.2,312.81,1.08,88.38,6.65,5.8,13.26,7.31,7.62
2023,37,0.59,0.6,0.62,95.58,1.25,263.12,1.42,79.94,5.8,5.37,12.98,5.23,5.41
2023,38,0.59,0.59,0.61,95.38,1.93,147.81,0.42,75.56,5.31,3.52,14.62,3.87,13.75
2023,39,0.59,0.59,0.61,95.31,1.72,110.62,1.43,81.88,5.43,4.55,11.51,4.21,6.01
2023,40,0.59,0.6,0.64,95.89,1.98,186.56,4.78,91.19,4.88,2.87,6.25,2.93,5.35
2023,41,0.6,0.61,0.63,96.48,2.2,121.38,1.64,85.12,4.7,2.68,7.9,2.36,9.67
2023,42,0.6,0.6,0.62,96.56,1.37,90.06,0.03,79.94,4.7,1.46,12.03,2.35,11.52
2023,43,0.59,0.6,0.62,96.45,1.52,101.25,0.01,81.44,4.82,1.28,13.12,2.82,15.82
2023,44,0.59,0.6,0.61,96.62,1.63,117.62,0.01,75.25,4.21,0.33,14.13,0.77,16.79
2023,45,0.59,0.6,0.61,96.48,1.65,185.5,0.0,64.62,4.09,0.4,16.43,0.26,17.12
2023,46,0.59,0.59,0.6,96.2,1.51,213.44,0.0,64.19,4.21,0.86,17.03,0.65,16.06
2023,47,0.59,0.59,0.6,96.2,1.42,200.88,0.0,64.06,4.7,4.62,17.69,2.15,16.76
2023,48,0.59,0.59,0.59,96.36,1.46,178.38,0.0,70.88,5.37,4.33,17.65,3.93,16.56
2023,49,0.59,0.59,0.59,96.28,1.38,176.81,0.0,71.81,5.74,4.02,20.19,4.97,17.23
2023,50,0.59,0.59,0.59,96.03,1.59,205.62,0.0,59.88,5.13,4.62,21.55,3.36,17.49
2023,51,0.59,0.59,0.58,95.88,1.55,172.31,0.0,57.12,5.25,5.9,22.59,3.73,17.36
2023,52,0.58,0.58,0.58,95.45,2.16,239.81,0.0,51.25,4.94,6.4,23.4,2.78,16.92
2023,53,0.58,0.58,0.57,95.11,1.91,251.38,0.01,55.0,5.25,7.58,22.33,3.4,16.24
2023,54,0.58,0.58,0.57,94.74,1.86,212.25,0.0,59.94,5.92,6.87,22.62,5.44,16.21
2023,55,0.58,0.57,0.56,94.25,3.58,191.81,0.69,53.25,5.86,10.4,24.4,5.1,12.5
2023,56,0.58,0.57,0.57,93.75,3.19,273.69,1.19,75.25,5.68,4.79,12.08,4.45,6.66
2023,57,0.57,0.58,0.57,93.95,2.91,254.81,0.62,74.12,4.52,2.47,9.9,1.39,12.66
2023,58,0.57,0.58,0.57,94.2,3.08,246.69,1.67,73.62,4.7,1.15,13.58,2.02,11.42
2023,59,0.58,0.58,0.59,94.59,4.38,253.69,3.65,69.94,3.85,-0.81,9.75,-1.0,13.47
2023,60,0.58,0.59,0.62,94.84,3.48,284.19,4.67,83.38,5.25,2.66,9.19,3.63,9.53
2023,61,0.58,0.59,0.59,94.74,2.84,248.75,2.22,71.5,4.15,0.46,12.26,0.27,10.46
2023,62,0.59,0.59,0.62,94.99,3.48,298.81,4.2,85.44,5.25,3.58,9.44,3.62,7.44
2023,63,0.59,0.6,0.64,95.23,2.98,304.31,6.21,90.31,5.62,3.79,9.22,4.71,6.58
2023,64,0.59,0.6,0.61,95.17,1.93,238.62,0.03,62.75,4.09,1.81,16.05,0.01,20.26
2023,65,0.59,0.59,0.6,94.63,4.18,255.56,1.15,65.44,5.13,5.22,15.41,3.07,10.74
2023,66,0.59,0.59,0.59,94.72,2.2,267.12,0.01,76.38,6.53,3.13,19.62,6.66,15.5
2023,67,0.59,0.59,0.59,94.99,2.1,268.44,0.0,67.81,6.59,6.29,21.62,6.94,20.08
2023,68,0.59,0.59,0.58,95.0,2.32,264.62,0.01,69.88,8.12,9.37,24.68,9.92,18.55
2023,69,0.58,0.58,0.58,95.18,4.35,288.5,0.0,66.5,7.08,8.43,20.02,8.0,15.28
2023,70,0.58,0.58,0.57,95.22,3.32,284.5,0.0,56.19,5.86,8.07,22.87,5.2,20.05
2023,71,0.58,0.57,0.56,95.39,2.55,293.81,0.0,70.31,7.45,9.04,21.06,8.64,19.2
2023,72,0.57,0.57,0.55,95.3,3.3,204.5,0.0,62.38,7.26,8.58,24.72,8.37,20.79
2023,73,0.57,0.57,0.55,95.1,4.0,285.12,0.0,62.5,6.16,6.53,18.84,6.0,18.92
2023,74,0.57,0.56,0.55,95.31,2.16,269.75,0.0,66.88,5.62,5.23,18.22,4.69,21.47
2023,75,0.56,0.56,0.55,95.1,1.52,113.75,0.0,59.0,5.37,5.49,23.35,3.91,22.44
2023,76,0.56,0.56,0.54,94.92,2.6,244.06,0.0,48.12,5.31,8.62,25.71,3.69,22.08
2023,77,0.56,0.55,0.54,94.97,2.12,209.06,0.01,61.56,6.23,9.34,23.86,5.82,15.73
2023,78,0.56,0.55,0.54,95.2,1.94,88.69,0.0,79.25,7.57,9.62,18.4,9.07,14.9
2023,79,0.55,0.55,0.54,95.31,2.63,103.69,0.01,81.75,7.32,6.74,16.87,8.59,9.21
2023,80,0.55,0.55,0.54,95.17,1.85,85.31,0.0,77.38,6.29,6.78,17.04,6.31,16.74
2023,81,0.55,0.55,0.54,95.12,1.68,198.75,0.0,67.06,5.25,4.82,20.18,3.62,21.98
2023,82,0.55,0.55,0.53,95.14,1.68,192.0,0.0,56.12,5.07,4.56,23.18,3.05,23.53
2023,83,0.55,0.55,0.52,95.3,2.45,260.81,0.0,45.94,5.07,8.59,25.19,3.03,23.88
2023,84,0.55,0.55,0.52,95.61,1.81,245.75,0.0,50.06,5.74,10.54,23.93,4.92,23.86
2023,85,0.55,0.54,0.52,95.21,2.55,272.25,0.0,49.0,5.62,9.99,27.09,4.58,23.68
2023,86,0.55,0.54,0.52,95.39,2.81,237.75,0.0,62.12,6.35,7.65,20.26,6.39,22.13
2023,87,0.54,0.54,0.52,95.88,1.64,40.06,0.0,62.75,5.19,6.01,19.59,3.62,24.95
2023,88,0.54,0.54,0.51,95.91,1.89,228.81,0.0,52.75,4.82,4.97,24.28,2.55,24.83
2023,89,0.54,0.53,0.51,95.71,2.79,254.44,0.0,46.19,5.37,8.97,27.67,3.82,24.35
2023,90,0.54,0.53,0.5,95.41,2.35,271.75,0.0,46.69,5.68,9.86,28.26,4.66,22.37
2023,91,0.53,0.53,0.51,95.09,2.48,289.5,0.43,61.88,7.08,9.92,22.74,7.97,18.16
2023,92,0.54,0.55,0.59,94.84,5.14,298.44,12.09,76.94,6.29,8.73,12.57,6.11,17.21
2023,93,0.55,0.55,0.56,94.86,4.78,317.12,3.51,74.5,6.16,7.45,14.06,5.98,15.17
2023,94,0.55,0.55,0.54,94.8,2.04,233.62,0.13,68.38,5.55,5.44,17.03,4.46,20.75
2023,95,0.55,0.55,0.53,95.21,2.23,328.81,0.01,67.94,5.13,5.69,15.96,3.34,23.34
2023,96,0.55,0.55,0.52,95.26,1.96,95.19,0.0,64.56,4.58,2.49,18.31,1.49,26.34
2023,97,0.54,0.54,0.52,95.09,1.8,92.5,0.0,58.0,4.33,4.7,19.44,0.8,24.75
2023,98,0.54,0.54,0.52,95.11,1.77,221.5,0.0,52.12,4.58,4.01,22.9,1.47,26.51
2023,99,0.54,0.54,0.52,95.43,1.8,190.88,0.0,51.38,4.64,7.15,21.19,1.69,26.85
2023,100,0.54,0.53,0.51,95.57,2.14,246.62,0.0,45.0,4.39,8.01,22.58,1.17,26.17
2023,101,0.53,0.53,0.51,95.6,1.27,140.06,0.0,45.94,4.76,7.78,24.12,2.12,25.93
2023,102,0.53,0.52,0.49,94.85,2.78,251.0,0.0,40.69,5.31,10.62,28.94,3.49,26.41
2023,103,0.53,0.52,0.51,94.75,2.9,291.56,1.17,70.06,6.96,8.07,20.26,7.55,14.4
2023,104,0.53,0.52,0.5,95.05,2.47,288.69,0.01,63.38,5.86,7.11,21.89,4.6,23.07
2023,105,0.52,0.52,0.5,94.92,3.45,290.25,0.18,67.94,6.9,8.22,21.58,7.48,20.21
2023,106,0.52,0.52,0.5,95.07,3.7,326.81,0.17,73.69,6.16,6.53,16.12,6.05,15.77
2023,107,0.52,0.52,0.5,94.92,2.37,251.62,0.0,66.94,5.74,4.83,18.48,4.86,19.14
2023,108,0.52,0.52,0.49,94.77,1.65,187.06,0.0,58.62,5.49,5.83,23.01,4.06,27.34
2023,109,0.52,0.52,0.49,94.61,1.49,165.12,0.0,55.06,6.29,8.7,26.26,5.92,21.85
2023,110,0.52,0.52,0.5,94.43,1.73,32.12,0.27,81.56,8.54,10.66,19.98,10.69,15.38
2023,111,0.52,0.52,0.49,94.42,2.55,79.5,0.01,68.69,7.93,10.21,25.01,9.54,23.95
2023,112,0.52,0.52,0.48,94.71,2.03,229.06,0.01,59.06,7.75,11.64,28.01,9.26,25.61
2023,113,0.52,0.51,0.48,94.92,2.38,223.12,0.02,54.69,7.51,13.99,26.9,8.8,23.82
2023,114,0.52,0.51,0.48,95.01,2.19,230.62,0.0,52.94,7.26,12.65,28.12,8.3,27.31
2023,115,0.51,0.51,0.48,95.04,1.73,268.94,0.0,47.06,6.41,13.05,28.12,6.37,24.55
2023,116,0.51,0.5,0.47,95.09,1.75,204.69,0.0,43.0,6.53,15.01,30.03,6.66,28.12
2023,117,0.51,0.5,0.47,95.18,1.84,200.44,0.0,44.69,6.77,14.12,30.5,7.15,28.45
2023,118,0.5,0.49,0.45,95.23,1.98,192.31,0.0,38.38,6.41,14.58,33.73,6.43,27.84
2023,119,0.5,0.49,0.45,94.95,2.32,241.19,0.15,40.44,7.69,17.33,34.73,8.93,19.23
2023,120,0.5,0.49,0.45,94.91,3.46,307.25,0.28,64.88,9.4,14.05,24.11,12.22,22.1
2023,121,0.5,0.49,0.45,95.06,2.25,331.69,0.09,70.88,8.42,12.72,23.04,10.51,22.31
2023,122,0.5,0.49,0.45,95.18,2.76,320.44,0.05,66.44,7.26,10.38,23.34,8.32,24.28
2023,123,0.49,0.49,0.45,95.3,2.1,193.25,0.01,60.56,6.71,9.9,24.23,7.29,29.49
2023,124,0.49,0.48,0.43,95.37,1.99,131.75,0.0,43.56,5.31,10.33,28.29,3.55,29.38
2023,125,0.49,0.48,0.41,95.24,1.86,188.75,0.0,39.0,5.74,12.35,30.6,4.78,27.92
2023,126,0.49,0.48,0.44,94.86,1.65,205.56,2.28,52.94,9.28,17.23,31.05,11.8,19.62
2023,127,0.49,0.49,0.47,94.94,3.01,300.0,2.15,73.0,10.25,14.21,24.24,13.51,14.56
2023,128,0.49,0.49,0.48,95.33,4.05,329.75,0.64,75.19,8.97,12.21,20.79,11.52,13.71
2023,129,0.49,0.49,0.46,95.27,3.22,310.81,0.05,70.38,8.54,12.43,22.73,10.83,19.05
2023,130,0.49,0.48,0.45,95.14,2.27,178.25,0.05,61.38,7.93,12.13,26.68,9.67,25.04
2023,131,0.49,0.48,0.43,94.99,2.14,101.19,0.5,60.75,7.69,12.23,26.99,9.13,25.65
2023,132,0.49,0.48,0.43,94.67,2.46,49.0,0.65,69.19,8.67,11.82,26.07,10.95,22.99
2023,133,0.49,0.49,0.48,94.67,2.65,312.06,4.91,83.69,9.64,12.33,20.65,12.62,10.44
2023,134,0.51,0.52,0.62,94.98,2.24,337.19,20.5,84.56,7.87,10.4,13.83,9.58,8.14
2023,135,0.52,0.54,0.6,94.72,4.68,314.31,9.28,79.75,8.18,10.97,16.72,10.07,13.52
2023,136,0.52,0.54,0.52,94.72,2.99,304.12,0.56,69.56,7.45,9.6,21.54,8.57,23.8
2023,137,0.52,0.53,0.55,94.8,1.84,121.94,11.39,67.56,7.45,10.42,23.61,8.57,22.06
2023,138,0.54,0.55,0.61,94.77,2.42,29.06,7.18,84.38,8.42,10.88,16.66,10.55,8.36
2023,139,0.55,0.57,0.69,94.45,2.74,163.12,30.69,88.44,8.24,10.27,14.12,10.15,3.09
2023,140,0.58,0.61,0.66,94.33,5.73,309.81,7.68,84.06,8.73,11.29,17.84,11.05,10.74
2023,141,0.58,0.6,0.61,94.61,3.16,294.12,1.45,75.88,8.24,11.25,18.8,10.2,17.37
2023,142,0.58,0.59,0.6,94.42,1.52,145.12,3.01,69.31,9.16,10.8,27.34,11.61,25.45
2023,143,0.58,0.59,0.61,94.34,2.54,149.12,8.05,69.0,9.46,12.94,26.3,12.07,19.29
2023,144,0.59,0.6,0.64,94.61,1.79,285.62,7.19,84.56,10.56,13.8,21.17,13.97,11.61
2023,145,0.59,0.6,0.64,94.95,1.89,142.94,4.7,84.88,10.01,12.87,19.48,13.22,18.79
2023,146,0.59,0.6,0.6,95.29,1.89,100.62,0.11,69.69,8.73,11.37,25.25,11.12,27.93
2023,147,0.59,0.59,0.59,95.11,1.8,192.56,0.14,59.69,9.16,12.84,28.91,11.79,27.98
2023,148,0.59,0.59,0.64,94.89,1.02,182.25,13.53,75.75,10.38,14.94,22.8,13.73,13.94
2023,149,0.61,0.63,0.72,94.77,1.65,250.38,17.29,79.19,10.25,14.63,22.17,13.51,13.17
2023,150,0.62,0.63,0.66,94.89,2.05,309.69,4.99,79.75,9.95,13.59,21.23,13.07,23.39
2023,151,0.62,0.63,0.67,94.89,1.86,309.88,6.54,82.75,9.64,12.69,19.83,12.58,13.94
2023,152,0.62,0.63,0.66,94.89,1.57,229.88,2.79,76.81,9.34,12.21,22.41,12.16,20.7
2023,153,0.62,0.62,0.64,94.83,1.45,228.0,1.24,69.44,9.46,11.99,24.83,12.29,17.33
2023,154,0.62,0.62,0.64,94.9,1.63,192.94,4.3,75.25,10.44,14.8,23.54,13.81,13.64
2023,155,0.64,0.66,0.76,94.87,1.77,104.75,24.55,82.94,11.72,15.66,24.7,15.58,15.72
2023,156,0.64,0.66,0.68,94.93,1.86,168.94,0.52,80.25,11.29,14.83,23.86,15.05,21.51
2023,157,0.63,0.64,0.66,95.0,1.74,61.75,0.06,73.31,10.93,15.39,26.25,14.47,26.46
2023,158,0.63,0.63,0.66,94.93,1.87,236.12,1.44,71.75,12.15,14.89,29.0,16.07,24.08
2023,159,0.62,0.63,0.66,94.74,1.89,200.25,3.0,74.5,14.34,18.52,29.13,18.69,24.46
2023,160,0.62,0.63,0.66,94.77,2.01,219.25,1.05,76.56,13.31,18.69,27.27,17.55,11.79
2023,161,0.62,0.63,0.65,94.87,1.55,197.88,1.38,84.19,13.31,16.55,26.14,17.63,15.84
2023,162,0.62,0.62,0.63,94.97,1.57,237.12,0.17,61.0,9.46,14.78,28.9,12.12,29.85
2023,163,0.62,0.62,0.66,94.8,1.98,215.88,30.16,63.31,11.72,16.65,31.39,15.51,27.51
2023,164,0.65,0.66,0.75,94.49,2.72,230.56,13.67,80.75,14.16,18.56,26.37,18.5,20.05
2023,165,0.66,0.69,0.76,94.72,2.68,304.19,14.71,76.44,11.23,14.69,23.09,14.79,22.38
2023,166,0.66,0.67,0.7,95.26,2.62,318.44,0.04,79.44,11.41,13.95,24.5,15.25,22.71
2023,167,0.66,0.66,0.69,95.34,1.73,186.31,0.0,61.62,9.58,14.68,26.8,12.56,30.36
2023,168,0.65,0.65,0.66,95.11,1.71,173.5,0.0,60.69,10.31,14.88,30.29,13.65,30.73
2023,169,0.64,0.64,0.65,94.86,2.59,208.38,0.3,51.5,11.35,18.05,34.56,14.93,28.63
2023,170,0.63,0.63,0.63,94.9,3.41,178.38,0.13,48.12,11.05,21.89,34.41,14.55,16.83
2023,171,0.62,0.62,0.61,94.93,3.28,179.31,0.0,41.12,10.38,22.45,37.23,13.44,28.53
2023,172,0.62,0.61,0.59,94.98,3.26,181.75,0.0,42.44,10.31,21.48,38.55,13.46,28.75
2023,173,0.61,0.6,0.59,95.39,1.85,122.81,0.0,51.12,10.68,19.3,35.73,13.94,28.07
2023,174,0.61,0.59,0.59,95.59,1.98,149.38,0.0,64.12,12.51,19.34,32.3,16.71,28.38
2023,175,0.6,0.59,0.58,95.33,1.91,137.5,0.0,61.12,11.72,18.69,33.4,15.62,29.66
2023,176,0.59,0.59,0.57,95.26,1.94,232.44,0.01,62.0,11.05,18.07,30.35,14.78,30.54
2023,177,0.59,0.59,0.57,95.35,1.62,115.69,0.03,59.38,10.44,16.2,31.52,13.69,31.3
2023,178,0.59,0.58,0.56,95.32,1.85,194.06,0.0,58.94,11.23,18.86,31.68,14.85,30.56
2023,179,0.59,0.57,0.55,95.06,1.54,173.38,0.01,53.88,11.17,18.19,35.92,14.58,28.69
2023,180,0.58,0.57,0.55,95.02,2.05,195.75,0.03,56.38,12.33,20.99,33.9,16.32,25.36
2023,181,0.57,0.56,0.55,95.05,2.4,232.38,0.01,64.25,12.94,19.61,30.78,17.12,27.57
2023,182,0.57,0.56,0.55,95.11,2.21,167.5,0.01,70.0,12.27,17.64,29.38,16.38,23.3
2023,183,0.57,0.55,0.54,95.2,2.34,85.56,0.0,60.56,10.74,16.3,31.23,14.26,30.45
2023,184,0.56,0.55,0.53,95.2,1.97,137.81,0.0,58.06,11.6,18.55,34.26,15.51,29.89
2023,185,0.56,0.55,0.52,95.17,1.95,129.19,0.0,53.75,11.66,18.65,35.79,15.53,29.88
2023,186,0.55,0.55,0.52,95.15,1.55,85.75,0.01,53.19,12.33,21.4,36.23,16.4,29.23
2023,187,0.55,0.54,0.53,94.98,2.19,177.06,2.35,54.19,13.18,21.88,38.54,17.25,23.69
2023,188,0.55,0.54,0.5,94.97,5.06,196.81,0.0,34.62,9.95,24.73,40.51,12.95,22.93
2023,189,0.54,0.53,0.49,95.36,1.78,204.06,0.0,39.44,11.72,25.79,41.44,15.45,25.84
2023,190,0.54,0.52,0.48,95.58,2.36,206.12,0.51,39.5,11.66,24.9,42.21,15.28,21.84
2023,191,0.53,0.52,0.48,95.6,2.52,263.38,0.0,33.62,10.44,25.32,42.95,13.69,27.85
2023,192,0.53,0.52,0.47,95.38,1.48,172.0,0.0,32.12,9.83,26.84,43.19,12.33,27.18
2023,193,0.52,0.51,0.46,95.2,1.85,174.88,0.0,33.5,10.07,24.59,42.55,13.0,27.21
2023,194,0.52,0.51,0.45,95.25,2.27,186.31,0.1,44.38,12.15,24.65,39.04,15.92,27.62
2023,195,0.52,0.51,0.45,95.16,1.74,199.81,0.03,48.0,12.76,23.51,39.93,16.62,28.52
2023,196,0.52,0.5,0.42,95.03,2.78,246.5,0.01,31.56,9.09,24.56,42.23,11.04,29.02
2023,197,0.51,0.5,0.4,95.2,2.11,157.5,0.01,32.75,9.7,24.08,42.21,12.15,26.65
2023,198,0.51,0.49,0.38,95.39,1.74,144.38,0.0,28.0,8.48,24.62,43.51,9.93,27.2
2023,199,0.51,0.49,0.37,95.49,1.73,183.94,0.0,27.5,8.61,25.75,43.76,10.53,25.07
2023,200,0.5,0.49,0.35,95.25,2.64,250.94,0.0,29.88,9.03,26.05,42.7,11.3,27.52
2023,201,0.5,0.48,0.35,95.0,1.87,219.88,0.0,31.88,9.34,25.57,41.07,11.89,28.84
2023,202,0.5,0.48,0.34,94.95,2.71,202.56,0.0,35.19,10.5,25.43,39.91,13.6,26.04
2023,203,0.5,0.48,0.34,95.23,1.53,117.25,0.0,39.38,11.9,26.3,41.65,15.63,25.54
2023,204,0.5,0.48,0.33,95.24,3.2,203.0,0.0,22.19,6.96,25.17,43.02,7.55,28.18
2023,205,0.49,0.48,0.31,94.9,4.94,202.94,0.0,16.19,5.55,28.31,43.33,4.37,26.97
2023,206,0.49,0.48,0.3,94.86,3.72,212.12,0.0,39.12,10.44,24.05,38.16,12.23,23.7
2023,207,0.49,0.48,0.31,95.19,2.8,37.94,0.0,58.62,12.94,21.15,33.8,17.14,28.11
2023,208,0.49,0.48,0.31,95.06,1.43,169.62,0.0,44.31,10.74,19.44,38.15,14.17,26.57
2023,209,0.49,0.48,0.3,94.89,2.59,211.0,0.0,40.75,12.08,25.17,39.62,15.83,20.72
2023,210,0.48,0.48,0.3,94.88,2.41,194.88,0.0,39.94,11.6,25.9,40.21,14.67,23.45
2023,211,0.48,0.48,0.3,95.16,1.73,230.5,0.0,54.56,14.28,23.75,39.06,18.5,22.36
2023,212,0.48,0.48,0.3,95.16,2.07,221.0,0.0,54.06,13.0,22.15,36.81,17.08,28.56
2023,213,0.48,0.48,0.3,94.92,2.09,206.19,0.0,50.62,12.21,22.55,36.44,16.12,28.3
2023,214,0.48,0.48,0.3,94.79,1.95,210.75,0.0,45.75,11.41,23.16,37.9,15.04,28.33
2023,215,0.48,0.47,0.29,94.69,2.38,222.69,0.0,44.5,11.41,22.78,38.86,14.87,28.27
2023,216,0.48,0.47,0.3,94.96,3.23,163.56,0.15,66.31,13.49,18.95,32.31,17.67,18.27
2023,217,0.48,0.47,0.3,95.27,2.61,289.5,0.0,55.19,9.52,17.19,29.04,12.48,25.55
2023,218,0.48,0.47,0.3,95.27,1.98,128.31,0.0,49.62,9.52,18.3,33.53,12.28,28.69
2023,219,0.48,0.47,0.3,95.41,2.48,48.62,0.0,59.69,10.86,17.73,31.78,14.52,28.21
2023,220,0.48,0.47,0.29,95.31,2.01,141.56,0.0,46.62,9.28,17.57,36.21,11.98,28.26
2023,221,0.48,0.47,0.28,95.31,2.12,73.62,0.0,39.19,8.42,20.37,36.11,10.58,27.81
2023,222,0.48,0.47,0.28,95.44,1.89,103.0,0.0,31.5,7.08,20.09,38.39,7.82,27.23
2023,223,0.48,0.47,0.27,95.42,2.46,202.31,0.0,36.5,8.91,22.51,38.09,11.19,26.71
2023,224,0.48,0.47,0.27,95.35,1.98,60.81,0.32,48.06,10.56,21.62,35.44,13.93,27.32
2023,225,0.48,0.47,0.29,95.19,1.9,144.31,0.47,49.44,10.86,20.01,35.99,14.33,26.59
2023,226,0.48,0.47,0.27,95.06,1.95,190.31,0.0,36.81,8.97,21.12,37.58,11.45,26.35
2023,227,0.48,0.46,0.27,95.12,2.38,189.44,0.0,32.56,8.18,22.07,38.37,10.08,26.9
2023,228,0.47,0.46,0.26,95.09,1.67,168.56,0.0,25.88,6.71,21.51,40.32,7.09,26.14
2023,229,0.47,0.46,0.24,95.04,2.26,214.25,0.04,30.44,8.97,24.65,40.22,11.41,24.59
2023,230,0.47,0.46,0.27,95.05,2.73,218.19,1.15,35.5,10.07,25.37,38.96,13.11,25.17
2023,231,0.47,0.46,0.27,95.16,2.3,224.81,0.16,43.81,10.62,22.22,36.16,13.86,26.5
2023,232,0.47,0.46,0.27,95.32,1.86,48.0,0.15,51.44,11.35,21.58,35.8,14.91,26.55
2023,233,0.47,0.46,0.27,95.33,2.21,188.75,0.25,53.88,12.21,21.64,35.94,16.0,26.36
2023,234,0.47,0.46,0.3,95.27,2.01,124.31,1.66,54.44,12.45,21.25,35.69,16.34,25.72
2023,235,0.47,0.46,0.3,95.19,1.84,97.31,0.0,41.69,10.01,22.11,36.76,13.04,24.13
2023,236,0.47,0.46,0.29,95.07,1.91,136.75,0.0,38.88,9.28,22.09,37.47,11.89,26.17
2023,237,0.47,0.46,0.27,95.01,2.42,230.56,0.03,43.44,10.74,21.71,37.74,13.77,25.16
2023,238,0.47,0.46,0.26,94.88,2.1,211.19,0.01,36.81,9.7,22.94,39.86,12.2,26.1
2023,239,0.47,0.46,0.26,94.49,5.74,250.56,0.71,39.25,10.44,20.8,38.76,13.15,18.11
2023,240,0.47,0.46,0.27,95.02,4.27,307.62,0.04,58.06,9.77,17.99,27.76,12.77,22.9
2023,241,0.47,0.46,0.27,94.87,2.91,241.12,0.06,55.94,9.34,15.79,29.23,11.88,25.0
2023,242,0.47,0.46,0.27,94.72,2.25,176.19,0.12,51.19,9.09,17.25,32.58,11.44,24.79
2023,243,0.47,0.46,0.27,95.18,2.42,77.75,0.3,54.25,10.01,17.83,32.09,13.23,24.62
2023,244,0.47,0.46,0.27,95.18,2.04,187.88,0.03,45.88,9.7,17.79,35.38,12.76,21.35
2023,245,0.47,0.46,0.28,95.1,3.24,178.44,1.47,50.0,11.41,23.37,34.55,15.12,17.26
2023,246,0.47,0.46,0.3,95.02,3.36,155.69,0.0,38.56,9.83,21.57,38.44,12.67,14.0
2023,247,0.47,0.46,0.28,94.99,2.65,142.19,0.0,38.38,10.44,23.86,40.89,13.74,19.66
2023,248,0.47,0.46,0.27,95.0,2.47,68.5,0.0,44.75,9.64,20.22,34.06,12.44,22.8
2023,249,0.47,0.46,0.26,95.09,2.43,171.0,0.0,51.81,9.46,18.39,31.87,12.25,23.9
2023,250,0.47,0.46,0.25,95.21,2.36,70.81,0.0,56.19,9.46,16.56,31.3,12.12,24.2
2023,251,0.47,0.46,0.24,95.22,2.09,71.38,0.02,54.81,9.16,16.46,31.86,11.26,24.41
2023,252,0.47,0.46,0.23,95.19,2.0,155.69,0.02,51.12,9.16,16.39,34.48,11.64,23.79
2023,253,0.47,0.46,0.23,95.18,2.02,103.75,0.0,38.62,7.69,18.24,35.58,9.02,24.02
2023,254,0.47,0.46,0.23,94.99,1.89,177.12,0.1,28.69,6.9,21.39,36.96,7.53,20.14
2023,255,0.47,0.46,0.22,95.01,2.48,170.5,0.43,39.69,9.89,23.22,36.98,12.71,20.91
2023,256,0.47,0.46,0.28,95.26,1.43,160.06,1.63,57.31,12.45,22.12,33.88,16.38,10.79
2023,257,0.47,0.46,0.28,95.22,1.84,198.12,0.74,54.12,12.15,22.35,34.45,16.01,15.27
2023,258,0.47,0.46,0.3,95.03,2.81,214.44,0.51,40.88,9.7,22.01,35.61,12.55,15.69
2023,259,0.47,0.46,0.28,95.03,3.21,209.62,0.0,32.5,8.79,24.03,37.88,11.22,19.02
2023,260,0.47,0.46,0.26,95.11,3.65,215.5,0.0,27.5,8.0,25.51,39.98,9.69,19.15
2023,261,0.47,0.46,0.24,95.28,2.27,219.81,0.0,37.94,9.22,23.37,33.4,11.66,14.92
2023,262,0.47,0.46,0.23,95.2,1.78,198.5,0.0,34.25,8.18,22.55,37.16,9.4,15.67
2023,263,0.47,0.46,0.23,94.98,2.5,224.38,0.01,41.44,8.67,21.19,36.3,10.05,14.04
2023,264,0.47,0.46,0.22,94.73,2.0,203.38,0.0,45.88,9.16,19.89,34.47,11.04,21.27
2023,265,0.47,0.46,0.21,94.71,2.4,286.25,0.06,62.12,11.66,19.36,33.53,15.13,19.0
2023,266,0.47,0.46,0.22,95.35,3.07,245.69,0.43,60.94,9.58,16.62,26.42,12.34,15.65
2023,267,0.47,0.46,0.22,95.58,1.77,62.19,0.01,58.44,8.48,14.87,28.61,10.66,22.16
2023,268,0.47,0.46,0.22,95.41,2.17,98.75,0.03,60.56,8.85,15.02,28.59,11.31,21.76
2023,269,0.47,0.46,0.21,95.38,1.92,50.12,0.06,63.88,8.73,13.99,26.62,10.98,20.08
2023,270,0.46,0.46,0.21,95.4,1.54,73.19,0.07,61.94,9.52,15.58,29.42,12.34,20.94
2023,271,0.46,0.46,0.21,95.48,1.7,161.31,0.0,63.75,9.95,15.69,30.17,13.01,20.73
2023,272,0.46,0.46,0.2,95.64,1.92,74.69,0.0,61.06,9.64,16.39,30.46,12.47,20.75
2023,273,0.46,0.46,0.2,95.83,1.59,67.94,0.0,64.62,10.01,16.3,29.41,13.09,20.69
2023,274,0.46,0.46,0.2,95.8,1.95,235.44,0.0,61.56,10.01,16.37,30.33,13.11,20.4
2023,275,0.46,0.46,0.2,95.69,1.63,130.19,0.0,57.38,9.7,16.49,32.26,12.56,19.83
2023,276,0.46,0.46,0.2,95.68,1.93,183.06,0.0,46.25,8.3,17.23,32.6,10.21,19.57
2023,277,0.46,0.46,0.2,95.9,1.9,137.94,0.0,60.81,10.31,16.98,30.7,13.55,19.63
2023,278,0.46,0.46,0.19,95.94,1.79,153.12,0.0,59.31,9.58,16.4,31.1,12.53,19.44
2023,279,0.46,0.46,0.19,95.88,1.8,170.81,0.0,57.5,9.16,16.37,31.19,11.62,19.62
2023,280,0.46,0.46,0.19,95.81,1.89,81.94,0.0,64.88,9.58,15.8,28.96,12.42,19.43
2023,281,0.46,0.46,0.19,95.79,1.74,80.31,0.0,57.88,8.48,15.12,29.11,10.46,19.05
2023,282,0.46,0.46,0.18,95.8,1.69,91.75,0.0,57.81,8.48,14.61,30.18,10.51,18.7
2023,283,0.46,0.46,0.18,95.66,1.51,174.12,0.0,49.5,7.81,14.82,30.42,9.31,18.29
2023,284,0.46,0.46,0.18,95.62,1.17,127.19,0.0,43.38,7.32,16.33,31.69,8.23,18.05
2023,285,0.46,0.46,0.17,95.68,1.72,196.06,0.0,48.5,7.93,16.08,31.58,9.4,17.79
2023,286,0.46,0.46,0.17,95.7,1.56,230.0,0.0,36.69,6.41,16.37,32.26,6.58,17.91
2023,287,0.46,0.45,0.17,95.46,1.34,262.56,0.0,35.44,6.16,17.01,32.6,5.66,18.04
2023,288,0.46,0.45,0.16,95.29,1.59,289.19,0.0,60.25,9.4,16.05,29.26,11.75,17.18
2023,289,0.46,0.45,0.16,94.96,3.04,215.75,0.0,34.25,5.8,16.47,30.87,4.58,16.68
2023,290,0.46,0.45,0.16,94.92,4.42,217.0,0.0,23.31,4.7,18.68,32.94,2.1,13.64
2023,291,0.46,0.45,0.16,94.79,3.66,220.38,0.0,25.62,5.37,19.98,33.02,3.5,16.15
2023,292,0.46,0.45,0.16,94.22,3.72,212.0,0.0,29.19,6.04,18.29,32.91,5.45,15.68
2023,293,0.46,0.45,0.16,93.73,4.25,264.06,0.0,38.31,6.65,15.76,26.23,6.62,9.11
2023,294,0.46,0.45,0.16,94.5,2.69,270.06,0.0,52.19,6.53,12.3,23.85,6.56,16.31
2023,295,0.46,0.45,0.16,94.67,2.67,189.0,0.0,39.69,5.92,13.01,30.71,5.35,12.81
2023,296,0.46,0.45,0.16,94.78,3.38,210.5,0.01,30.25,5.8,17.56,34.08,4.98,13.43
2023,297,0.46,0.46,0.2,95.12,2.56,266.38,2.04,57.44,9.52,17.92,24.9,12.35,7.72
2023,298,0.47,0.46,0.23,95.03,2.68,291.62,0.16,58.94,8.18,15.33,25.28,9.32,16.03
2023,299,0.47,0.46,0.23,94.77,2.45,252.88,0.13,58.19,8.36,14.83,28.58,10.2,15.46
2023,300,0.47,0.46,0.23,94.71,2.9,284.0,0.58,64.94,9.83,14.73,26.4,12.58,12.87
2023,301,0.47,0.46,0.24,94.83,1.91,244.0,0.0,63.12,9.4,15.05,27.44,12.03,14.77
2023,302,0.47,0.46,0.23,94.64,3.89,186.62,0.0,40.38,6.65,17.38,30.33,6.8,8.83
2023,303,0.47,0.46,0.23,94.49,4.04,231.69,0.0,39.44,6.77,18.17,30.26,6.81,8.73
2023,304,0.47,0.46,0.23,95.16,1.54,223.88,0.0,64.0,9.03,15.88,23.63,11.6,12.17
2023,305,0.47,0.46,0.23,95.16,2.79,255.94,0.0,67.06,9.52,14.19,26.3,12.45,9.89
2023,306,-999.0,-999.0,-999.0,94.54,4.49,230.31,0.05,59.0,8.18,12.16,27.6,9.86,13.1
2023,307,-999.0,-999.0,-999.0,94.27,5.19,278.81,0.88,59.75,7.26,13.4,19.26,8.21,8.24
2023,308,-999.0,-999.0,-999.0,94.36,3.82,243.81,0.23,62.5,6.96,11.16,22.0,7.66,13.16
2023,309,-999.0,-999.0,-999.0,94.63,3.32,268.06,0.62,72.0,8.97,12.32,22.93,11.36,12.12
2023,310,-999.0,-999.0,-999.0,95.07,1.7,210.5,0.69,76.31,9.28,12.29,25.7,11.93,12.68
2023,311,-999.0,-999.0,-999.0,95.51,2.15,341.81,4.02,86.0,8.97,11.76,15.69,11.58,4.42
2023,312,-999.0,-999.0,-999.0,95.77,1.55,217.12,0.08,71.88,6.84,9.98,17.49,7.67,9.32
2023,313,-999.0,-999.0,-999.0,95.37,2.46,237.0,0.73,73.06,7.14,9.65,18.87,8.19,5.95
2023,314,-999.0,-999.0,-999.0,95.17,2.62,263.25,0.17,74.56,7.63,10.48,20.15,9.17,6.4
2023,315,-999.0,-999.0,-999.0,95.21,2.49,276.12,0.17,75.12,8.0,10.08,20.19,9.83,10.84
2023,316,-999.0,-999.0,-999.0,95.46,2.38,277.94,0.05,79.25,8.67,10.6,21.48,10.92,12.12
2023,317,-999.0,-999.0,-999.0,95.87,1.33,209.56,0.07,71.44,8.18,11.02,24.59,10.0,12.23
2023,318,-999.0,-999.0,-999.0,95.79,1.98,245.56,0.0,57.88,6.71,10.62,26.19,7.35,12.29
2023,319,-999.0,-999.0,-999.0,95.8,1.73,209.38,0.09,70.75,8.12,11.5,22.43,9.97,11.88
2023,320,-999.0,-999.0,-999.0,95.77,1.67,251.25,0.09,68.88,7.81,10.24,24.25,9.26,12.02
2023,321,-999.0,-999.0,-999.0,95.77,1.93,293.38,0.36,72.19,8.06,11.04,22.87,9.65,11.64
2023,322,-999.0,-999.0,-999.0,96.02,1.55,176.12,1.09,80.38,8.36,9.89,20.09,10.47,10.6
2023,323,-999.0,-999.0,-999.0,95.83,1.47,219.38,0.0,60.06,6.47,9.26,25.16,6.8,11.64
2023,324,-999.0,-999.0,-999.0,95.28,2.88,236.5,0.0,61.69,6.84,10.42,25.91,7.54,11.3
2023,325,-999.0,-999.0,-999.0,94.75,3.65,289.44,4.56,77.38,7.69,9.87,17.96,9.15,6.86
2023,326,-999.0,-999.0,-999.0,94.46,5.45,327.44,24.07,83.88,7.26,10.31,12.48,8.33,3.88
2023,327,-999.0,-999.0,-999.0,94.59,5.35,238.5,39.88,90.62,8.48,10.59,13.33,10.59,2.86
2023,328,-999.0,-999.0,-999.0,94.53,5.52,327.56,19.6,88.38,8.42,10.91,13.58,10.5,4.18
2023,329,-999.0,-999.0,-999.0,94.76,4.42,320.38,1.28,83.38,7.26,6.59,14.05,8.29,5.1
2023,330,-999.0,-999.0,-999.0,95.23,1.08,228.06,0.0,72.31,5.68,6.2,16.6,4.83,10.96
2023,331,-999.0,-999.0,-999.0,95.0,2.59,235.06,0.0,73.69,5.8,5.17,18.8,5.15,10.35
2023,332,-999.0,-999.0,-999.0,94.56,3.08,271.94,0.48,82.81,7.32,6.55,16.65,8.32,7.74
2023,333,-999.0,-999.0,-999.0,94.68,2.22,258.44,0.39,78.38,7.63,8.78,20.33,8.9,10.09
2023,334,-999.0,-999.0,-999.0,94.63,4.59,210.38,0.0,57.56,5.92,9.88,22.72,5.35,10.29
2023,335,-999.0,-999.0,-999.0,94.29,5.04,212.12,0.0,39.88,4.33,11.02,22.12,0.79,4.59
2023,336,-999.0,-999.0,-999.0,94.8,3.05,289.88,0.32,71.0,6.1,8.64,14.84,5.76,8.55
2023,337,-999.0,-999.0,-999.0,95.5,1.76,316.25,2.83,83.31,6.65,7.28,12.25,7.23,5.5
2023,338,-999.0,-999.0,-999.0,95.38,3.19,217.38,0.61,74.25,5.49,5.57,15.38,4.48,6.81
2023,339,-999.0,-999.0,-999.0,95.15,2.37,274.75,0.62,76.94,6.23,6.58,14.75,6.15,7.39
2023,340,-999.0,-999.0,-999.0,94.95,2.3,260.12,6.42,85.75,7.08,7.9,15.8,7.99,3.46
2023,341,-999.0,-999.0,-999.0,95.52,1.12,278.25,0.16,74.0,5.86,5.73,16.08,5.3,9.95
2023,342,-999.0,-999.0,-999.0,94.93,5.13,264.19,18.23,84.12,7.02,5.94,15.1,7.82,0.82
2023,343,-999.0,-999.0,-999.0,95.45,4.68,323.31,3.83,84.62,6.96,7.48,13.11,7.85,8.11
2023,344,-999.0,-999.0,-999.0,95.85,1.87,276.25,0.01,87.0,7.32,6.27,17.79,8.34,9.92
2023,345,-999.0,-999.0,-999.0,95.61,1.96,245.56,0.0,75.38,7.14,7.19,22.4,8.05,9.98
2023,346,-999.0,-999.0,-999.0,95.37,2.37,227.25,0.0,60.69,6.65,9.23,24.58,7.13,9.43
2023,347,-999.0,-999.0,-999.0,94.88,2.54,266.62,0.54,69.0,7.08,10.46,21.27,7.94,9.0
2023,348,-999.0,-999.0,-999.0,95.24,4.42,304.12,7.56,84.81,6.9,7.99,13.08,7.7,6.07
2023,349,-999.0,-999.0,-999.0,96.06,4.41,320.25,4.78,85.06,6.29,6.93,10.8,6.49,5.83
2023,350,-999.0,-999.0,-999.0,96.34,3.2,200.56,2.69,80.69,5.62,5.18,11.94,4.9,5.35
2023,351,-999.0,-999.0,-999.0,96.42,1.82,51.88,2.81,88.56,5.8,5.13,10.44,5.32,6.12
2023,352,-999.0,-999.0,-999.0,96.17,2.2,50.31,9.36,94.62,7.02,6.85,10.84,8.11,3.09
2023,353,-999.0,-999.0,-999.0,95.85,1.38,162.94,2.84,92.31,7.02,7.54,11.57,7.98,3.97
2023,354,-999.0,-999.0,-999.0,95.42,3.83,314.56,2.2,85.56,6.65,7.93,12.63,7.2,6.88
2023,355,-999.0,-999.0,-999.0,95.59,3.95,313.31,2.05,88.12,6.59,6.66,11.26,7.11,4.36
2023,356,-999.0,-999.0,-999.0,95.71,3.41,293.44,0.15,89.19,7.02,5.88,15.06,7.94,9.27
2023,357,-999.0,-999.0,-999.0,95.78,1.62,291.44,0.34,87.12,7.2,7.69,14.78,8.38,9.86
2023,358,-999.0,-999.0,-999.0,95.8,1.08,241.62,0.27,85.38,6.47,5.85,14.33,6.87,10.09
2023,359,-999.0,-999.0,-999.0,95.71,1.45,220.0,0.0,71.69,5.25,3.05,16.39,3.63,10.19
2023,360,-999.0,-999.0,-999.0,95.63,1.46,211.0,0.0,70.19,5.25,2.6,17.27,3.63,9.84
2023,361,-999.0,-999.0,-999.0,95.79,1.02,198.19,0.0,63.19,5.07,4.76,19.28,3.15,9.76
2023,362,-999.0,-999.0,-999.0,95.92,1.43,266.12,0.0,71.88,6.04,6.26,17.66,5.42,9.71
2023,363,-999.0,-999.0,-999.0,95.65,1.2,204.19,0.0,71.06,5.74,6.01,18.98,5.07,9.96
2023,364,-999.0,-999.0,-999.0,95.38,1.34,257.38,0.0,74.0,6.23,6.83,17.9,6.12,6.37
2023,365,-999.0,-999.0,-999.0,95.39,1.48,250.06,0.0,67.94,5.13,4.73,16.69,3.36,10.01
2024,1,-999.0,-999.0,-999.0,95.32,1.73,246.5,1.6,75.44,5.62,4.91,15.18,4.66,5.7
2024,2,-999.0,-999.0,-999.0,95.62,1.49,272.38,0.52,79.75,6.04,5.33,14.48,5.71,9.52
2024,3,-999.0,-999.0,-999.0,95.44,2.49,235.06,0.0,60.75,4.7,4.63,19.58,2.19,10.06
2024,4,-999.0,-999.0,-999.0,95.12,2.23,226.31,0.0,57.12,4.7,5.45,19.53,2.11,10.35
2024,5,-999.0,-999.0,-999.0,94.25,3.59,215.12,7.83,66.75,5.19,6.03,14.87,3.31,3.86
2024,6,-999.0,-999.0,-999.0,94.18,6.1,280.25,14.43,89.0,5.92,5.76,8.06,5.27,2.6
2024,7,-999.0,-999.0,-999.0,94.71,5.77,286.25,1.35,72.56,4.88,5.16,10.18,2.62,6.05
2024,8,-999.0,-999.0,-999.0,94.98,3.88,294.0,1.81,79.44,4.76,4.18,8.45,2.43,6.67
2024,9,-999.0,-999.0,-999.0,95.41,1.46,247.0,0.03,73.19,4.76,2.8,13.35,2.33,9.41
2024,10,-999.0,-999.0,-999.0,95.24,2.53,232.0,4.51,84.56,5.37,3.32,11.23,3.96,4.48
2024,11,-999.0,-999.0,-999.0,95.14,2.67,265.62,3.63,90.38,6.35,5.73,11.63,6.43,5.01
2024,12,-999.0,-999.0,-999.0,95.69,3.02,310.5,1.68,87.75,6.1,6.58,10.85,6.03,5.74
2024,13,-999.0,-999.0,-999.0,95.89,1.26,256.19,0.39,78.44,5.43,4.07,13.49,4.26,10.08
2024,14,-999.0,-999.0,-999.0,95.34,2.88,240.44,0.0,63.88,4.94,3.67,18.7,2.9,8.38
2024,15,-999.0,-999.0,-999.0,94.88,3.6,259.88,0.0,57.75,5.37,7.52,18.88,3.84,8.75
2024,16,-999.0,-999.0,-999.0,94.99,2.49,248.62,0.0,78.88,7.87,8.14,20.59,9.56,10.53
2024,17,-999.0,-999.0,-999.0,94.76,3.51,218.81,0.0,58.06,5.8,9.38,21.65,5.04,10.94
2024,18,-999.0,-999.0,-999.0,94.91,2.96,234.56,0.0,73.56,6.96,9.17,17.79,7.73,9.37
2024,19,-999.0,-999.0,-999.0,94.68,2.09,222.88,0.21,70.69,6.53,8.77,16.08,6.76,5.64
2024,20,-999.0,-999.0,-999.0,95.28,2.94,296.69,5.63,87.0,7.02,6.08,14.81,7.94,7.35
2024,21,-999.0,-999.0,-999.0,96.38,2.21,338.5,1.12,82.38,5.62,5.54,11.23,4.76,9.33
2024,22,-999.0,-999.0,-999.0,96.7,1.27,334.94,0.62,78.5,5.07,4.2,12.09,3.45,8.46
2024,23,-999.0,-999.0,-999.0,96.86,1.79,294.38,0.02,84.38,5.49,2.34,14.08,4.33,11.67
2024,24,-999.0,-999.0,-999.0,96.94,1.56,304.81,0.25,86.81,6.65,6.32,15.11,7.31,9.59
2024,25,-999.0,-999.0,-999.0,96.67,1.88,279.25,0.0,61.5,5.37,6.76,20.48,4.34,12.55
2024,26,-999.0,-999.0,-999.0,96.48,1.55,284.38,0.0,59.19,6.1,9.22,21.69,6.02,12.56
2024,27,-999.0,-999.0,-999.0,96.4,1.12,130.25,0.0,53.19,5.43,9.98,22.15,4.27,12.61
2024,28,-999.0,-999.0,-999.0,96.26,1.25,143.81,0.0,62.5,5.74,7.69,21.82,5.05,12.78
2024,29,-999.0,-999.0,-999.0,96.24,1.69,199.56,0.0,75.25,6.16,5.48,19.21,6.19,12.98
2024,30,-999.0,-999.0,-999.0,96.36,1.49,227.81,0.0,81.0,6.35,4.32,18.65,6.5,13.12
2024,31,-999.0,-999.0,-999.0,96.56,1.41,212.0,0.12,83.25,6.65,5.17,17.01,7.26,11.74
2024,32,-999.0,-999.0,-999.0,96.49,1.54,316.25,0.41,87.56,6.84,6.96,13.94,7.74,9.14
2024,33,-999.0,-999.0,-999.0,96.27,2.85,274.44,3.21,90.0,6.65,4.94,12.95,7.17,3.66
2024,34,-999.0,-999.0,-999.0,96.47,1.26,62.06,0.52,82.81,6.29,5.17,15.4,6.45,12.43
2024,35,-999.0,-999.0,-999.0,96.47,1.41,220.81,0.0,74.5,5.74,3.46,18.76,5.01,13.58
2024,36,-999.0,-999.0,-999.0,96.32,2.11,225.62,0.0,58.38,4.88,4.61,21.48,2.87,13.98
2024,37,-999.0,-999.0,-999.0,95.93,2.83,218.94,0.0,52.25,4.39,6.25,20.34,1.3,11.46
2024,38,-999.0,-999.0,-999.0,95.54,2.71,266.56,0.0,68.81,5.19,4.33,16.01,3.42,13.55
2024,39,-999.0,-999.0,-999.0,95.11,2.96,225.12,0.0,57.25,4.46,3.71,18.83,1.35,14.24
2024,40,-999.0,-999.0,-999.0,93.98,6.09,207.62,0.1,43.5,4.09,7.86,20.19,-0.13,6.51
2024,41,-999.0,-999.0,-999.0,93.38,5.87,244.38,1.43,68.5,5.92,7.97,15.82,5.28,6.42
2024,42,-999.0,-999.0,-999.0,94.28,4.53,282.31,0.69,71.62,5.31,4.02,12.96,3.73,11.91
2024,43,-999.0,-999.0,-999.0,94.7,3.67,279.06,2.23,86.12,7.39,3.67,17.77,8.33,8.01
2024,44,-999.0,-999.0,-999.0,95.56,2.79,300.31,0.15,82.62,6.9,6.85,17.02,7.32,15.04
2024,45,-999.0,-999.0,-999.0,95.95,1.15,211.0,0.04,70.94,5.8,6.73,20.15,5.0,15.49
2024,46,-999.0,-999.0,-999.0,95.42,3.19,205.25,0.0,61.06,6.16,7.79,21.36,5.97,12.33
2024,47,-999.0,-999.0,-999.0,95.21,2.09,271.44,7.24,73.5,6.84,8.81,18.33,7.49,3.36
2024,48,-999.0,-999.0,-999.0,95.56,1.38,109.31,4.94,88.31,7.45,8.58,14.08,8.92,7.84
2024,49,-999.0,-999.0,-999.0,96.4,1.56,59.69,0.44,85.81,7.39,8.01,16.98,8.84,14.94
2024,50,-999.0,-999.0,-999.0,96.29,2.06,293.94,0.33,87.38,7.08,7.0,15.55,8.15,11.11
2024,51,-999.0,-999.0,-999.0,95.9,4.15,320.56,3.25,87.62,6.65,7.9,11.49,7.25,-999.0
2024,52,-999.0,-999.0,-999.0,95.86,2.41,326.19,1.06,85.12,6.53,6.94,14.11,7.0,-999.0
2024,53,-999.0,-999.0,-999.0,95.19,3.58,213.19,0.01,66.0,5.37,4.8,19.55,3.94,-999.0
2024,54,-999.0,-999.0,-999.0,-999.0,-999.0,-999.0,-999.0,-999.0,-999.0,-999.0,-999.0,-999.0,-999.0
2024,55,-999.0,-999.0,-999.0,-999.0,-999.0,-999.0,-999.0,-999.0,-999.0,-999.0,-999.0,-999.0,-999.0
